2.187770
2.103699
2.053683
2.053683
2.103699
2.187770
2.296073
2.414546
2.535586
2.647536
2.745335
2.819956
2.869045
2.886325
2.872218
2.823217
2.742481
2.629156
2.488949
2.323391
2.140363
1.943298
1.741644
1.539960
1.348269
1.170969
1.016983
0.888388
0.790416
0.720130
0.677223
0.653897
0.647079
0.648569
0.656724
0.665585
0.675712
0.683021
0.689326
0.691446
0.691581
0.686883
0.679611
0.667273
0.652511
0.633979
0.615919
0.599986
0.594243
0.605610
0.646562
0.725965
0.852095
1.025008
1.242729
1.497432
1.782104
2.086271
2.401779
2.718019
3.027347
3.320132
3.590052
3.829075
4.032693
4.194866
4.313207
4.383897
4.406831
4.380498
4.307092
4.187357
4.025669
3.824850
3.591213
3.329353
3.047160
2.750583
2.448609
2.147993
1.858182
1.585975
1.340311
1.126750
0.951906
0.817552
0.724651
0.667884
0.641119
0.634570
0.641257
0.653746
0.668432
0.681414
0.691755
0.697781
0.700067
0.698422
0.694690
0.690366
0.689132
0.694917
0.713776
0.751794
0.815584
0.909735
1.036876
1.196391
1.385658
1.599874
1.833474
2.079892
2.332683
2.585073
2.830885
3.063982
3.279093
3.471202
3.636325
3.770858
3.872320
3.938676
3.969045
3.963000
3.921251
3.844920
3.736201
3.597613
3.432640
3.244968
3.039100
2.819582
2.591594
2.360162
2.130723
1.908312
1.698084
1.504453
1.331538
1.182241
1.058601
0.960906
0.888166
0.837644
0.805807
0.788440
0.781694
0.782161
0.787433
0.795936
0.807085
0.821114
0.839032
0.862519
0.893696
0.935028
0.988869
1.057352
1.141859
1.243068
1.360580
1.493250
1.638983
1.795226
1.958810
2.126455
2.294581
2.459780
2.618574
2.767858
2.904616
3.026333
3.130689
3.215941
3.280599
3.323787
3.344899
3.343949
3.321206
3.277528
3.213988
3.132198
3.033913
2.921353
2.796797
2.662894
2.522247
2.377719
2.232009
2.087950
1.948077
1.814920
1.690566
1.576957
1.475447
1.387136
1.312457
1.251567
1.204010
1.169196
1.146120
1.133893
1.131455
1.138079
1.153003
1.175875
1.206297
1.244216
1.289422
1.341922
1.401431
1.467770
1.540371
1.618715
1.701869
1.788956
1.878719
1.970012
2.061371
2.151522
2.238950
2.322400
2.400453
2.472013
2.535873
2.591204
2.637103
2.673077
2.698582
2.713498
2.717661
2.711331
2.694712
2.668417
2.632984
2.589329
2.538261
2.480931
2.418339
2.351780
2.282356
2.211410
2.140043
2.069545
2.000915
1.935297
1.873495
1.816426
1.764639
1.718774
1.679094
1.645955
1.619351
1.599392
1.585854
1.578664
1.577451
1.582026
1.591934
1.606918
1.626476
1.650312
1.677888
1.708875
1.742701
1.779001
1.817170
1.856809
1.897286
1.938182
1.978855
2.018889
2.057660
2.094781
2.129676
2.162020
2.191314
2.217325
2.239657
2.258188
2.272644
2.283028
2.289198
2.291286
2.289278
2.283431
2.273848
2.260895
2.244775
2.225939
2.204665
2.181460
2.156645
2.130756
2.104123
2.077276
2.050526
2.024369
1.999069
1.975060
1.952539
1.931865
1.913152
1.896675
1.882463
1.870704
1.861344
1.854491
1.850021
1.847970
1.848154
1.850554
1.854937
1.861242
1.869203
1.878729
1.889529
1.901495
1.914326
1.927904
1.941926
1.956276
1.970658
1.984966
1.998923
2.012439
2.025261
2.037328
2.048417
2.058499
2.067389
2.075093
2.081468
2.086559
2.090262
2.092664
2.093700
2.093493
2.092015
2.089422
2.085714
2.081074
2.075526
2.069270
2.062346
2.054962
2.047165
2.039164
2.031004
2.022887
2.014849
2.007078
1.999594
1.992565
1.985994
1.980025
1.974637
1.969952
1.965925
1.962653
1.960070
1.958249
1.957104
1.956687
1.956895
1.957763
1.959176
1.961153
1.963571
1.966440
1.969630
1.973147
1.976858
1.980768
1.984747
1.988800
1.992802
1.996765
2.000571
2.004237
2.007656
2.010855
2.013737
2.016339
2.018578
2.020499
2.022032
2.023234
2.024044
2.024530
2.024642
2.024456
2.023930
2.023147
2.022073
2.020796
2.019286
2.017633
2.015812
2.013913
2.011910
2.009892
2.007835
2.005822
2.003826
2.001927
2.000094
1.998400
1.996811
1.995394
1.994108
1.993014
1.992067
1.991322
1.990727
1.990332
1.990083
1.990022
1.990091
1.990330
1.990679
1.991172
1.991748
1.992440
1.993186
1.994016
1.994870
1.995778
1.996681
1.997609
1.998504
1.999398
2.000236
2.001051
2.001791
2.002491
2.003103
2.003662
2.004125
2.004529
2.004832
2.005076
2.005221
2.005309
2.005305
2.005250
2.005112
2.004934
2.004684
2.004406
2.004070
2.003719
2.003325
2.002928
2.002503
2.002088
2.001657
2.001250
2.000837
2.000458
2.000083
1.999750
1.999428
1.999154
1.998896
1.998689
1.998501
1.998364
1.998247
1.998179
1.998130
1.998127
1.998140
1.998195
1.998260
1.998362
1.998470
1.998608
1.998746
1.998909
1.999065
1.999240
1.999404
1.999580
1.999740
1.999908
2.000055
2.000207
2.000335
2.000463
2.000567
2.000668
2.000744
2.000817
2.000864
2.000907
2.000926
2.000942
2.000934
2.000925
2.000894
2.000864
2.000815
2.000768
2.000705
2.000646
2.000574
2.000509
2.000432
2.000365
2.000288
2.000223
2.000150
2.000090
2.000025
1.999973
1.999917
1.999876
1.999831
1.999801
1.999768
1.999749
1.999728
1.999721
1.999711
1.999714
1.999713
1.999725
1.999733
1.999752
1.999767
1.999791
1.999810
1.999838
1.999859
1.999889
1.999911
1.999940
1.999962
1.999989
2.000009
2.000034
2.000050
2.000071
2.000083
2.000100
2.000109
2.000121
2.000125
2.000133
2.000133
2.000137
2.000134
2.000134
2.000127
2.000125
2.000115
2.000110
2.000099
2.000093
2.000080
2.000073
2.000060
2.000053
2.000040
2.000033
2.000021
2.000015
2.000004
1.999999
1.999990
1.999986
1.999978
1.999976
1.999970
1.999969
1.999965
1.999966
1.999963
1.999965
1.999963
1.999966
1.999966
1.999970
1.999970
1.999975
1.999976
1.999981
1.999982
1.999987
1.999989
1.999994
1.999995
2.000000
2.000001
2.000005
2.000006
2.000009
2.000010
2.000013
2.000013
2.000015
2.000014
2.000016
2.000015
2.000017
2.000015
2.000016
2.000014
2.000015
2.000013
2.000013
2.000011
2.000011
2.000009
2.000009
2.000007
2.000007
2.000004
2.000004
2.000002
2.000002
2.000000
2.000000
1.999999
1.999999
1.999997
1.999998
1.999997
1.999997
1.999996
1.999997
1.999996
1.999997
1.999996
1.999997
1.999996
1.999997
1.999997
1.999998
1.999997
1.999998
1.999998
1.999999
1.999999
2.000000
1.999999
2.000000
2.000000
2.000001
2.000000
2.000001
2.000001
2.000002
2.000001
2.000002
2.000001
2.000002
2.000001
2.000002
2.000001
2.000002
2.000001
2.000002
2.000001
2.000002
2.000001
2.000001
2.000001
2.000001
2.000000
2.000001
2.000000
2.000001
2.000000
2.000000
2.000000
2.000000
2.000000
2.000000
2.000000
2.000000
2.000000
2.000000
1.999999
2.000000
1.999999
2.000000
1.999999
2.000000
2.000000
2.000000
2.000000
2.000000
2.000000
2.000000
2.000000
2.000000
2.000000
2.000000
2.000000
2.000000
2.000000
2.000000
2.000000
2.000000
2.000000
2.000000
2.000000
2.000000
2.000000
2.000000
2.000000
2.000000
2.000000
2.000000
2.000000
2.000000
2.000000
2.000000
2.000000
2.000000
2.000000
2.000000
2.000000
2.000000
2.000000
2.000000
2.000000
2.000000
2.000000
2.000000
2.000000
2.000000
2.000000
2.000000
2.000000
2.000000
2.000000
2.000000
2.000000
2.000000
2.000000
2.000000
2.000000
2.000000
2.000000
2.000000
2.000000
2.000000
2.000000
2.000000
2.000000
2.000000
2.000000
2.000000
2.000000
2.000000
2.000000
2.000000
2.000000
2.000000
2.000000
2.000000
2.000000
2.000000
2.000000
2.000000
2.000000
2.000000
2.000000
2.000000
2.000000
2.000000
2.000000
2.000000
2.000000
2.000000
2.000000
2.000000
2.000000
2.000000
2.000000
2.000000
2.000000
2.000000
2.000000
2.000000
2.000000
2.000000
2.000000
2.000000
2.000000
2.000000
2.000000
2.000000
2.000000
2.000000
2.000000
2.000000
2.000000
2.000000
2.000000
2.000000
2.000000
2.000000
2.000000
2.000000
2.000000
2.000000
2.000000
2.000000
2.000000
2.000000
2.000000
2.000000
2.000000
2.000000
2.000000
2.000000
2.000000
2.000000
2.000000
2.000000
2.000000
2.000000
2.000000
2.000000
2.000000
2.000000
2.000000
2.000000
2.000000
2.000000
2.000000
2.000000
2.000000
2.000000
2.000000
2.000000
2.000000
2.000000
2.000000
2.000000
2.000000
2.000000
2.000000
2.000000
2.000000
2.000000
2.000000
2.000000
2.000000
2.000000
2.000000
2.000000
2.000000
2.000000
2.000000
2.000000
2.000000
2.000000
2.000000
2.000000
2.000000
2.000000
2.000000
2.000000
2.000000
2.000000
2.000000
2.000000
2.000000
2.000000
2.000000
2.000000
2.000000
2.000000
2.000000
2.000000
2.000000
2.000000
2.000000
2.000000
2.000000
2.000000
2.000000
2.000000
2.000000
2.000000
2.000000
2.000000
2.000000
2.000000
2.000000
2.000000
2.000000
2.000000
2.000000
2.000000
2.000000
2.000000
2.000000
2.000000
2.000000
2.000000
2.000000
2.000000
2.000000
2.000000
2.000000
2.000000
2.000000
2.000000
2.000000
2.000000
2.000000
2.000000
2.000000
2.000000
2.000000
2.000000
2.000000
2.000000
2.000000
2.000000
2.000000
2.000000
2.000000
2.000000
2.000000
2.000000
2.000000
2.000000
2.000000
2.000000
2.000000
2.000000
2.000000
2.000000
2.000000
2.000000
2.000000
2.000000
2.000000
2.000000
2.000000
2.000000
2.000000
2.000000
2.000000
2.000000
2.000000
2.000000
2.000000
2.000000
2.000000
2.000000
2.000000
2.000000
2.000000
2.000000
2.000000
2.000000
2.000000
2.000000
2.000000
2.000000
2.000000
2.000000
2.000000
2.000000
2.000000
2.000000
2.000000
2.000000
2.000000
2.000000
2.000000
2.000000
2.000000
2.000000
2.000000
2.000000
2.000000
2.000000
2.000000
2.000000
2.000000
2.000000
2.000000
2.000000
2.000000
2.000000
2.000000
2.000000
2.000000
2.000000
2.000000
2.000000
