2.208291
2.113301
2.056450
2.056450
2.113301
2.208291
2.331830
2.467477
2.608237
2.740410
2.859805
2.955560
3.026338
3.064140
3.070484
3.040197
2.977562
2.880089
2.754609
2.601012
2.428286
2.238208
2.041296
1.840443
1.646741
1.463007
1.299417
1.156921
1.042696
0.953757
0.892665
0.852155
0.831462
0.821925
0.822746
0.826691
0.834480
0.840798
0.847572
0.850792
0.852906
0.850661
0.846669
0.838363
0.828706
0.816352
0.805438
0.797015
0.797665
0.811958
0.849029
0.915139
1.017647
1.158363
1.337729
1.550857
1.792601
2.054386
2.328878
2.606581
2.880091
3.140504
3.381461
3.595476
3.777869
3.923050
4.028394
4.090478
4.108912
4.082549
4.013261
3.902128
3.753170
3.569504
3.357040
3.120609
2.867616
2.604135
2.338505
2.077380
1.829220
1.600248
1.397743
1.225835
1.088521
0.985509
0.915430
0.872813
0.852283
0.846749
0.851163
0.860400
0.871684
0.882319
0.891395
0.897919
0.902183
0.904429
0.905968
0.908330
0.914076
0.926289
0.948901
0.986220
1.042530
1.121507
1.225399
1.354877
1.508591
1.683775
1.876157
2.080838
2.292157
2.504519
2.712113
2.909646
3.091955
3.254671
3.393762
3.506154
3.589227
3.641398
3.661586
3.649768
3.606404
3.532975
3.431383
3.304461
3.155345
2.987971
2.806418
2.615380
2.419482
2.223728
2.032772
1.851334
1.683414
1.532670
1.401588
1.291885
1.203748
1.136465
1.087921
1.055609
1.036313
1.027248
1.025587
1.029442
1.037117
1.047969
1.061496
1.078179
1.098494
1.123764
1.155106
1.194264
1.242485
1.301326
1.371506
1.453748
1.547701
1.652888
1.767741
1.890659
2.019123
2.150793
2.282654
2.412104
2.536085
2.652149
2.757560
2.850339
2.928333
2.990237
3.034643
3.061036
3.068826
3.058323
3.029750
2.984204
2.922654
2.846885
2.758483
2.659765
2.552752
2.440089
2.324006
2.207225
2.091915
1.980591
1.875070
1.777367
1.688672
1.610264
1.542528
1.485923
1.440058
1.404710
1.378967
1.362256
1.353507
1.352156
1.357280
1.368542
1.385298
1.407483
1.434700
1.467060
1.504279
1.546486
1.593344
1.644847
1.700467
1.759959
1.822538
1.887693
1.954394
2.021909
2.089037
2.154925
2.218315
2.278350
2.333836
2.384031
2.427912
2.464954
2.494385
2.515966
2.529233
2.534265
2.530927
2.519622
2.500531
2.474351
2.441539
2.403035
2.359504
2.312051
2.261467
2.208930
2.155260
2.101612
2.048738
1.997678
1.949028
1.903641
1.861901
1.824426
1.791371
1.763115
1.739598
1.720998
1.707083
1.697888
1.693072
1.692581
1.696017
1.703284
1.713962
1.727933
1.744768
1.764333
1.786189
1.810178
1.835844
1.863001
1.891168
1.920132
1.949391
1.978711
2.007582
2.035767
2.062769
2.088370
2.112110
2.133816
2.153090
2.169827
2.183712
2.194728
2.202655
2.207575
2.209371
2.208225
2.204121
2.197333
2.187936
2.176279
2.162509
2.147032
2.130041
2.111974
2.093043
2.073690
2.054121
2.034756
2.015773
1.997549
1.980215
1.964089
1.949245
1.935937
1.924174
1.914145
1.905801
1.899268
1.894443
1.891401
1.889994
1.890252
1.891997
1.895224
1.899728
1.905480
1.912260
1.920020
1.928532
1.937736
1.947400
1.957461
1.967689
1.978023
1.988241
1.998290
2.007962
2.017217
2.025869
2.033896
2.041135
2.047590
2.053126
2.057772
2.061426
2.064144
2.065855
2.066643
2.066465
2.065430
2.063523
2.060874
2.057487
2.053507
2.048956
2.043988
2.038631
2.033042
2.027253
2.021416
2.015560
2.009828
2.004238
1.998920
1.993881
1.989234
1.984971
1.981185
1.977853
1.975051
1.972738
1.970972
1.969700
1.968963
1.968694
1.968920
1.969566
1.970647
1.972080
1.973871
1.975933
1.978268
1.980785
1.983484
1.986275
1.989156
1.992041
1.994931
1.997745
2.000487
2.003082
2.005540
2.007795
2.009862
2.011686
2.013287
2.014619
2.015711
2.016525
2.017097
2.017397
2.017467
2.017286
2.016901
2.016295
2.015520
2.014565
2.013481
2.012263
2.010963
2.009575
2.008151
2.006686
2.005231
2.003777
2.002373
2.001008
1.999727
1.998517
1.997416
1.996408
1.995528
1.994756
1.994121
1.993601
1.993219
1.992950
1.992814
1.992783
1.992873
1.993055
1.993341
1.993701
1.994145
1.994643
1.995204
1.995797
1.996430
1.997074
1.997736
1.998389
1.999041
1.999666
2.000272
2.000837
2.001369
2.001849
2.002286
2.002663
2.002991
2.003255
2.003469
2.003618
2.003718
2.003757
2.003750
2.003688
2.003587
2.003438
2.003259
2.003042
2.002804
2.002537
2.002260
2.001964
2.001667
2.001361
2.001063
2.000765
2.000482
2.000207
1.999954
1.999714
1.999500
1.999304
1.999136
1.998989
1.998872
1.998776
1.998709
1.998663
1.998644
1.998644
1.998669
1.998708
1.998769
1.998841
1.998931
1.999028
1.999137
1.999250
1.999371
1.999491
1.999615
1.999735
1.999855
1.999967
2.000077
2.000176
2.000271
2.000353
2.000429
2.000493
2.000548
2.000590
2.000625
2.000647
2.000661
2.000663
2.000659
2.000644
2.000624
2.000594
2.000561
2.000521
2.000478
2.000431
2.000382
2.000331
2.000280
2.000228
2.000178
2.000127
2.000081
2.000035
1.999995
1.999955
1.999922
1.999890
1.999864
1.999841
1.999824
1.999809
1.999800
1.999793
1.999791
1.999792
1.999797
1.999804
1.999814
1.999826
1.999841
1.999856
1.999873
1.999891
1.999910
1.999928
1.999947
1.999964
1.999983
1.999999
2.000015
2.000029
2.000043
2.000055
2.000066
2.000074
2.000082
2.000087
2.000092
2.000094
2.000096
2.000096
2.000095
2.000092
2.000089
2.000084
2.000079
2.000073
2.000067
2.000060
2.000053
2.000045
2.000039
2.000031
2.000024
2.000017
2.000011
2.000005
2.000000
1.999994
1.999990
1.999986
1.999983
1.999980
1.999978
1.999976
1.999975
1.999974
1.999974
1.999974
1.999975
1.999976
1.999977
1.999979
1.999981
1.999983
1.999985
1.999987
1.999989
1.999992
1.999994
1.999996
1.999998
2.000000
2.000002
2.000004
2.000006
2.000007
2.000008
2.000009
2.000010
2.000011
2.000011
2.000011
2.000011
2.000011
2.000011
2.000011
2.000010
2.000010
2.000009
2.000008
2.000008
2.000007
2.000006
2.000005
2.000004
2.000003
2.000003
2.000002
2.000001
2.000001
2.000000
1.999999
1.999999
1.999998
1.999998
1.999998
1.999998
1.999997
1.999997
1.999997
1.999997
1.999997
1.999997
1.999998
1.999998
1.999998
1.999998
1.999998
1.999999
1.999999
1.999999
1.999999
1.999999
2.000000
2.000000
2.000000
2.000000
2.000000
2.000001
2.000001
2.000001
2.000001
2.000001
2.000001
2.000001
2.000001
2.000001
2.000001
2.000001
2.000001
2.000001
2.000001
2.000001
2.000001
2.000001
2.000001
2.000001
2.000000
2.000000
2.000000
2.000000
2.000000
2.000000
2.000000
2.000000
2.000000
2.000000
2.000000
2.000000
2.000000
2.000000
2.000000
2.000000
2.000000
2.000000
2.000000
2.000000
2.000000
2.000000
2.000000
2.000000
2.000000
2.000000
2.000000
2.000000
2.000000
2.000000
2.000000
2.000000
2.000000
2.000000
2.000000
2.000000
2.000000
2.000000
2.000000
2.000000
2.000000
2.000000
2.000000
2.000000
2.000000
2.000000
2.000000
2.000000
2.000000
2.000000
2.000000
2.000000
2.000000
2.000000
2.000000
2.000000
2.000000
2.000000
2.000000
2.000000
2.000000
2.000000
2.000000
2.000000
2.000000
2.000000
2.000000
2.000000
2.000000
2.000000
2.000000
2.000000
2.000000
2.000000
2.000000
2.000000
2.000000
2.000000
2.000000
2.000000
2.000000
2.000000
2.000000
2.000000
2.000000
2.000000
2.000000
2.000000
2.000000
2.000000
2.000000
2.000000
2.000000
2.000000
2.000000
2.000000
2.000000
2.000000
2.000000
2.000000
2.000000
2.000000
2.000000
2.000000
2.000000
2.000000
2.000000
2.000000
2.000000
2.000000
2.000000
2.000000
2.000000
2.000000
2.000000
2.000000
2.000000
2.000000
2.000000
2.000000
2.000000
2.000000
2.000000
2.000000
2.000000
2.000000
2.000000
2.000000
2.000000
2.000000
2.000000
2.000000
2.000000
2.000000
2.000000
2.000000
2.000000
2.000000
2.000000
2.000000
2.000000
2.000000
2.000000
2.000000
2.000000
2.000000
2.000000
2.000000
2.000000
2.000000
2.000000
2.000000
2.000000
2.000000
2.000000
2.000000
2.000000
2.000000
2.000000
2.000000
2.000000
2.000000
2.000000
2.000000
2.000000
2.000000
2.000000
2.000000
2.000000
2.000000
2.000000
2.000000
2.000000
2.000000
2.000000
2.000000
2.000000
2.000000
2.000000
2.000000
2.000000
2.000000
2.000000
2.000000
2.000000
2.000000
2.000000
2.000000
2.000000
2.000000
2.000000
2.000000
2.000000
2.000000
2.000000
2.000000
2.000000
2.000000
2.000000
2.000000
2.000000
2.000000
2.000000
2.000000
2.000000
2.000000
2.000000
2.000000
2.000000
2.000000
2.000000
2.000000
2.000000
2.000000
2.000000
2.000000
2.000000
2.000000
2.000000
2.000000
2.000000
2.000000
2.000000
2.000000
2.000000
2.000000
2.000000
2.000000
2.000000
2.000000
2.000000
2.000000
2.000000
2.000000
2.000000
2.000000
2.000000
2.000000
2.000000
2.000000
2.000000
2.000000
2.000000
2.000000
2.000000
2.000000
2.000000
2.000000
2.000000
2.000000
2.000000
2.000000
2.000000
2.000000
2.000000
2.000000
2.000000
2.000000
2.000000
2.000000
2.000000
2.000000
2.000000
2.000000
2.000000
2.000000
2.000000
2.000000
2.000000
2.000000
2.000000
2.000000
2.000000
2.000000
2.000000
2.000000
2.000000
2.000000
2.000000
2.000000
2.000000
2.000000
2.000000
2.000000
2.000000
2.000000
2.000000
2.000000
2.000000
2.000000
2.000000
2.000000
2.000000
2.000000
2.000000
2.000000
2.000000
2.000000
2.000000
2.000000
2.000000
2.000000
2.000000
2.000000
2.000000
2.000000
2.000000
2.000000
2.000000
2.000000
2.000000
2.000000
2.000000
2.000000
2.000000
2.000000
2.000000
2.000000
2.000000
2.000000
2.000000
2.000000
2.000000
2.000000
2.000000
2.000000
2.000000
2.000000
2.000000
2.000000
2.000000
2.000000
