2.164451
2.089533
2.045199
2.045199
2.089533
2.164451
2.259947
2.363913
2.468286
2.563113
2.642666
2.699459
2.730347
2.730501
2.699487
2.635198
2.539905
2.414145
2.262731
2.088591
1.898734
1.698016
1.495044
1.295824
1.109532
0.941917
0.800795
0.688993
0.609618
0.559095
0.533970
0.525798
0.529748
0.538670
0.550639
0.561357
0.571337
0.577904
0.582610
0.583271
0.581597
0.575375
0.566217
0.551980
0.534596
0.512924
0.490720
0.470242
0.460278
0.470154
0.515193
0.606623
0.752043
0.949312
1.194004
1.476589
1.788825
2.119543
2.460063
2.799511
3.129990
3.441773
3.728393
3.981792
4.197366
4.369079
4.494476
4.569758
4.594767
4.568024
4.491679
4.366521
4.196893
3.985674
3.739160
3.462025
3.162170
2.845664
2.521566
2.196837
1.881138
1.581688
1.307981
1.066512
0.865213
0.707705
0.596979
0.529089
0.497576
0.490710
0.499379
0.514471
0.531528
0.546098
0.557130
0.562727
0.563498
0.559065
0.551393
0.541997
0.535159
0.535668
0.551350
0.590264
0.660960
0.768549
0.915051
1.098248
1.314042
1.556145
1.818069
2.092350
2.372111
2.650042
2.919800
3.174893
3.410015
3.619888
3.800559
3.948212
4.060435
4.135007
4.171141
4.168245
4.127137
4.048789
3.935519
3.789712
3.614994
3.414937
3.194214
2.957290
2.709564
2.456046
2.202480
1.954012
1.716282
1.494056
1.292266
1.114564
0.964232
0.842632
0.750019
0.684168
0.641645
0.617346
0.606415
0.604104
0.607135
0.613097
0.621158
0.631383
0.645167
0.664664
0.692956
0.733421
0.789498
0.863985
0.958707
1.074185
1.209683
1.363335
1.532416
1.713581
1.903097
2.097033
2.291409
2.482325
2.666045
2.839092
2.998293
3.140845
3.264336
3.366794
3.446680
3.502928
3.534918
3.542498
3.525948
3.485986
3.423720
3.340638
3.238555
3.119598
2.986132
2.840746
2.686175
2.525274
2.360940
2.196080
2.033527
1.876006
1.726044
1.585936
1.457643
1.342764
1.242444
1.157370
1.087719
1.033240
0.993275
0.966952
0.953256
0.951268
0.960165
0.979407
1.008595
1.047576
1.096201
1.154397
1.221909
1.298405
1.383246
1.475659
1.574544
1.678702
1.786657
1.896916
2.007796
2.117687
2.224878
2.327813
2.424909
2.514807
2.596175
2.667955
2.729154
2.779084
2.817141
2.843039
2.856584
2.857895
2.847176
2.824928
2.791712
2.748364
2.695749
2.634968
2.567113
2.493472
2.415281
2.333924
2.250684
2.166949
2.083958
2.003007
1.925201
1.851659
1.783270
1.720907
1.665187
1.616695
1.575748
1.542636
1.517393
1.500045
1.490390
1.488251
1.493250
1.505069
1.523209
1.547255
1.576627
1.610834
1.649234
1.691278
1.736270
1.783621
1.832598
1.882589
1.932853
1.982784
2.031664
2.078929
2.123918
2.166143
2.205036
2.240214
2.271229
2.297829
2.319705
2.336749
2.348801
2.355904
2.358044
2.355410
2.348126
2.336512
2.320811
2.301451
2.278771
2.253278
2.225376
2.195619
2.164443
2.132418
2.099975
2.067666
2.035890
2.005148
1.975780
1.948213
1.922703
1.899589
1.879032
1.861272
1.846369
1.834464
1.825522
1.819591
1.816548
1.816362
1.818839
1.823883
1.831240
1.840768
1.852173
1.865277
1.879764
1.895439
1.911972
1.929166
1.946694
1.964368
1.981877
1.999052
2.015608
2.031408
2.046201
2.059889
2.072265
2.083272
2.092753
2.100699
2.106999
2.111696
2.114727
2.116179
2.116035
2.114425
2.111370
2.107036
2.101475
2.094879
2.087324
2.079018
2.070050
2.060636
2.050867
2.040957
2.030990
2.021171
2.011568
2.002366
1.993616
1.985478
1.977975
1.971242
1.965275
1.960178
1.955919
1.952575
1.950086
1.948502
1.947741
1.947828
1.948661
1.950247
1.952467
1.955316
1.958662
1.962492
1.966669
1.971174
1.975870
1.980739
1.985647
1.990579
1.995409
2.000131
2.004627
2.008901
2.012849
2.016487
2.019724
2.022590
2.025007
2.027019
2.028563
2.029694
2.030364
2.030639
2.030480
2.029967
2.029069
2.027872
2.026354
2.024605
2.022609
2.020459
2.018139
2.015743
2.013256
2.010769
2.008264
2.005830
2.003443
2.001187
1.999033
1.997057
1.995226
1.993608
1.992163
1.990952
1.989927
1.989143
1.988546
1.988185
1.988001
1.988036
1.988227
1.988612
1.989124
1.989799
1.990568
1.991463
1.992416
1.993459
1.994522
1.995638
1.996740
1.997860
1.998935
1.999997
2.000987
2.001940
2.002799
2.003602
2.004297
2.004924
2.005433
2.005868
2.006183
2.006425
2.006550
2.006606
2.006554
2.006443
2.006235
2.005981
2.005645
2.005279
2.004847
2.004401
2.003906
2.003413
2.002889
2.002382
2.001858
2.001367
2.000871
2.000420
1.999975
1.999583
1.999207
1.998889
1.998592
1.998357
1.998145
1.997995
1.997869
1.997803
1.997757
1.997769
1.997795
1.997874
1.997963
1.998096
1.998233
1.998408
1.998578
1.998780
1.998970
1.999184
1.999380
1.999593
1.999783
1.999984
2.000157
2.000337
2.000485
2.000637
2.000755
2.000873
2.000957
2.001040
2.001089
2.001138
2.001152
2.001168
2.001152
2.001138
2.001094
2.001056
2.000991
2.000934
2.000852
2.000782
2.000690
2.000612
2.000517
2.000437
2.000342
2.000265
2.000175
2.000106
2.000025
1.999966
1.999897
1.999850
1.999795
1.999762
1.999721
1.999701
1.999675
1.999669
1.999655
1.999662
1.999660
1.999677
1.999685
1.999711
1.999726
1.999758
1.999779
1.999814
1.999838
1.999876
1.999900
1.999937
1.999961
1.999996
2.000017
2.000049
2.000066
2.000093
2.000106
2.000128
2.000135
2.000152
2.000155
2.000167
2.000164
2.000171
2.000164
2.000166
2.000156
2.000155
2.000141
2.000137
2.000121
2.000116
2.000098
2.000092
2.000074
2.000067
2.000050
2.000043
2.000027
2.000021
2.000006
2.000002
1.999988
1.999986
1.999974
1.999974
1.999964
1.999965
1.999958
1.999961
1.999955
1.999960
1.999955
1.999961
1.999958
1.999965
1.999963
1.999971
1.999970
1.999978
1.999978
1.999986
1.999985
1.999993
1.999993
2.000001
2.000000
2.000007
2.000006
2.000012
2.000011
2.000017
2.000014
2.000020
2.000017
2.000021
2.000018
2.000022
2.000018
2.000021
2.000017
2.000020
2.000015
2.000018
2.000013
2.000015
2.000010
2.000012
2.000007
2.000010
2.000005
2.000007
2.000002
2.000004
2.000000
2.000002
1.999998
2.000000
1.999996
1.999999
1.999995
1.999998
1.999994
1.999997
1.999994
1.999997
1.999994
1.999997
1.999994
1.999998
1.999995
1.999998
1.999996
1.999999
1.999996
2.000000
1.999997
2.000000
1.999998
2.000001
1.999999
2.000002
1.999999
2.000002
2.000000
2.000003
2.000000
2.000003
2.000001
2.000003
2.000001
2.000003
2.000001
2.000003
2.000001
2.000003
2.000001
2.000003
2.000000
2.000002
2.000000
2.000002
2.000000
2.000002
2.000000
2.000002
1.999999
2.000001
1.999999
2.000001
1.999999
2.000001
1.999999
2.000001
1.999999
2.000001
1.999999
2.000001
1.999999
2.000001
1.999999
2.000001
1.999999
2.000001
1.999999
2.000001
1.999999
2.000001
1.999999
2.000001
1.999999
2.000001
1.999999
2.000001
1.999999
2.000001
1.999999
2.000001
1.999999
2.000001
1.999999
2.000001
1.999999
2.000001
1.999999
2.000001
1.999999
2.000001
1.999999
2.000001
1.999999
2.000001
1.999999
2.000001
1.999999
2.000001
1.999999
2.000001
1.999999
2.000001
1.999999
2.000001
1.999999
2.000001
1.999999
2.000001
1.999999
2.000001
1.999999
2.000001
1.999999
2.000000
1.999999
2.000000
1.999999
2.000000
1.999999
2.000000
1.999999
2.000000
2.000000
2.000000
2.000000
2.000000
2.000000
2.000000
2.000000
2.000000
2.000000
2.000000
2.000000
2.000000
2.000000
2.000000
2.000000
2.000000
2.000000
2.000000
2.000000
2.000000
2.000000
2.000000
2.000000
2.000000
2.000000
2.000000
2.000000
2.000000
2.000000
2.000000
2.000000
2.000000
2.000000
2.000000
2.000000
2.000000
2.000000
2.000000
2.000000
2.000000
2.000000
2.000000
2.000000
2.000000
2.000000
2.000000
2.000000
2.000000
2.000000
2.000000
2.000000
2.000000
2.000000
2.000000
2.000000
2.000000
2.000000
2.000000
2.000000
2.000000
2.000000
2.000000
2.000000
2.000000
2.000000
2.000000
2.000000
2.000000
2.000000
2.000000
2.000000
2.000000
2.000000
2.000000
2.000000
2.000000
2.000000
2.000000
2.000000
2.000000
2.000000
2.000000
2.000000
2.000000
2.000000
2.000000
2.000000
2.000000
2.000000
2.000000
2.000000
2.000000
2.000000
2.000000
2.000000
2.000000
2.000000
2.000000
2.000000
2.000000
2.000000
2.000000
2.000000
2.000000
2.000000
2.000000
2.000000
2.000000
2.000000
2.000000
2.000000
2.000000
2.000000
2.000000
2.000000
2.000000
2.000000
2.000000
2.000000
2.000000
2.000000
2.000000
2.000000
2.000000
2.000000
2.000000
2.000000
2.000000
2.000000
2.000000
2.000000
2.000000
2.000000
2.000000
2.000000
2.000000
2.000000
2.000000
2.000000
2.000000
2.000000
2.000000
2.000000
2.000000
2.000000
2.000000
2.000000
2.000000
2.000000
2.000000
2.000000
2.000000
2.000000
2.000000
2.000000
2.000000
2.000000
2.000000
2.000000
2.000000
2.000000
2.000000
2.000000
2.000000
2.000000
2.000000
2.000000
2.000000
2.000000
2.000000
2.000000
2.000000
2.000000
2.000000
2.000000
2.000000
2.000000
2.000000
2.000000
2.000000
2.000000
2.000000
2.000000
2.000000
2.000000
2.000000
2.000000
2.000000
2.000000
2.000000
2.000000
2.000000
2.000000
2.000000
2.000000
2.000000
2.000000
2.000000
2.000000
2.000000
2.000000
2.000000
2.000000
2.000000
2.000000
2.000000
2.000000
2.000000
2.000000
2.000000
2.000000
2.000000
2.000000
2.000000
2.000000
2.000000
2.000000
2.000000
2.000000
2.000000
2.000000
2.000000
2.000000
2.000000
2.000000
2.000000
2.000000
2.000000
2.000000
2.000000
2.000000
2.000000
2.000000
2.000000
1.999999
1.999999
1.999999
1.999999
1.999998
1.999998
1.999998
1.999998
1.999997
1.999997
1.999997
1.999997
1.999997
1.999997
1.999997
1.999997
