2.161105
2.066318
2.010591
2.010591
2.066318
2.161105
2.284965
2.423269
2.568192
2.707618
2.836223
2.944575
3.030000
3.085833
3.112105
3.104897
3.066876
2.996720
2.899499
2.776161
2.633746
2.474927
2.308024
2.136612
1.969274
1.809323
1.664226
1.535584
1.428244
1.340909
1.275045
1.226623
1.194652
1.174105
1.163413
1.158300
1.157797
1.158997
1.161664
1.164072
1.166420
1.167818
1.168672
1.168783
1.168803
1.169384
1.171754
1.177792
1.189722
1.210903
1.244519
1.294786
1.364605
1.457098
1.572725
1.711528
1.870402
2.046146
2.232908
2.425583
2.617174
2.802202
2.973900
3.127555
3.257557
3.360685
3.433047
3.473326
3.479636
3.452733
3.392806
3.302650
3.184397
3.042658
2.881187
2.705979
2.521866
2.335562
2.152156
1.978106
1.817618
1.675611
1.554062
1.455131
1.377706
1.320987
1.281390
1.256538
1.242186
1.236176
1.235020
1.237636
1.241661
1.247067
1.252407
1.258419
1.264316
1.271396
1.279430
1.290239
1.304166
1.323560
1.349289
1.384045
1.428859
1.486188
1.556463
1.641054
1.738981
1.849930
1.971224
2.100947
2.235110
2.370817
2.503504
2.630070
2.746110
2.848986
2.935023
3.002514
3.048889
3.073654
3.075535
3.055360
3.013181
2.951110
2.870408
2.774286
2.664966
2.546435
2.421487
2.294428
2.168102
2.046554
1.932061
1.827779
1.734837
1.655019
1.588010
1.534160
1.491926
1.460685
1.438309
1.423898
1.415406
1.412193
1.412678
1.416701
1.423236
1.432598
1.444251
1.458886
1.476338
1.497539
1.522549
1.552382
1.587132
1.627686
1.673945
1.726439
1.784652
1.848576
1.917146
1.989765
2.064838
2.141286
2.217154
2.291104
2.361074
2.425739
2.483196
2.532388
2.571795
2.600824
2.618497
2.624797
2.619364
2.602797
2.575342
2.538168
2.492050
2.438605
2.378984
2.315073
2.248197
2.180287
2.112608
2.046907
1.984167
1.925751
1.872206
1.824403
1.782405
1.746604
1.716656
1.692598
1.673839
1.660235
1.651126
1.646343
1.645287
1.647864
1.653595
1.662492
1.674199
1.688812
1.706060
1.726071
1.748599
1.773742
1.801215
1.831027
1.862802
1.896421
1.931387
1.967441
2.003966
2.040585
2.076596
2.111551
2.144721
2.175657
2.203674
2.228392
2.249240
2.265975
2.278194
2.285836
2.288703
2.286938
2.280554
2.269894
2.255163
2.236872
2.215379
2.191311
2.165117
2.137479
2.108871
2.079958
2.051176
2.023116
1.996124
1.970675
1.946996
1.925427
1.906069
1.889134
1.874611
1.862606
1.853024
1.845896
1.841073
1.838538
1.838116
1.839764
1.843296
1.848653
1.855647
1.864207
1.874139
1.885360
1.897665
1.910955
1.925012
1.939714
1.954829
1.970218
1.985638
2.000936
2.015866
2.030275
2.043927
2.056682
2.068327
2.078751
2.087782
2.095347
2.101327
2.105701
2.108407
2.109481
2.108922
2.106820
2.103229
2.098289
2.092099
2.084836
2.076630
2.067682
2.058138
2.048203
2.038025
2.027801
2.017664
2.007791
1.998293
1.989314
1.980938
1.973273
1.966372
1.960310
1.955106
1.950805
1.947398
1.944903
1.943286
1.942541
1.942619
1.943494
1.945100
1.947400
1.950318
1.953803
1.957773
1.962171
1.966909
1.971925
1.977132
1.982464
1.987836
1.993185
1.998429
2.003511
2.008358
2.012920
2.017135
2.020965
2.024362
2.027303
2.029752
2.031703
2.033138
2.034065
2.034482
2.034412
2.033869
2.032888
2.031496
2.029737
2.027647
2.025279
2.022674
2.019888
2.016963
2.013956
2.010908
2.007871
2.004884
2.001991
1.999226
1.996624
1.994212
1.992016
1.990054
1.988344
1.986893
1.985712
1.984799
1.984156
1.983776
1.983653
1.983771
1.984121
1.984681
1.985438
1.986366
1.987448
1.988658
1.989976
1.991375
1.992834
1.994327
1.995834
1.997332
1.998802
2.000221
2.001576
2.002847
2.004023
2.005090
2.006040
2.006863
2.007555
2.008112
2.008533
2.008819
2.008972
2.008996
2.008898
2.008685
2.008367
2.007952
2.007453
2.006880
2.006246
2.005562
2.004842
2.004097
2.003340
2.002581
2.001832
2.001103
2.000403
1.999740
1.999121
1.998554
1.998043
1.997591
1.997204
1.996880
1.996623
1.996432
1.996305
1.996241
1.996237
1.996290
1.996395
1.996548
1.996744
1.996978
1.997244
1.997537
1.997851
1.998179
1.998518
1.998860
1.999201
1.999537
1.999861
2.000172
2.000464
2.000735
2.000982
2.001202
2.001395
2.001558
2.001692
2.001796
2.001869
2.001914
2.001931
2.001920
2.001885
2.001827
2.001747
2.001649
2.001535
2.001408
2.001269
2.001122
2.000970
2.000814
2.000657
2.000502
2.000350
2.000204
2.000065
1.999935
1.999815
1.999706
1.999609
1.999525
1.999454
1.999395
1.999350
1.999319
1.999299
1.999292
1.999296
1.999311
1.999335
1.999368
1.999409
1.999456
1.999509
1.999566
1.999626
1.999689
1.999752
1.999815
1.999878
1.999939
1.999997
2.000052
2.000103
2.000150
2.000192
2.000229
2.000261
2.000287
2.000308
2.000324
2.000334
2.000339
2.000339
2.000335
2.000326
2.000314
2.000298
2.000280
2.000259
2.000236
2.000211
2.000185
2.000159
2.000132
2.000106
2.000080
2.000055
2.000031
2.000008
1.999988
1.999969
1.999952
1.999937
1.999924
1.999913
1.999905
1.999898
1.999894
1.999892
1.999891
1.999893
1.999896
1.999900
1.999906
1.999913
1.999920
1.999929
1.999938
1.999947
1.999957
1.999966
1.999976
1.999985
1.999994
2.000003
2.000011
2.000018
2.000025
2.000030
2.000035
2.000040
2.000043
2.000046
2.000047
2.000049
2.000049
2.000049
2.000048
2.000046
2.000044
2.000042
2.000039
2.000036
2.000032
2.000029
2.000025
2.000021
2.000018
2.000014
2.000010
2.000007
2.000004
2.000001
1.999998
1.999996
1.999994
1.999992
1.999990
1.999989
1.999988
1.999987
1.999987
1.999986
1.999986
1.999987
1.999987
1.999988
1.999989
1.999990
1.999991
1.999992
1.999993
1.999994
1.999995
1.999996
1.999998
1.999999
2.000000
2.000001
2.000002
2.000002
2.000003
2.000004
2.000004
2.000005
2.000005
2.000006
2.000006
2.000006
2.000006
2.000006
2.000006
2.000005
2.000005
2.000005
2.000004
2.000004
2.000004
2.000003
2.000003
2.000002
2.000002
2.000001
2.000001
2.000001
2.000000
2.000000
2.000000
2.000000
1.999999
1.999999
1.999999
1.999999
1.999999
1.999999
1.999999
1.999999
1.999999
1.999999
1.999999
1.999999
1.999999
1.999999
1.999999
1.999999
1.999999
1.999999
2.000000
2.000000
2.000000
2.000000
2.000000
2.000000
2.000000
2.000000
2.000000
2.000000
2.000000
2.000000
2.000001
2.000001
2.000001
2.000001
2.000001
2.000001
2.000001
2.000000
2.000000
2.000000
2.000000
2.000000
2.000000
2.000000
2.000000
2.000000
2.000000
2.000000
2.000000
2.000000
2.000000
2.000000
2.000000
2.000000
2.000000
2.000000
2.000000
2.000000
2.000000
2.000000
2.000000
2.000000
2.000000
2.000000
2.000000
2.000000
2.000000
2.000000
2.000000
2.000000
2.000000
2.000000
2.000000
2.000000
2.000000
2.000000
2.000000
2.000000
2.000000
2.000000
2.000000
2.000000
2.000000
2.000000
2.000000
2.000000
2.000000
2.000000
2.000000
2.000000
2.000000
2.000000
2.000000
2.000000
2.000000
2.000000
2.000000
2.000000
2.000000
2.000000
2.000000
2.000000
2.000000
2.000000
2.000000
2.000000
2.000000
2.000000
2.000000
2.000000
2.000000
2.000000
2.000000
2.000000
2.000000
2.000000
2.000000
2.000000
2.000000
2.000000
2.000000
2.000000
2.000000
2.000000
2.000000
2.000000
2.000000
2.000000
2.000000
2.000000
2.000000
2.000000
2.000000
2.000000
2.000000
2.000000
2.000000
2.000000
2.000000
2.000000
2.000000
2.000000
2.000000
2.000000
2.000000
2.000000
2.000000
2.000000
2.000000
2.000000
2.000000
2.000000
2.000000
2.000000
2.000000
2.000000
2.000000
2.000000
2.000000
2.000000
2.000000
2.000000
2.000000
2.000000
2.000000
2.000000
2.000000
2.000000
2.000000
2.000000
2.000000
2.000000
2.000000
2.000000
2.000000
2.000000
2.000000
2.000000
2.000000
2.000000
2.000000
2.000000
2.000000
2.000000
2.000000
2.000000
2.000000
2.000000
2.000000
2.000000
2.000000
2.000000
2.000000
2.000000
2.000000
2.000000
2.000000
2.000000
2.000000
2.000000
2.000000
2.000000
2.000000
2.000000
2.000000
2.000000
2.000000
2.000000
2.000000
2.000000
2.000000
2.000000
2.000000
2.000000
2.000000
2.000000
2.000000
2.000000
2.000000
2.000000
2.000000
2.000000
2.000000
2.000000
2.000000
2.000000
2.000000
2.000000
2.000000
2.000000
2.000000
2.000000
2.000000
2.000000
2.000000
2.000000
2.000000
2.000000
2.000000
2.000000
2.000000
2.000000
2.000000
2.000000
2.000000
2.000000
2.000000
2.000000
2.000000
2.000000
2.000000
2.000000
2.000000
2.000000
2.000000
2.000000
2.000000
2.000000
2.000000
2.000000
2.000000
2.000000
2.000000
2.000000
2.000000
2.000000
2.000000
2.000000
2.000000
2.000000
2.000000
2.000000
2.000000
2.000000
2.000000
2.000000
2.000000
2.000000
2.000000
2.000000
2.000000
2.000000
2.000000
2.000000
2.000000
2.000000
2.000000
2.000000
2.000000
2.000000
2.000000
2.000000
2.000000
2.000000
2.000000
2.000000
2.000000
2.000000
2.000000
2.000000
2.000000
2.000000
2.000000
2.000000
2.000000
2.000000
2.000000
2.000000
2.000000
2.000000
2.000000
2.000000
2.000000
2.000000
2.000000
2.000000
2.000000
2.000000
2.000000
2.000000
2.000000
2.000000
2.000000
2.000000
2.000000
2.000000
2.000000
2.000000
2.000000
2.000000
2.000000
2.000000
2.000000
2.000000
2.000000
2.000000
2.000000
2.000000
2.000000
2.000000
2.000000
2.000000
2.000000
2.000000
2.000000
2.000000
2.000000
2.000000
2.000000
2.000000
2.000000
2.000000
2.000000
2.000000
2.000000
2.000000
2.000000
2.000000
2.000000
2.000000
2.000000
2.000000
2.000000
2.000000
2.000000
2.000000
2.000000
2.000000
2.000000
2.000000
2.000000
2.000000
2.000000
2.000000
2.000000
2.000000
2.000000
2.000000
