2.167751
2.091593
2.046495
2.046495
2.091593
2.167751
2.264988
2.370940
2.477600
2.574792
2.656870
2.716146
2.749573
2.752130
2.723492
2.661366
2.568134
2.444147
2.294331
2.121425
1.932546
1.732357
1.529566
1.329978
1.142868
0.973797
0.830719
0.716370
0.634176
0.580711
0.553002
0.542717
0.545242
0.553252
0.564824
0.575412
0.585521
0.592274
0.597258
0.598147
0.596726
0.590688
0.581744
0.567699
0.550600
0.529277
0.507576
0.487675
0.478275
0.488335
0.532735
0.622361
0.764998
0.958858
1.199871
1.478712
1.787298
2.114525
2.451784
2.788216
3.115964
3.425298
3.709777
3.961334
4.175388
4.345889
4.470401
4.545111
4.569879
4.543209
4.467269
4.342830
4.174251
3.964393
3.719566
3.444422
3.146876
2.832968
2.511765
2.190192
1.877899
1.582047
1.312079
1.074368
0.876693
0.722416
0.614233
0.547937
0.517083
0.510222
0.518582
0.533294
0.550025
0.564381
0.575326
0.580980
0.581955
0.577891
0.570752
0.562053
0.556004
0.557266
0.573398
0.612143
0.681762
0.787322
0.930988
1.110805
1.322899
1.561178
1.819275
2.089830
2.366019
2.640590
2.907220
3.159453
3.391989
3.599576
3.778258
3.924241
4.035106
4.108651
4.144079
4.140814
4.099664
4.021616
3.908975
3.764140
3.590721
3.392304
3.173542
2.938909
2.693781
2.443169
2.192785
1.947762
1.713687
1.495286
1.297396
1.123573
0.976942
0.858705
0.768929
0.705277
0.664278
0.640938
0.630558
0.628595
0.631912
0.638228
0.646757
0.657587
0.672061
0.692254
0.721096
0.761811
0.817667
0.891354
0.984642
1.098088
1.231026
1.381706
1.547505
1.725190
1.911111
2.101422
2.292198
2.479599
2.659923
2.829738
2.985890
3.125610
3.246499
3.346609
3.424410
3.478856
3.509331
3.515701
3.498247
3.457702
3.395171
3.312158
3.210473
3.092252
2.959855
2.815878
2.663045
2.504213
2.342260
2.180087
2.020498
1.866200
1.719672
1.583168
1.458580
1.347445
1.250812
1.169293
1.102966
1.051516
1.014220
0.990184
0.978376
0.977891
0.987914
1.007923
1.037520
1.076561
1.124889
1.182441
1.248956
1.324125
1.407322
1.497813
1.594524
1.696303
1.801708
1.909296
2.017416
2.124505
2.228879
2.329024
2.423380
2.510622
2.589437
2.658797
2.717722
2.765548
2.801683
2.825861
2.837896
2.837924
2.826151
2.803095
2.769317
2.725664
2.672997
2.612427
2.545038
2.472122
2.394900
2.314758
2.232957
2.150879
2.069735
1.990806
1.915159
1.843890
1.777844
1.717864
1.664514
1.618345
1.579625
1.548612
1.525293
1.509675
1.501520
1.500641
1.506642
1.519206
1.537830
1.562109
1.591468
1.625437
1.663381
1.704778
1.748946
1.795322
1.843188
1.891960
1.940913
1.989468
2.036921
2.082734
2.126260
2.167034
2.204498
2.238294
2.267979
2.293323
2.314021
2.329984
2.341054
2.347289
2.348677
2.345418
2.337635
2.325656
2.309722
2.290264
2.267616
2.242288
2.214673
2.185327
2.154670
2.123271
2.091545
2.060038
2.029130
1.999315
1.970911
1.944337
1.919829
1.897715
1.878134
1.861319
1.847310
1.836243
1.828066
1.822822
1.820379
1.820703
1.823592
1.828954
1.836530
1.846184
1.857620
1.870671
1.885020
1.900482
1.916732
1.933583
1.950714
1.967947
1.984976
2.001644
2.017672
2.032933
2.047182
2.060330
2.072173
2.082668
2.091656
2.099139
2.105009
2.109313
2.111991
2.113136
2.112729
2.110907
2.107687
2.103239
2.097611
2.091000
2.083474
2.075244
2.066393
2.057136
2.047559
2.037874
2.028159
2.018616
2.009306
2.000414
1.991979
1.984163
1.976981
1.970565
1.964904
1.960102
1.956120
1.953035
1.950782
1.949410
1.948833
1.949079
1.950040
1.951727
1.954018
1.956911
1.960273
1.964094
1.968235
1.972684
1.977302
1.982075
1.986869
1.991676
1.996367
2.000942
2.005284
2.009402
2.013191
2.016672
2.019754
2.022470
2.024744
2.026622
2.028040
2.029058
2.029625
2.029812
2.029577
2.029003
2.028057
2.026828
2.025290
2.023537
2.021548
2.019418
2.017129
2.014776
2.012340
2.009913
2.007475
2.005114
2.002804
2.000629
1.998558
1.996667
1.994920
1.993385
1.992019
1.990884
1.989932
1.989215
1.988681
1.988375
1.988240
1.988317
1.988543
1.988956
1.989489
1.990177
1.990953
1.991849
1.992796
1.993827
1.994874
1.995969
1.997045
1.998137
1.999179
2.000207
2.001161
2.002078
2.002899
2.003666
2.004323
2.004915
2.005389
2.005793
2.006078
2.006293
2.006393
2.006428
2.006357
2.006231
2.006011
2.005749
2.005407
2.005039
2.004607
2.004165
2.003676
2.003192
2.002678
2.002184
2.001675
2.001199
2.000720
2.000286
1.999859
1.999486
1.999127
1.998828
1.998548
1.998329
1.998133
1.997999
1.997885
1.997832
1.997797
1.997818
1.997853
1.997938
1.998032
1.998169
1.998308
1.998484
1.998654
1.998853
1.999041
1.999251
1.999443
1.999650
1.999835
2.000029
2.000196
2.000368
2.000509
2.000653
2.000764
2.000876
2.000953
2.001030
2.001073
2.001116
2.001126
2.001137
2.001117
2.001100
2.001054
2.001014
2.000948
2.000889
2.000808
2.000738
2.000648
2.000571
2.000477
2.000399
2.000307
2.000232
2.000146
2.000079
2.000002
1.999946
1.999881
1.999837
1.999785
1.999754
1.999717
1.999700
1.999676
1.999672
1.999661
1.999669
1.999668
1.999687
1.999696
1.999722
1.999738
1.999770
1.999791
1.999826
1.999850
1.999887
1.999911
1.999947
1.999970
2.000004
2.000024
2.000054
2.000071
2.000096
2.000108
2.000129
2.000136
2.000151
2.000153
2.000164
2.000160
2.000166
2.000159
2.000161
2.000150
2.000148
2.000134
2.000130
2.000115
2.000109
2.000092
2.000085
2.000068
2.000061
2.000044
2.000038
2.000022
2.000017
2.000002
1.999998
1.999986
1.999983
1.999973
1.999972
1.999963
1.999965
1.999958
1.999961
1.999956
1.999960
1.999957
1.999962
1.999960
1.999967
1.999965
1.999973
1.999972
1.999980
1.999979
1.999987
1.999987
1.999995
1.999994
2.000002
2.000001
2.000008
2.000007
2.000013
2.000011
2.000017
2.000015
2.000019
2.000017
2.000021
2.000018
2.000021
2.000017
2.000020
2.000016
2.000019
2.000015
2.000017
2.000012
2.000014
2.000010
2.000011
2.000007
2.000009
2.000004
2.000006
2.000002
2.000004
1.999999
2.000001
1.999998
2.000000
1.999996
1.999998
1.999995
1.999998
1.999995
1.999997
1.999994
1.999997
1.999994
1.999997
1.999995
1.999998
1.999995
1.999998
1.999996
1.999999
1.999997
2.000000
1.999998
2.000000
1.999998
2.000001
1.999999
2.000002
2.000000
2.000002
2.000000
2.000003
2.000000
2.000003
2.000001
2.000003
2.000001
2.000003
2.000001
2.000003
2.000001
2.000003
2.000001
2.000002
2.000000
2.000002
2.000000
2.000002
2.000000
2.000002
2.000000
2.000001
1.999999
2.000001
1.999999
2.000001
1.999999
2.000001
1.999999
2.000001
1.999999
2.000000
1.999999
2.000000
1.999999
2.000000
1.999999
2.000000
1.999999
2.000000
1.999999
2.000000
1.999999
2.000001
1.999999
2.000001
1.999999
2.000001
1.999999
2.000001
1.999999
2.000001
1.999999
2.000001
1.999999
2.000001
2.000000
2.000001
2.000000
2.000001
2.000000
2.000001
2.000000
2.000001
2.000000
2.000001
2.000000
2.000001
2.000000
2.000001
2.000000
2.000001
2.000000
2.000001
2.000000
2.000001
2.000000
2.000000
2.000000
2.000000
2.000000
2.000000
2.000000
2.000000
2.000000
2.000000
2.000000
2.000000
2.000000
2.000000
2.000000
2.000000
2.000000
2.000000
2.000000
2.000000
2.000000
2.000000
2.000000
2.000000
2.000000
2.000000
2.000000
2.000000
2.000000
2.000000
2.000000
2.000000
2.000000
2.000000
2.000000
2.000000
2.000000
2.000000
2.000000
2.000000
2.000000
2.000000
2.000000
2.000000
2.000000
2.000000
2.000000
2.000000
2.000000
2.000000
2.000000
2.000000
2.000000
2.000000
2.000000
2.000000
2.000000
2.000000
2.000000
2.000000
2.000000
2.000000
2.000000
2.000000
2.000000
2.000000
2.000000
2.000000
2.000000
2.000000
2.000000
2.000000
2.000000
2.000000
2.000000
2.000000
2.000000
2.000000
2.000000
2.000000
2.000000
2.000000
2.000000
2.000000
2.000000
2.000000
2.000000
2.000000
2.000000
2.000000
2.000000
2.000000
2.000000
2.000000
2.000000
2.000000
2.000000
2.000000
2.000000
2.000000
2.000000
2.000000
2.000000
2.000000
2.000000
2.000000
2.000000
2.000000
2.000000
2.000000
2.000000
2.000000
2.000000
2.000000
2.000000
2.000000
2.000000
2.000000
2.000000
2.000000
2.000000
2.000000
2.000000
2.000000
2.000000
2.000000
2.000000
2.000000
2.000000
2.000000
2.000000
2.000000
2.000000
2.000000
2.000000
2.000000
2.000000
2.000000
2.000000
2.000000
2.000000
2.000000
2.000000
2.000000
2.000000
2.000000
2.000000
2.000000
2.000000
2.000000
2.000000
2.000000
2.000000
2.000000
2.000000
2.000000
2.000000
2.000000
2.000000
2.000000
2.000000
2.000000
2.000000
2.000000
2.000000
2.000000
2.000000
2.000000
2.000000
2.000000
2.000000
2.000000
2.000000
2.000000
2.000000
2.000000
2.000000
2.000000
2.000000
2.000000
2.000000
2.000000
2.000000
2.000000
2.000000
2.000000
2.000000
2.000000
2.000000
2.000000
2.000000
2.000000
2.000000
2.000000
2.000000
2.000000
2.000000
2.000000
2.000000
2.000000
2.000000
2.000000
2.000000
2.000000
2.000000
2.000000
2.000000
2.000000
2.000000
2.000000
2.000000
2.000000
2.000000
2.000000
2.000000
2.000000
2.000000
2.000000
2.000000
2.000000
2.000000
2.000000
2.000000
2.000000
2.000000
2.000000
2.000000
2.000000
2.000000
2.000000
2.000000
2.000000
2.000000
2.000000
2.000000
2.000000
2.000000
2.000000
2.000000
2.000000
2.000000
2.000000
2.000000
2.000000
2.000000
2.000000
2.000000
2.000000
2.000000
2.000000
2.000000
2.000000
2.000000
2.000000
2.000000
2.000000
1.999999
1.999999
1.999999
1.999999
1.999999
1.999999
1.999998
1.999998
1.999998
1.999998
1.999998
1.999998
1.999998
1.999998
