2.170133
2.093070
2.047415
2.047415
2.093070
2.170133
2.268636
2.376029
2.484348
2.583251
2.667156
2.728223
2.763481
2.767767
2.740837
2.680262
2.588506
2.465785
2.317108
2.145078
1.956892
1.757072
1.554404
1.354547
1.166853
0.996747
0.852286
0.736142
0.651960
0.596411
0.566859
0.555048
0.556527
0.563851
0.575109
0.585574
0.595753
0.602623
0.607797
0.608846
0.607607
0.601708
0.592929
0.579039
0.562162
0.541109
0.519786
0.500310
0.491320
0.501515
0.545472
0.633830
0.774487
0.965901
1.204255
1.480381
1.786309
2.110991
2.445866
2.780093
3.105840
3.413378
3.696287
3.946492
4.159427
4.329036
4.452895
4.527183
4.551769
4.525149
4.449500
4.325585
4.157771
3.948906
3.705310
3.431622
3.135761
2.823752
2.504661
2.185393
1.875583
1.582351
1.315099
1.080111
0.885051
0.733092
0.626722
0.561559
0.531179
0.524330
0.532477
0.546920
0.563415
0.577616
0.588496
0.594192
0.595314
0.591521
0.584770
0.576574
0.571091
0.572891
0.589346
0.627979
0.696852
0.800988
0.942648
1.120053
1.329489
1.565009
1.820332
2.088181
2.361768
2.633887
2.898230
3.148370
3.379010
3.584919
3.762138
3.906891
4.016753
4.089538
4.124439
4.120895
4.079705
4.001868
3.889678
3.745546
3.573070
3.375845
3.158510
2.925546
2.682311
2.433817
2.185752
1.943237
1.711821
1.496197
1.301132
1.130111
0.986143
0.870316
0.782564
0.720480
0.680570
0.657924
0.647950
0.646248
0.649780
0.656354
0.665213
0.676465
0.691412
0.712076
0.741284
0.782153
0.837834
0.910942
1.003206
1.115205
1.246318
1.394875
1.558323
1.733511
1.916845
2.104544
2.292721
2.477582
2.655450
2.822925
2.976869
3.114538
3.233542
3.331953
3.408245
3.461390
3.490772
3.496274
3.478173
3.437219
3.374511
3.291565
3.190187
3.072523
2.940925
2.797995
2.646447
2.489142
2.328940
2.168740
2.011321
1.859374
1.715344
1.581453
1.459539
1.351093
1.257094
1.178098
1.114116
1.064788
1.029348
1.006892
0.996375
0.996908
1.007679
1.028184
1.058024
1.097064
1.145140
1.202195
1.267967
1.342163
1.424164
1.513263
1.608405
1.708472
1.812046
1.917717
2.023859
2.128942
2.231302
2.329455
2.421857
2.507209
2.584211
2.651855
2.709172
2.755518
2.790305
2.813286
2.824275
2.823425
2.810943
2.787356
2.753227
2.709410
2.656764
2.596404
2.529407
2.457071
2.380604
2.301389
2.220675
2.139835
2.060060
1.982617
1.908548
1.838929
1.774573
1.716297
1.664633
1.620105
1.582946
1.553391
1.531399
1.516960
1.509815
1.509773
1.516424
1.529455
1.548360
1.572745
1.602037
1.635783
1.673353
1.714246
1.757786
1.803431
1.850476
1.898354
1.946352
1.993911
2.040336
2.085108
2.127588
2.167330
2.203783
2.236603
2.265354
2.289820
2.309700
2.324917
2.335315
2.340962
2.341847
2.338178
2.330076
2.317875
2.301812
2.282325
2.259739
2.234566
2.207194
2.178175
2.147922
2.116999
2.085812
2.054899
2.024629
1.995490
1.967783
1.941923
1.918128
1.896721
1.877826
1.861671
1.848282
1.837790
1.830133
1.825353
1.823307
1.823965
1.827117
1.832673
1.840375
1.850088
1.861518
1.874504
1.888729
1.904017
1.920044
1.936633
1.953465
1.970371
1.987047
2.003348
2.018994
2.033868
2.047728
2.060494
2.071963
2.082098
2.090743
2.097907
2.103481
2.107519
2.109959
2.110900
2.110322
2.108364
2.105042
2.100529
2.094871
2.088263
2.080773
2.072612
2.063856
2.054724
2.045294
2.035780
2.026251
2.016911
2.007815
1.999145
1.990938
1.983351
1.976395
1.970201
1.964754
1.960156
1.956365
1.953456
1.951361
1.950131
1.949676
1.950024
1.951066
1.952815
1.955147
1.958061
1.961425
1.965230
1.969338
1.973739
1.978294
1.982993
1.987701
1.992414
1.997003
2.001472
2.005703
2.009709
2.013385
2.016755
2.019728
2.022341
2.024515
2.026300
2.027633
2.028575
2.029074
2.029202
2.028919
2.028307
2.027332
2.026084
2.024538
2.022786
2.020806
2.018695
2.016432
2.014112
2.011715
2.009334
2.006946
2.004638
2.002385
2.000268
1.998257
1.996425
1.994737
1.993259
1.991949
1.990867
1.989964
1.989293
1.988799
1.988531
1.988428
1.988532
1.988780
1.989210
1.989755
1.990450
1.991228
1.992122
1.993063
1.994084
1.995117
1.996195
1.997252
1.998322
1.999341
2.000344
2.001272
2.002162
2.002957
2.003698
2.004330
2.004896
2.005348
2.005729
2.005994
2.006190
2.006274
2.006295
2.006213
2.006077
2.005850
2.005583
2.005239
2.004870
2.004440
2.004002
2.003518
2.003041
2.002536
2.002051
2.001552
2.001088
2.000621
2.000199
1.999786
1.999425
1.999079
1.998792
1.998524
1.998317
1.998132
1.998007
1.997903
1.997858
1.997830
1.997857
1.997897
1.997986
1.998083
1.998222
1.998362
1.998537
1.998707
1.998905
1.999090
1.999297
1.999485
1.999689
1.999869
2.000058
2.000220
2.000387
2.000524
2.000662
2.000768
2.000875
2.000948
2.001020
2.001059
2.001098
2.001105
2.001114
2.001091
2.001072
2.001025
2.000984
2.000917
2.000858
2.000778
2.000707
2.000618
2.000542
2.000450
2.000374
2.000284
2.000211
2.000127
2.000062
1.999988
1.999933
1.999871
1.999829
1.999779
1.999751
1.999715
1.999700
1.999678
1.999675
1.999665
1.999674
1.999675
1.999694
1.999704
1.999730
1.999747
1.999779
1.999800
1.999835
1.999858
1.999894
1.999918
1.999953
1.999976
2.000009
2.000028
2.000058
2.000073
2.000098
2.000109
2.000129
2.000135
2.000150
2.000151
2.000161
2.000158
2.000163
2.000155
2.000157
2.000146
2.000144
2.000130
2.000126
2.000110
2.000104
2.000088
2.000081
2.000064
2.000057
2.000041
2.000034
2.000019
2.000014
2.000000
1.999996
1.999984
1.999982
1.999972
1.999971
1.999963
1.999964
1.999958
1.999961
1.999956
1.999961
1.999958
1.999963
1.999961
1.999968
1.999967
1.999974
1.999973
1.999981
1.999981
1.999988
1.999988
1.999995
1.999995
2.000002
2.000002
2.000008
2.000007
2.000013
2.000012
2.000017
2.000015
2.000019
2.000017
2.000020
2.000017
2.000021
2.000017
2.000020
2.000016
2.000018
2.000014
2.000016
2.000012
2.000013
2.000009
2.000011
2.000006
2.000008
2.000004
2.000005
2.000001
2.000003
1.999999
2.000001
1.999998
1.999999
1.999996
1.999998
1.999995
1.999997
1.999995
1.999997
1.999994
1.999997
1.999995
1.999997
1.999995
1.999998
1.999996
1.999998
1.999996
1.999999
1.999997
2.000000
1.999998
2.000000
1.999999
2.000001
1.999999
2.000002
2.000000
2.000002
2.000000
2.000002
2.000001
2.000003
2.000001
2.000003
2.000001
2.000003
2.000001
2.000003
2.000001
2.000002
2.000001
2.000002
2.000000
2.000002
2.000000
2.000002
2.000000
2.000001
2.000000
2.000001
2.000000
2.000001
1.999999
2.000001
1.999999
2.000001
1.999999
2.000000
1.999999
2.000000
1.999999
2.000000
1.999999
2.000000
1.999999
2.000000
1.999999
2.000000
1.999999
2.000000
1.999999
2.000000
1.999999
2.000000
1.999999
2.000001
1.999999
2.000001
1.999999
2.000001
2.000000
2.000001
2.000000
2.000001
2.000000
2.000001
2.000000
2.000001
2.000000
2.000001
2.000000
2.000001
2.000000
2.000001
2.000000
2.000001
2.000000
2.000001
2.000000
2.000001
2.000000
2.000000
2.000000
2.000000
2.000000
2.000000
2.000000
2.000000
2.000000
2.000000
2.000000
2.000000
2.000000
2.000000
2.000000
2.000000
2.000000
2.000000
2.000000
2.000000
2.000000
2.000000
2.000000
2.000000
2.000000
2.000000
2.000000
2.000000
2.000000
2.000000
2.000000
2.000000
2.000000
2.000000
2.000000
2.000000
2.000000
2.000000
2.000000
2.000000
2.000000
2.000000
2.000000
2.000000
2.000000
2.000000
2.000000
2.000000
2.000000
2.000000
2.000000
2.000000
2.000000
2.000000
2.000000
2.000000
2.000000
2.000000
2.000000
2.000000
2.000000
2.000000
2.000000
2.000000
2.000000
2.000000
2.000000
2.000000
2.000000
2.000000
2.000000
2.000000
2.000000
2.000000
2.000000
2.000000
2.000000
2.000000
2.000000
2.000000
2.000000
2.000000
2.000000
2.000000
2.000000
2.000000
2.000000
2.000000
2.000000
2.000000
2.000000
2.000000
2.000000
2.000000
2.000000
2.000000
2.000000
2.000000
2.000000
2.000000
2.000000
2.000000
2.000000
2.000000
2.000000
2.000000
2.000000
2.000000
2.000000
2.000000
2.000000
2.000000
2.000000
2.000000
2.000000
2.000000
2.000000
2.000000
2.000000
2.000000
2.000000
2.000000
2.000000
2.000000
2.000000
2.000000
2.000000
2.000000
2.000000
2.000000
2.000000
2.000000
2.000000
2.000000
2.000000
2.000000
2.000000
2.000000
2.000000
2.000000
2.000000
2.000000
2.000000
2.000000
2.000000
2.000000
2.000000
2.000000
2.000000
2.000000
2.000000
2.000000
2.000000
2.000000
2.000000
2.000000
2.000000
2.000000
2.000000
2.000000
2.000000
2.000000
2.000000
2.000000
2.000000
2.000000
2.000000
2.000000
2.000000
2.000000
2.000000
2.000000
2.000000
2.000000
2.000000
2.000000
2.000000
2.000000
2.000000
2.000000
2.000000
2.000000
2.000000
2.000000
2.000000
2.000000
2.000000
2.000000
2.000000
2.000000
2.000000
2.000000
2.000000
2.000000
2.000000
2.000000
2.000000
2.000000
2.000000
2.000000
2.000000
2.000000
2.000000
2.000000
2.000000
2.000000
2.000000
2.000000
2.000000
2.000000
2.000000
2.000000
2.000000
2.000000
2.000000
2.000000
2.000000
2.000000
2.000000
2.000000
2.000000
2.000000
2.000000
2.000000
2.000000
2.000000
2.000000
2.000000
2.000000
2.000000
2.000000
2.000000
2.000000
2.000000
2.000000
2.000000
2.000000
2.000000
2.000000
2.000000
2.000000
2.000000
2.000000
2.000000
2.000000
2.000000
2.000000
2.000000
2.000000
2.000000
2.000000
2.000000
2.000000
2.000000
2.000000
2.000000
2.000000
2.000000
2.000000
2.000000
2.000000
2.000000
1.999999
1.999999
1.999999
1.999999
1.999999
1.999999
1.999999
1.999999
1.999999
1.999999
1.999999
1.999999
