2.205751
2.107214
2.048269
2.048269
2.107214
2.205751
2.334313
2.475928
2.623691
2.763461
2.891181
2.995602
3.075541
3.122637
3.138565
3.117800
3.064775
2.976643
2.860365
2.715463
2.551020
2.368417
2.178223
1.982898
1.793527
1.612484
1.449926
1.306479
1.189485
1.096046
1.029308
0.982583
0.955799
0.940828
0.937116
0.937635
0.942928
0.947773
0.953761
0.957065
0.959784
0.958997
0.956985
0.951615
0.945470
0.937588
0.931463
0.928140
0.932905
0.949497
0.985004
1.044597
1.134349
1.256665
1.412590
1.599129
1.812137
2.044752
2.290169
2.540123
2.787307
3.023724
3.242859
3.437949
3.604022
3.736111
3.831216
3.886478
3.901082
3.874402
3.807845
3.702973
3.563297
3.392374
3.195548
2.978018
2.746527
2.507396
2.268129
2.035396
1.816508
1.617312
1.443457
1.298233
1.183709
1.098915
1.041386
1.006398
0.989004
0.983875
0.986710
0.993860
1.002811
1.011806
1.019800
1.026401
1.031562
1.035904
1.040223
1.046149
1.055442
1.070860
1.095135
1.131865
1.184046
1.254874
1.346000
1.458518
1.591401
1.742960
1.909591
2.087528
2.271664
2.457331
2.639051
2.812246
2.971899
3.114201
3.235136
3.332086
3.402358
3.444754
3.458058
3.442573
3.398576
3.327823
3.231982
3.114103
2.977027
2.824834
2.661214
2.490895
2.317974
2.147316
1.982841
1.828887
1.688461
1.564593
1.458609
1.371573
1.302725
1.251156
1.214475
1.190689
1.176930
1.171294
1.171433
1.176231
1.184261
1.195340
1.208937
1.225671
1.245724
1.270292
1.300010
1.336342
1.380012
1.432333
1.493660
1.564696
1.645020
1.734420
1.831529
1.935211
2.043282
2.153938
2.264515
2.372914
2.476380
2.572901
2.659970
2.735965
2.798894
2.847739
2.881187
2.898946
2.900463
2.886213
2.856400
2.812228
2.754588
2.685304
2.605816
2.518404
2.424859
2.327697
2.228816
2.130699
2.035080
1.944126
1.859130
1.781697
1.712470
1.652347
1.601264
1.559447
1.526257
1.501456
1.484104
1.473792
1.469563
1.471081
1.477558
1.488854
1.504409
1.524279
1.548084
1.575994
1.607705
1.643381
1.682672
1.725626
1.771747
1.820887
1.872349
1.925768
1.980249
2.035242
2.089713
2.143002
2.194025
2.242117
2.286243
2.325836
2.360008
2.388378
2.410283
2.425588
2.433903
2.435375
2.429903
2.417915
2.399586
2.375596
2.346352
2.312731
2.275305
2.235072
2.192688
2.149183
2.105207
2.061735
2.019326
1.978825
1.940636
1.905419
1.873390
1.845005
1.820291
1.799515
1.782543
1.769496
1.760124
1.754450
1.752159
1.753219
1.757286
1.764302
1.773918
1.786060
1.800375
1.816777
1.834906
1.854654
1.875645
1.897747
1.920563
1.943935
1.967450
1.990930
2.013957
2.036348
2.057697
2.077835
2.096389
2.113227
2.128030
2.140724
2.151058
2.159033
2.164480
2.167482
2.167958
2.166071
2.161826
2.155460
2.147053
2.136900
2.125136
2.112101
2.097960
2.083073
2.067618
2.051947
2.036229
2.020793
2.005778
1.991472
1.977973
1.965519
1.954158
1.944074
1.935267
1.927866
1.921828
1.917233
1.913997
1.912161
1.911611
1.912355
1.914253
1.917290
1.921308
1.926274
1.932020
1.938497
1.945533
1.953070
1.960934
1.969064
1.977289
1.985551
1.993684
2.001636
2.009255
2.016500
2.023236
2.029435
2.034985
2.039878
2.044024
2.047436
2.050051
2.051904
2.052956
2.053267
2.052819
2.051692
2.049890
2.047507
2.044566
2.041171
2.037355
2.033231
2.028835
2.024280
2.019606
2.014921
2.010258
2.005718
2.001327
1.997172
1.993270
1.989694
1.986448
1.983590
1.981111
1.979056
1.977402
1.976179
1.975354
1.974945
1.974910
1.975255
1.975930
1.976934
1.978211
1.979754
1.981504
1.983450
1.985531
1.987735
1.990002
1.992320
1.994632
1.996927
1.999153
2.001303
2.003330
2.005231
2.006967
2.008538
2.009915
2.011102
2.012077
2.012852
2.013410
2.013769
2.013919
2.013883
2.013656
2.013266
2.012711
2.012023
2.011203
2.010285
2.009273
2.008199
2.007069
2.005914
2.004740
2.003577
2.002429
2.001323
2.000260
1.999264
1.998336
1.997495
1.996737
1.996079
1.995514
1.995055
1.994692
1.994436
1.994273
1.994210
1.994234
1.994347
1.994534
1.994796
1.995118
1.995500
1.995923
1.996389
1.996879
1.997394
1.997916
1.998445
1.998967
1.999480
1.999972
2.000443
2.000880
2.001287
2.001652
2.001978
2.002258
2.002496
2.002685
2.002830
2.002928
2.002983
2.002993
2.002965
2.002897
2.002797
2.002663
2.002505
2.002320
2.002118
2.001899
2.001670
2.001431
2.001191
2.000948
2.000711
2.000478
2.000256
2.000045
1.999849
1.999667
1.999505
1.999361
1.999237
1.999132
1.999049
1.998984
1.998941
1.998916
1.998911
1.998921
1.998949
1.998990
1.999045
1.999110
1.999186
1.999269
1.999359
1.999452
1.999550
1.999647
1.999745
1.999841
1.999934
2.000022
2.000106
2.000183
2.000253
2.000316
2.000371
2.000418
2.000456
2.000486
2.000508
2.000521
2.000528
2.000526
2.000518
2.000503
2.000483
2.000457
2.000427
2.000394
2.000358
2.000319
2.000279
2.000238
2.000197
2.000156
2.000116
2.000077
2.000041
2.000007
1.999975
1.999946
1.999921
1.999898
1.999879
1.999863
1.999851
1.999842
1.999836
1.999833
1.999833
1.999835
1.999841
1.999848
1.999857
1.999868
1.999880
1.999893
1.999907
1.999922
1.999937
1.999952
1.999966
1.999981
1.999994
2.000007
2.000019
2.000030
2.000040
2.000049
2.000057
2.000063
2.000068
2.000072
2.000074
2.000076
2.000076
2.000075
2.000074
2.000071
2.000068
2.000064
2.000060
2.000055
2.000049
2.000044
2.000038
2.000032
2.000027
2.000021
2.000016
2.000010
2.000005
2.000001
1.999997
1.999993
1.999990
1.999987
1.999984
1.999982
1.999981
1.999980
1.999979
1.999979
1.999979
1.999980
1.999980
1.999981
1.999983
1.999984
1.999986
1.999987
1.999989
1.999991
1.999993
1.999995
1.999996
1.999998
2.000000
2.000001
2.000003
2.000004
2.000005
2.000006
2.000007
2.000008
2.000008
2.000009
2.000009
2.000009
2.000009
2.000009
2.000009
2.000008
2.000008
2.000007
2.000007
2.000006
2.000006
2.000005
2.000004
2.000004
2.000003
2.000002
2.000002
2.000001
2.000001
2.000000
2.000000
1.999999
1.999999
1.999999
1.999998
1.999998
1.999998
1.999998
1.999998
1.999998
1.999998
1.999998
1.999998
1.999998
1.999998
1.999998
1.999999
1.999999
1.999999
1.999999
1.999999
2.000000
2.000000
2.000000
2.000000
2.000000
2.000000
2.000000
2.000001
2.000001
2.000001
2.000001
2.000001
2.000001
2.000001
2.000001
2.000001
2.000001
2.000001
2.000001
2.000001
2.000001
2.000001
2.000001
2.000001
2.000000
2.000000
2.000000
2.000000
2.000000
2.000000
2.000000
2.000000
2.000000
2.000000
2.000000
2.000000
2.000000
2.000000
2.000000
2.000000
2.000000
2.000000
2.000000
2.000000
2.000000
2.000000
2.000000
2.000000
2.000000
2.000000
2.000000
2.000000
2.000000
2.000000
2.000000
2.000000
2.000000
2.000000
2.000000
2.000000
2.000000
2.000000
2.000000
2.000000
2.000000
2.000000
2.000000
2.000000
2.000000
2.000000
2.000000
2.000000
2.000000
2.000000
2.000000
2.000000
2.000000
2.000000
2.000000
2.000000
2.000000
2.000000
2.000000
2.000000
2.000000
2.000000
2.000000
2.000000
2.000000
2.000000
2.000000
2.000000
2.000000
2.000000
2.000000
2.000000
2.000000
2.000000
2.000000
2.000000
2.000000
2.000000
2.000000
2.000000
2.000000
2.000000
2.000000
2.000000
2.000000
2.000000
2.000000
2.000000
2.000000
2.000000
2.000000
2.000000
2.000000
2.000000
2.000000
2.000000
2.000000
2.000000
2.000000
2.000000
2.000000
2.000000
2.000000
2.000000
2.000000
2.000000
2.000000
2.000000
2.000000
2.000000
2.000000
2.000000
2.000000
2.000000
2.000000
2.000000
2.000000
2.000000
2.000000
2.000000
2.000000
2.000000
2.000000
2.000000
2.000000
2.000000
2.000000
2.000000
2.000000
2.000000
2.000000
2.000000
2.000000
2.000000
2.000000
2.000000
2.000000
2.000000
2.000000
2.000000
2.000000
2.000000
2.000000
2.000000
2.000000
2.000000
2.000000
2.000000
2.000000
2.000000
2.000000
2.000000
2.000000
2.000000
2.000000
2.000000
2.000000
2.000000
2.000000
2.000000
2.000000
2.000000
2.000000
2.000000
2.000000
2.000000
2.000000
2.000000
2.000000
2.000000
2.000000
2.000000
2.000000
2.000000
2.000000
2.000000
2.000000
2.000000
2.000000
2.000000
2.000000
2.000000
2.000000
2.000000
2.000000
2.000000
2.000000
2.000000
2.000000
2.000000
2.000000
2.000000
2.000000
2.000000
2.000000
2.000000
2.000000
2.000000
2.000000
2.000000
2.000000
2.000000
2.000000
2.000000
2.000000
2.000000
2.000000
2.000000
2.000000
2.000000
2.000000
2.000000
2.000000
2.000000
2.000000
2.000000
2.000000
2.000000
2.000000
2.000000
2.000000
2.000000
2.000000
2.000000
2.000000
2.000000
2.000000
2.000000
2.000000
2.000000
2.000000
2.000000
2.000000
2.000000
2.000000
2.000000
2.000000
2.000000
2.000000
2.000000
2.000000
2.000000
2.000000
2.000000
2.000000
2.000000
2.000000
2.000000
2.000000
2.000000
2.000000
2.000000
2.000000
2.000000
2.000000
2.000000
2.000000
2.000000
2.000000
2.000000
2.000000
2.000000
2.000000
2.000000
2.000000
2.000000
2.000000
2.000000
2.000000
2.000000
2.000000
2.000000
2.000000
2.000000
2.000000
2.000000
2.000000
2.000000
2.000000
2.000000
2.000000
2.000000
2.000000
2.000000
2.000000
2.000000
2.000000
2.000000
2.000000
2.000000
2.000000
2.000000
2.000000
2.000000
2.000000
2.000000
2.000000
2.000000
2.000000
2.000000
2.000000
2.000000
2.000000
2.000000
2.000000
2.000000
2.000000
2.000000
2.000000
2.000000
2.000000
2.000000
2.000000
2.000000
2.000000
2.000000
2.000000
2.000000
2.000000
2.000000
2.000000
2.000000
2.000000
2.000000
2.000000
2.000000
2.000000
2.000000
2.000000
2.000000
2.000000
2.000000
2.000000
2.000000
