2.202796
2.103935
2.044852
2.044852
2.103935
2.202796
2.331847
2.474159
2.622792
2.763646
2.892619
2.998498
3.080046
3.128940
3.146791
3.128110
3.077258
2.991420
2.877477
2.734975
2.572906
2.392664
2.204708
2.011498
1.823987
1.644536
1.483155
1.340472
1.223710
1.130060
1.062645
1.014999
0.987091
0.971046
0.966292
0.965994
0.970587
0.975002
0.980676
0.983934
0.986713
0.986260
0.984698
0.980070
0.974787
0.968039
0.963091
0.961040
0.966807
0.984002
1.019201
1.077372
1.164211
1.282242
1.432545
1.612574
1.818390
2.043597
2.281518
2.524253
2.764520
2.994599
3.207929
3.397973
3.559669
3.688245
3.780587
3.834012
3.847575
3.820810
3.754979
3.651796
3.514612
3.347118
3.154480
2.942008
2.716237
2.483559
2.251217
2.025885
1.814524
1.622878
1.456139
1.317406
1.208275
1.127694
1.072978
1.039662
1.022894
1.017787
1.020177
1.026780
1.035119
1.043678
1.051364
1.057942
1.063269
1.068065
1.072987
1.079697
1.089752
1.105847
1.130439
1.166980
1.218172
1.287104
1.375263
1.483816
1.611771
1.757673
1.918060
2.089440
2.266846
2.445853
2.621076
2.788131
2.942051
3.079177
3.195513
3.288559
3.355616
3.395584
3.407221
3.390912
3.346889
3.276978
3.182782
3.067403
2.933599
2.785475
2.626612
2.461726
2.294764
2.130529
1.972737
1.825601
1.691868
1.574402
1.474253
1.392353
1.327756
1.279555
1.245341
1.223267
1.210563
1.205526
1.205916
1.210782
1.218754
1.229742
1.243208
1.259796
1.279627
1.303867
1.333050
1.368579
1.411071
1.461781
1.520986
1.589378
1.666516
1.752238
1.845217
1.944413
2.047723
2.153458
2.259045
2.362502
2.461155
2.553093
2.635878
2.707972
2.767432
2.813305
2.844311
2.860209
2.860458
2.845569
2.815742
2.772198
2.715807
2.648392
2.571352
2.486941
2.396890
2.303660
2.209063
2.115506
2.024610
1.938446
1.858180
1.785317
1.720385
1.664200
1.616620
1.577830
1.547167
1.524401
1.508610
1.499425
1.495930
1.497834
1.504390
1.515493
1.530607
1.549805
1.572718
1.599520
1.629907
1.664046
1.701588
1.742586
1.786554
1.833360
1.882328
1.933121
1.984877
2.037082
2.088742
2.139239
2.187531
2.232993
2.274633
2.311917
2.343999
2.370520
2.390851
2.404874
2.412223
2.413050
2.407270
2.395305
2.377333
2.354021
2.325765
2.293417
2.257531
2.219068
2.178656
2.137279
2.095552
2.054400
2.014345
1.976178
1.940271
1.907235
1.877258
1.850760
1.827750
1.808471
1.792783
1.780795
1.772264
1.767208
1.765327
1.766590
1.770673
1.777522
1.786807
1.798462
1.812153
1.827800
1.845064
1.863842
1.883781
1.904753
1.926387
1.948527
1.970788
1.992996
2.014759
2.035900
2.056037
2.075009
2.092465
2.108278
2.122149
2.134007
2.143620
2.150986
2.155954
2.158600
2.158855
2.156873
2.152667
2.146461
2.138337
2.128576
2.117310
2.104861
2.091392
2.077238
2.062575
2.047731
2.032869
2.018295
2.004144
1.990679
1.977997
1.966314
1.955679
1.946257
1.938050
1.931175
1.925589
1.921365
1.918424
1.916801
1.916390
1.917192
1.919081
1.922036
1.925913
1.930674
1.936167
1.942340
1.949034
1.956191
1.963651
1.971352
1.979137
1.986946
1.994627
2.002128
2.009309
2.016127
2.022459
2.028277
2.033477
2.038049
2.041913
2.045079
2.047490
2.049179
2.050112
2.050342
2.049860
2.048735
2.046978
2.044675
2.041850
2.038600
2.034959
2.031031
2.026856
2.022535
2.018110
2.013678
2.009276
2.004994
2.000859
1.996952
1.993289
1.989937
1.986901
1.984232
1.981926
1.980018
1.978493
1.977373
1.976630
1.976278
1.976279
1.976636
1.977305
1.978280
1.979512
1.980991
1.982665
1.984518
1.986498
1.988589
1.990739
1.992932
1.995118
1.997284
1.999384
2.001407
2.003314
2.005098
2.006726
2.008195
2.009480
2.010585
2.011489
2.012202
2.012712
2.013032
2.013157
2.013105
2.012875
2.012489
2.011952
2.011288
2.010503
2.009625
2.008661
2.007640
2.006568
2.005474
2.004364
2.003265
2.002183
2.001141
2.000142
1.999207
1.998337
1.997549
1.996842
1.996229
1.995705
1.995281
1.994949
1.994715
1.994572
1.994521
1.994553
1.994667
1.994852
1.995106
1.995417
1.995782
1.996188
1.996631
1.997097
1.997585
1.998080
1.998580
1.999073
1.999556
2.000019
2.000461
2.000872
2.001252
2.001594
2.001898
2.002159
2.002379
2.002553
2.002685
2.002773
2.002820
2.002826
2.002795
2.002728
2.002629
2.002501
2.002348
2.002171
2.001978
2.001770
2.001552
2.001326
2.001098
2.000869
2.000645
2.000426
2.000218
2.000019
1.999836
1.999666
1.999515
1.999380
1.999265
1.999169
1.999092
1.999034
1.998995
1.998973
1.998970
1.998982
1.999010
1.999050
1.999103
1.999166
1.999239
1.999318
1.999404
1.999493
1.999585
1.999677
1.999769
1.999859
1.999947
2.000030
2.000108
2.000180
2.000246
2.000305
2.000356
2.000399
2.000435
2.000462
2.000482
2.000494
2.000498
2.000496
2.000487
2.000473
2.000453
2.000428
2.000400
2.000368
2.000333
2.000296
2.000258
2.000220
2.000181
2.000142
2.000105
2.000068
2.000034
2.000002
1.999973
1.999946
1.999922
1.999901
1.999883
1.999869
1.999858
1.999849
1.999844
1.999842
1.999842
1.999845
1.999850
1.999857
1.999866
1.999876
1.999888
1.999901
1.999914
1.999928
1.999942
1.999956
1.999970
1.999983
1.999996
2.000008
2.000020
2.000030
2.000039
2.000047
2.000054
2.000060
2.000065
2.000068
2.000070
2.000072
2.000072
2.000071
2.000069
2.000067
2.000064
2.000060
2.000056
2.000051
2.000046
2.000041
2.000035
2.000030
2.000024
2.000019
2.000014
2.000009
2.000004
2.000000
1.999996
1.999993
1.999990
1.999987
1.999985
1.999983
1.999982
1.999981
1.999980
1.999980
1.999980
1.999981
1.999981
1.999982
1.999984
1.999985
1.999987
1.999988
1.999990
1.999992
1.999993
1.999995
1.999997
1.999998
2.000000
2.000001
2.000003
2.000004
2.000005
2.000006
2.000007
2.000007
2.000008
2.000008
2.000008
2.000008
2.000008
2.000008
2.000008
2.000008
2.000007
2.000007
2.000006
2.000006
2.000005
2.000005
2.000004
2.000003
2.000003
2.000002
2.000002
2.000001
2.000000
2.000000
2.000000
1.999999
1.999999
1.999999
1.999998
1.999998
1.999998
1.999998
1.999998
1.999998
1.999998
1.999998
1.999998
1.999998
1.999998
1.999999
1.999999
1.999999
1.999999
1.999999
1.999999
2.000000
2.000000
2.000000
2.000000
2.000000
2.000000
2.000000
2.000001
2.000001
2.000001
2.000001
2.000001
2.000001
2.000001
2.000001
2.000001
2.000001
2.000001
2.000001
2.000001
2.000001
2.000001
2.000001
2.000000
2.000000
2.000000
2.000000
2.000000
2.000000
2.000000
2.000000
2.000000
2.000000
2.000000
2.000000
2.000000
2.000000
2.000000
2.000000
2.000000
2.000000
2.000000
2.000000
2.000000
2.000000
2.000000
2.000000
2.000000
2.000000
2.000000
2.000000
2.000000
2.000000
2.000000
2.000000
2.000000
2.000000
2.000000
2.000000
2.000000
2.000000
2.000000
2.000000
2.000000
2.000000
2.000000
2.000000
2.000000
2.000000
2.000000
2.000000
2.000000
2.000000
2.000000
2.000000
2.000000
2.000000
2.000000
2.000000
2.000000
2.000000
2.000000
2.000000
2.000000
2.000000
2.000000
2.000000
2.000000
2.000000
2.000000
2.000000
2.000000
2.000000
2.000000
2.000000
2.000000
2.000000
2.000000
2.000000
2.000000
2.000000
2.000000
2.000000
2.000000
2.000000
2.000000
2.000000
2.000000
2.000000
2.000000
2.000000
2.000000
2.000000
2.000000
2.000000
2.000000
2.000000
2.000000
2.000000
2.000000
2.000000
2.000000
2.000000
2.000000
2.000000
2.000000
2.000000
2.000000
2.000000
2.000000
2.000000
2.000000
2.000000
2.000000
2.000000
2.000000
2.000000
2.000000
2.000000
2.000000
2.000000
2.000000
2.000000
2.000000
2.000000
2.000000
2.000000
2.000000
2.000000
2.000000
2.000000
2.000000
2.000000
2.000000
2.000000
2.000000
2.000000
2.000000
2.000000
2.000000
2.000000
2.000000
2.000000
2.000000
2.000000
2.000000
2.000000
2.000000
2.000000
2.000000
2.000000
2.000000
2.000000
2.000000
2.000000
2.000000
2.000000
2.000000
2.000000
2.000000
2.000000
2.000000
2.000000
2.000000
2.000000
2.000000
2.000000
2.000000
2.000000
2.000000
2.000000
2.000000
2.000000
2.000000
2.000000
2.000000
2.000000
2.000000
2.000000
2.000000
2.000000
2.000000
2.000000
2.000000
2.000000
2.000000
2.000000
2.000000
2.000000
2.000000
2.000000
2.000000
2.000000
2.000000
2.000000
2.000000
2.000000
2.000000
2.000000
2.000000
2.000000
2.000000
2.000000
2.000000
2.000000
2.000000
2.000000
2.000000
2.000000
2.000000
2.000000
2.000000
2.000000
2.000000
2.000000
2.000000
2.000000
2.000000
2.000000
2.000000
2.000000
2.000000
2.000000
2.000000
2.000000
2.000000
2.000000
2.000000
2.000000
2.000000
2.000000
2.000000
2.000000
2.000000
2.000000
2.000000
2.000000
2.000000
2.000000
2.000000
2.000000
2.000000
2.000000
2.000000
2.000000
2.000000
2.000000
2.000000
2.000000
2.000000
2.000000
2.000000
2.000000
2.000000
2.000000
2.000000
2.000000
2.000000
2.000000
2.000000
2.000000
2.000000
2.000000
2.000000
2.000000
2.000000
2.000000
2.000000
2.000000
2.000000
2.000000
2.000000
2.000000
2.000000
2.000000
2.000000
2.000000
2.000000
2.000000
2.000000
2.000000
2.000000
2.000000
2.000000
2.000000
2.000000
2.000000
2.000000
2.000000
2.000000
2.000000
2.000000
2.000000
2.000000
2.000000
2.000000
2.000000
2.000000
2.000000
2.000000
2.000000
2.000000
2.000000
2.000000
2.000000
2.000000
2.000000
2.000000
2.000000
2.000000
2.000000
2.000000
2.000000
2.000000
2.000000
2.000000
2.000000
2.000000
2.000000
2.000000
2.000000
2.000000
2.000000
2.000000
2.000000
2.000000
2.000000
2.000000
2.000000
2.000000
2.000000
2.000000
2.000000
2.000000
2.000000
2.000000
2.000000
2.000000
