2.201720
2.111203
2.057143
2.057143
2.111203
2.201720
2.319011
2.447589
2.580213
2.703996
2.814400
2.901289
2.962922
2.991982
2.989554
2.951125
2.880536
2.775945
2.643744
2.484475
2.306696
2.112846
1.913033
1.710819
1.516897
1.334726
1.174030
1.036239
0.927836
0.845903
0.791937
0.758431
0.743670
0.739038
0.743351
0.749759
0.758933
0.765960
0.772784
0.775645
0.776973
0.773589
0.768056
0.757746
0.745599
0.730196
0.715852
0.703828
0.701472
0.714284
0.752907
0.824681
0.937598
1.092820
1.289873
1.522467
1.784603
2.066691
2.361009
2.657422
2.948432
3.224697
3.479913
3.706253
3.899168
4.052779
4.164628
4.231035
4.251803
4.225547
4.154351
4.039074
3.883968
3.691950
3.469190
3.220354
2.953151
2.673550
2.390286
2.110031
1.841819
1.592138
1.369180
1.177735
1.023111
0.905847
0.825571
0.776649
0.753357
0.747340
0.752789
0.763503
0.776386
0.788131
0.797848
0.804178
0.807586
0.808085
0.807282
0.806672
0.809366
0.818787
0.839808
0.877444
0.937008
1.022588
1.136729
1.279622
1.449456
1.642559
1.854082
2.078316
2.309218
2.540589
2.766429
2.981004
3.179087
3.355970
3.507639
3.630740
3.722720
3.781760
3.806878
3.797841
3.755236
3.680359
3.575264
3.442623
3.285757
3.108476
2.915086
2.710214
2.498785
2.285827
2.076418
1.875455
1.687546
1.516740
1.366339
1.238607
1.134571
1.053882
0.994844
0.954727
0.930123
0.917574
0.913828
0.916339
0.923137
0.933178
0.945951
0.961822
0.981509
1.006464
1.038232
1.078829
1.129971
1.193440
1.270255
1.361132
1.465737
1.583321
1.712119
1.850115
1.994512
2.142541
2.290928
2.436690
2.576567
2.707794
2.827495
2.933432
3.023364
3.095775
3.149212
3.182987
3.196500
3.189921
3.163496
3.118214
3.055098
2.975861
2.882180
2.776341
2.660504
2.537340
2.409278
2.279138
2.149368
2.022668
1.901221
1.787313
1.682568
1.588577
1.506160
1.436037
1.378143
1.332366
1.297934
1.274208
1.260099
1.254869
1.257514
1.267518
1.284182
1.307316
1.336520
1.371836
1.413011
1.460122
1.512856
1.571134
1.634416
1.702343
1.774070
1.848932
1.925802
2.003770
2.081520
2.158014
2.231877
2.302077
2.367314
2.426690
2.479095
2.523870
2.560181
2.587677
2.605858
2.614719
2.614112
2.604386
2.585733
2.558828
2.524168
2.482698
2.435156
2.382688
2.326185
2.266903
2.205795
2.144122
2.082798
2.022992
1.965482
1.911258
1.860886
1.815114
1.774253
1.738790
1.708778
1.684462
1.665677
1.652477
1.644544
1.641805
1.643853
1.650547
1.661436
1.676343
1.694799
1.716603
1.741269
1.768572
1.798000
1.829301
1.861933
1.895615
1.929782
1.964130
1.998089
2.031351
2.063359
2.093832
2.122253
2.148393
2.171803
2.192334
2.209627
2.223632
2.234099
2.241087
2.244463
2.244399
2.240876
2.234172
2.224371
2.211843
2.196754
2.179545
2.160441
2.139922
2.118245
2.095902
2.073151
2.050467
2.028080
2.006427
1.985686
1.966234
1.948187
1.931848
1.917260
1.904652
1.893996
1.885447
1.878910
1.874477
1.871999
1.871510
1.872819
1.875918
1.880580
1.886769
1.894234
1.902915
1.912549
1.923063
1.934186
1.945839
1.957755
1.969856
1.981882
1.993766
2.005262
2.016319
2.026715
2.036420
2.045239
2.053171
2.060052
2.065912
2.070624
2.074249
2.076696
2.078059
2.078280
2.077483
2.075641
2.072904
2.069270
2.064908
2.059834
2.054231
2.048127
2.041707
2.035004
2.028202
2.021330
2.014562
2.007918
2.001560
1.995492
1.989856
1.984643
1.979971
1.975813
1.972268
1.969287
1.966948
1.965187
1.964061
1.963490
1.963516
1.964045
1.965105
1.966592
1.968525
1.970794
1.973408
1.976256
1.979344
1.982559
1.985906
1.989277
1.992678
1.996005
1.999271
2.002377
2.005342
2.008078
2.010610
2.012861
2.014864
2.016553
2.017968
2.019054
2.019860
2.020341
2.020554
2.020461
2.020126
2.019519
2.018709
2.017672
2.016479
2.015110
2.013638
2.012045
2.010403
2.008695
2.006991
2.005273
2.003607
2.001974
2.000433
1.998963
1.997619
1.996374
1.995279
1.994302
1.993489
1.992804
1.992286
1.991898
1.991671
1.991567
1.991612
1.991764
1.992049
1.992420
1.992902
1.993447
1.994077
1.994746
1.995474
1.996215
1.996989
1.997753
1.998525
1.999266
1.999996
2.000675
2.001325
2.001911
2.002455
2.002925
2.003346
2.003686
2.003973
2.004179
2.004331
2.004406
2.004431
2.004384
2.004294
2.004142
2.003955
2.003717
2.003455
2.003153
2.002840
2.002497
2.002154
2.001795
2.001445
2.001090
2.000754
2.000420
2.000115
1.999819
1.999557
1.999310
1.999100
1.998910
1.998758
1.998627
1.998535
1.998463
1.998428
1.998411
1.998428
1.998461
1.998523
1.998596
1.998694
1.998799
1.998923
1.999049
1.999190
1.999327
1.999474
1.999613
1.999758
1.999891
2.000025
2.000145
2.000262
2.000364
2.000461
2.000540
2.000613
2.000668
2.000717
2.000748
2.000772
2.000780
2.000782
2.000769
2.000751
2.000720
2.000686
2.000641
2.000595
2.000540
2.000486
2.000425
2.000367
2.000304
2.000247
2.000185
2.000131
2.000074
2.000025
1.999975
1.999934
1.999893
1.999861
1.999830
1.999807
1.999786
1.999773
1.999761
1.999758
1.999755
1.999760
1.999764
1.999776
1.999787
1.999804
1.999820
1.999840
1.999859
1.999882
1.999902
1.999925
1.999945
1.999968
1.999987
2.000008
2.000024
2.000042
2.000056
2.000071
2.000081
2.000092
2.000099
2.000106
2.000109
2.000113
2.000113
2.000113
2.000110
2.000108
2.000102
2.000098
2.000090
2.000084
2.000075
2.000068
2.000059
2.000052
2.000042
2.000035
2.000026
2.000019
2.000010
2.000004
1.999997
1.999992
1.999986
1.999983
1.999978
1.999976
1.999972
1.999971
1.999970
1.999970
1.999969
1.999970
1.999970
1.999972
1.999973
1.999976
1.999978
1.999981
1.999983
1.999986
1.999988
1.999991
1.999994
1.999997
1.999999
2.000002
2.000003
2.000006
2.000007
2.000009
2.000010
2.000011
2.000012
2.000013
2.000013
2.000014
2.000013
2.000013
2.000013
2.000013
2.000012
2.000011
2.000010
2.000010
2.000009
2.000008
2.000007
2.000006
2.000005
2.000004
2.000003
2.000002
2.000001
2.000001
2.000000
1.999999
1.999998
1.999998
1.999998
1.999998
1.999997
1.999997
1.999997
1.999997
1.999997
1.999997
1.999997
1.999997
1.999997
1.999998
1.999998
1.999998
1.999998
1.999999
1.999999
1.999999
1.999999
2.000000
2.000000
2.000000
2.000000
2.000001
2.000001
2.000001
2.000001
2.000001
2.000001
2.000001
2.000001
2.000001
2.000001
2.000001
2.000001
2.000001
2.000001
2.000001
2.000001
2.000001
2.000001
2.000001
2.000001
2.000001
2.000000
2.000000
2.000000
2.000000
2.000000
2.000000
2.000000
2.000000
2.000000
2.000000
2.000000
2.000000
2.000000
2.000000
2.000000
2.000000
2.000000
2.000000
2.000000
2.000000
2.000000
2.000000
2.000000
2.000000
2.000000
2.000000
2.000000
2.000000
2.000000
2.000000
2.000000
2.000000
2.000000
2.000000
2.000000
2.000000
2.000000
2.000000
2.000000
2.000000
2.000000
2.000000
2.000000
2.000000
2.000000
2.000000
2.000000
2.000000
2.000000
2.000000
2.000000
2.000000
2.000000
2.000000
2.000000
2.000000
2.000000
2.000000
2.000000
2.000000
2.000000
2.000000
2.000000
2.000000
2.000000
2.000000
2.000000
2.000000
2.000000
2.000000
2.000000
2.000000
2.000000
2.000000
2.000000
2.000000
2.000000
2.000000
2.000000
2.000000
2.000000
2.000000
2.000000
2.000000
2.000000
2.000000
2.000000
2.000000
2.000000
2.000000
2.000000
2.000000
2.000000
2.000000
2.000000
2.000000
2.000000
2.000000
2.000000
2.000000
2.000000
2.000000
2.000000
2.000000
2.000000
2.000000
2.000000
2.000000
2.000000
2.000000
2.000000
2.000000
2.000000
2.000000
2.000000
2.000000
2.000000
2.000000
2.000000
2.000000
2.000000
2.000000
2.000000
2.000000
2.000000
2.000000
2.000000
2.000000
2.000000
2.000000
2.000000
2.000000
2.000000
2.000000
2.000000
2.000000
2.000000
2.000000
2.000000
2.000000
2.000000
2.000000
2.000000
2.000000
2.000000
2.000000
2.000000
2.000000
2.000000
2.000000
2.000000
2.000000
2.000000
2.000000
2.000000
2.000000
2.000000
2.000000
2.000000
2.000000
2.000000
2.000000
2.000000
2.000000
2.000000
2.000000
2.000000
2.000000
2.000000
2.000000
2.000000
2.000000
2.000000
2.000000
2.000000
2.000000
2.000000
2.000000
2.000000
2.000000
2.000000
2.000000
2.000000
2.000000
2.000000
2.000000
2.000000
2.000000
2.000000
2.000000
2.000000
2.000000
2.000000
2.000000
2.000000
2.000000
2.000000
2.000000
2.000000
2.000000
2.000000
2.000000
2.000000
2.000000
2.000000
2.000000
2.000000
2.000000
2.000000
2.000000
2.000000
2.000000
2.000000
2.000000
2.000000
2.000000
2.000000
2.000000
2.000000
2.000000
2.000000
2.000000
2.000000
2.000000
2.000000
2.000000
2.000000
2.000000
2.000000
2.000000
2.000000
2.000000
2.000000
2.000000
2.000000
2.000000
2.000000
2.000000
2.000000
2.000000
2.000000
2.000000
2.000000
2.000000
2.000000
2.000000
2.000000
2.000000
2.000000
2.000000
2.000000
2.000000
2.000000
2.000000
2.000000
2.000000
2.000000
2.000000
2.000000
2.000000
2.000000
2.000000
2.000000
2.000000
2.000000
2.000000
2.000000
2.000000
2.000000
2.000000
2.000000
2.000000
2.000000
2.000000
2.000000
2.000000
2.000000
2.000000
2.000000
2.000000
2.000000
2.000000
2.000000
2.000000
2.000000
2.000000
2.000000
2.000000
2.000000
2.000000
2.000000
2.000000
2.000000
2.000000
2.000000
2.000000
2.000000
2.000000
2.000000
2.000000
2.000000
2.000000
2.000000
2.000000
2.000000
2.000000
2.000000
2.000000
2.000000
2.000000
2.000000
2.000000
2.000000
2.000000
2.000000
2.000000
2.000000
2.000000
2.000000
2.000000
2.000000
2.000000
2.000000
2.000000
2.000000
2.000000
2.000000
2.000000
2.000000
2.000000
