2.208684
2.111295
2.052989
2.052989
2.111295
2.208684
2.335599
2.475171
2.620499
2.757523
2.882187
2.983312
3.059715
3.103101
3.115149
3.090401
3.033300
2.941070
2.820695
2.671774
2.503432
2.317142
2.123539
1.925196
1.733295
1.550334
1.386586
1.242759
1.126247
1.034066
0.969236
0.924763
0.900364
0.887584
0.885818
0.887836
0.894303
0.899858
0.906292
0.909614
0.912137
0.910724
0.907865
0.901181
0.893483
0.883595
0.875353
0.869761
0.872716
0.888259
0.924389
0.986702
1.081890
1.212127
1.378281
1.576532
1.802326
2.048004
2.306527
2.569038
2.828189
3.075536
3.304644
3.508392
3.681952
3.820049
3.919867
3.978268
3.994648
3.968121
3.900326
3.792585
3.648664
3.471900
3.267920
3.041741
2.800435
2.550203
2.298961
2.053370
1.821302
1.608773
1.422205
1.265244
1.140819
1.048190
0.985336
0.947137
0.928468
0.923215
0.926785
0.934878
0.944887
0.954629
0.963133
0.969732
0.974539
0.978004
0.981161
0.985589
0.993406
1.007498
1.031115
1.068136
1.122111
1.196435
1.293042
1.412867
1.554777
1.716635
1.894559
2.084284
2.280455
2.477984
2.671234
2.855299
3.025086
3.176526
3.305590
3.409447
3.485432
3.532172
3.548507
3.534592
3.490786
3.418723
3.320174
3.198100
3.055476
2.896327
2.724525
2.544796
2.361487
2.179543
2.003230
1.837077
1.684547
1.548958
1.432144
1.335439
1.258464
1.200355
1.158804
1.131567
1.115615
1.108663
1.108163
1.112678
1.120673
1.131775
1.145468
1.162315
1.182622
1.207637
1.238194
1.275871
1.321607
1.376817
1.442010
1.517901
1.604105
1.700305
1.805053
1.917024
2.033889
2.153617
2.273389
2.390889
2.503222
2.608186
2.703167
2.786387
2.855774
2.910188
2.948266
2.969623
2.973684
2.960858
2.931353
2.886336
2.826730
2.754354
2.670713
2.578118
2.478467
2.374346
2.267807
2.161454
2.057217
1.957429
1.863611
1.777553
1.700124
1.632384
1.574441
1.526607
1.488325
1.459350
1.438733
1.425989
1.420101
1.420638
1.426749
1.438216
1.454441
1.475433
1.500803
1.530700
1.564826
1.603336
1.645881
1.692492
1.742657
1.796193
1.852363
1.910745
1.970385
2.030660
2.090462
2.149054
2.205272
2.258375
2.307253
2.351269
2.389473
2.421426
2.446414
2.464261
2.474543
2.477382
2.472662
2.460804
2.441985
2.416899
2.385975
2.350124
2.309958
2.266529
2.220550
2.173124
2.124970
2.077148
2.030297
1.985348
1.942783
1.903344
1.867313
1.835215
1.807118
1.783340
1.763765
1.748538
1.737409
1.730405
1.727192
1.727732
1.731652
1.738881
1.749035
1.762027
1.777467
1.795254
1.814991
1.836554
1.859531
1.883771
1.908839
1.934558
1.960476
1.986393
2.011852
2.036650
2.060340
2.082736
2.103425
2.122263
2.138893
2.153232
2.165000
2.174192
2.180618
2.184362
2.185326
2.183686
2.179435
2.172829
2.163945
2.153104
2.140445
2.126339
2.110961
2.094707
2.077767
2.060534
2.043192
2.026109
2.009438
1.993506
1.978422
1.964460
1.951676
1.940282
1.930282
1.921829
1.914874
1.909518
1.905667
1.903376
1.902514
1.903100
1.904975
1.908130
1.912386
1.917712
1.923917
1.930954
1.938625
1.946874
1.955501
1.964447
1.973512
1.982641
1.991642
2.000465
2.008933
2.017007
2.024529
2.031477
2.037714
2.043241
2.047947
2.051853
2.054879
2.057071
2.058375
2.058862
2.058504
2.057394
2.055527
2.053014
2.049868
2.046213
2.042075
2.037585
2.032778
2.027784
2.022638
2.017469
2.012307
2.007271
2.002383
1.997748
1.993379
1.989366
1.985705
1.982472
1.979650
1.977296
1.975381
1.973946
1.972949
1.972417
1.972298
1.972607
1.973282
1.974330
1.975683
1.977339
1.979228
1.981343
1.983612
1.986027
1.988517
1.991071
1.993624
1.996167
1.998638
2.001032
2.003293
2.005423
2.007371
2.009144
2.010701
2.012055
2.013172
2.014072
2.014730
2.015171
2.015377
2.015378
2.015164
2.014769
2.014187
2.013457
2.012577
2.011585
2.010483
2.009312
2.008072
2.006803
2.005507
2.004222
2.002946
2.001716
2.000529
1.999416
1.998373
1.997426
1.996567
1.995819
1.995172
1.994643
1.994218
1.993913
1.993710
1.993620
1.993625
1.993731
1.993920
1.994195
1.994536
1.994946
1.995403
1.995909
1.996444
1.997009
1.997583
1.998168
1.998745
1.999316
1.999863
2.000389
2.000879
2.001337
2.001748
2.002119
2.002438
2.002712
2.002931
2.003103
2.003220
2.003292
2.003312
2.003292
2.003225
2.003123
2.002982
2.002813
2.002614
2.002396
2.002156
2.001906
2.001643
2.001379
2.001110
2.000847
2.000587
2.000340
2.000103
1.999883
1.999678
1.999495
1.999330
1.999188
1.999067
1.998970
1.998894
1.998842
1.998808
1.998798
1.998805
1.998832
1.998873
1.998931
1.999000
1.999082
1.999171
1.999270
1.999372
1.999479
1.999586
1.999695
1.999800
1.999905
2.000003
2.000097
2.000183
2.000264
2.000334
2.000398
2.000451
2.000496
2.000531
2.000558
2.000574
2.000584
2.000583
2.000576
2.000561
2.000541
2.000513
2.000482
2.000445
2.000406
2.000364
2.000320
2.000275
2.000229
2.000184
2.000140
2.000096
2.000056
2.000017
1.999981
1.999948
1.999919
1.999893
1.999872
1.999853
1.999839
1.999827
1.999820
1.999816
1.999815
1.999817
1.999822
1.999830
1.999840
1.999851
1.999864
1.999878
1.999894
1.999910
1.999926
1.999942
1.999959
1.999975
1.999990
2.000004
2.000018
2.000031
2.000042
2.000052
2.000061
2.000068
2.000074
2.000078
2.000082
2.000084
2.000084
2.000084
2.000082
2.000080
2.000076
2.000072
2.000067
2.000062
2.000056
2.000050
2.000044
2.000037
2.000031
2.000025
2.000019
2.000013
2.000008
2.000002
1.999998
1.999993
1.999990
1.999986
1.999983
1.999981
1.999979
1.999978
1.999977
1.999977
1.999977
1.999977
1.999978
1.999979
1.999980
1.999982
1.999984
1.999985
1.999987
1.999989
1.999991
1.999993
1.999996
1.999997
1.999999
2.000001
2.000003
2.000004
2.000005
2.000007
2.000008
2.000008
2.000009
2.000009
2.000010
2.000010
2.000010
2.000010
2.000010
2.000009
2.000009
2.000008
2.000008
2.000007
2.000006
2.000006
2.000005
2.000004
2.000003
2.000003
2.000002
2.000001
2.000001
2.000000
2.000000
1.999999
1.999999
1.999999
1.999998
1.999998
1.999998
1.999998
1.999998
1.999998
1.999998
1.999998
1.999998
1.999998
1.999998
1.999998
1.999998
1.999999
1.999999
1.999999
1.999999
1.999999
2.000000
2.000000
2.000000
2.000000
2.000000
2.000000
2.000001
2.000001
2.000001
2.000001
2.000001
2.000001
2.000001
2.000001
2.000001
2.000001
2.000001
2.000001
2.000001
2.000001
2.000001
2.000001
2.000001
2.000001
2.000000
2.000000
2.000000
2.000000
2.000000
2.000000
2.000000
2.000000
2.000000
2.000000
2.000000
2.000000
2.000000
2.000000
2.000000
2.000000
2.000000
2.000000
2.000000
2.000000
2.000000
2.000000
2.000000
2.000000
2.000000
2.000000
2.000000
2.000000
2.000000
2.000000
2.000000
2.000000
2.000000
2.000000
2.000000
2.000000
2.000000
2.000000
2.000000
2.000000
2.000000
2.000000
2.000000
2.000000
2.000000
2.000000
2.000000
2.000000
2.000000
2.000000
2.000000
2.000000
2.000000
2.000000
2.000000
2.000000
2.000000
2.000000
2.000000
2.000000
2.000000
2.000000
2.000000
2.000000
2.000000
2.000000
2.000000
2.000000
2.000000
2.000000
2.000000
2.000000
2.000000
2.000000
2.000000
2.000000
2.000000
2.000000
2.000000
2.000000
2.000000
2.000000
2.000000
2.000000
2.000000
2.000000
2.000000
2.000000
2.000000
2.000000
2.000000
2.000000
2.000000
2.000000
2.000000
2.000000
2.000000
2.000000
2.000000
2.000000
2.000000
2.000000
2.000000
2.000000
2.000000
2.000000
2.000000
2.000000
2.000000
2.000000
2.000000
2.000000
2.000000
2.000000
2.000000
2.000000
2.000000
2.000000
2.000000
2.000000
2.000000
2.000000
2.000000
2.000000
2.000000
2.000000
2.000000
2.000000
2.000000
2.000000
2.000000
2.000000
2.000000
2.000000
2.000000
2.000000
2.000000
2.000000
2.000000
2.000000
2.000000
2.000000
2.000000
2.000000
2.000000
2.000000
2.000000
2.000000
2.000000
2.000000
2.000000
2.000000
2.000000
2.000000
2.000000
2.000000
2.000000
2.000000
2.000000
2.000000
2.000000
2.000000
2.000000
2.000000
2.000000
2.000000
2.000000
2.000000
2.000000
2.000000
2.000000
2.000000
2.000000
2.000000
2.000000
2.000000
2.000000
2.000000
2.000000
2.000000
2.000000
2.000000
2.000000
2.000000
2.000000
2.000000
2.000000
2.000000
2.000000
2.000000
2.000000
2.000000
2.000000
2.000000
2.000000
2.000000
2.000000
2.000000
2.000000
2.000000
2.000000
2.000000
2.000000
2.000000
2.000000
2.000000
2.000000
2.000000
2.000000
2.000000
2.000000
2.000000
2.000000
2.000000
2.000000
2.000000
2.000000
2.000000
2.000000
2.000000
2.000000
2.000000
2.000000
2.000000
2.000000
2.000000
2.000000
2.000000
2.000000
2.000000
2.000000
2.000000
2.000000
2.000000
2.000000
2.000000
2.000000
2.000000
2.000000
2.000000
2.000000
2.000000
2.000000
2.000000
2.000000
2.000000
2.000000
2.000000
2.000000
2.000000
2.000000
2.000000
2.000000
2.000000
2.000000
2.000000
2.000000
2.000000
2.000000
2.000000
2.000000
2.000000
2.000000
2.000000
2.000000
2.000000
2.000000
2.000000
2.000000
2.000000
2.000000
2.000000
2.000000
2.000000
2.000000
2.000000
2.000000
2.000000
2.000000
2.000000
2.000000
2.000000
2.000000
2.000000
2.000000
2.000000
2.000000
2.000000
2.000000
2.000000
2.000000
2.000000
2.000000
2.000000
2.000000
2.000000
2.000000
2.000000
2.000000
2.000000
2.000000
2.000000
2.000000
2.000000
2.000000
2.000000
2.000000
2.000000
2.000000
2.000000
2.000000
2.000000
2.000000
2.000000
2.000000
2.000000
2.000000
2.000000
2.000000
2.000000
2.000000
2.000000
2.000000
2.000000
2.000000
2.000000
2.000000
2.000000
2.000000
2.000000
2.000000
2.000000
2.000000
