2.181249
2.099850
2.051504
2.051504
2.099850
2.181249
2.285819
2.400084
2.516299
2.623312
2.715858
2.785367
2.829241
2.841633
2.822700
2.769352
2.684472
2.567620
2.424225
2.256228
2.071240
1.873111
1.671021
1.469948
1.279644
1.104898
0.954294
0.830149
0.737121
0.672180
0.634184
0.615186
0.611568
0.615383
0.624851
0.634454
0.644719
0.651952
0.657894
0.659639
0.659260
0.654079
0.646188
0.633186
0.617538
0.597954
0.578575
0.561232
0.554224
0.565112
0.607132
0.689807
0.821359
1.001293
1.226956
1.489980
1.782971
2.095202
2.418357
2.741714
3.057560
3.356208
3.631305
3.874787
4.082135
4.247287
4.367853
4.439999
4.463623
4.437203
4.362938
4.241568
4.077477
3.873486
3.635924
3.369391
3.081804
2.779131
2.470408
2.162439
1.864766
1.584312
1.330225
1.108348
0.925733
0.784675
0.686705
0.626782
0.598640
0.591938
0.599149
0.612363
0.627742
0.641194
0.651751
0.657650
0.659488
0.657010
0.652119
0.646318
0.643481
0.647772
0.665730
0.703942
0.769558
0.867350
0.999871
1.166105
1.363040
1.585430
1.827432
2.082186
2.343107
2.603239
2.856349
3.096175
3.317434
3.515019
3.684956
3.823565
3.928389
3.997328
4.029533
4.024518
3.983031
3.906141
3.796085
3.655336
3.487427
3.296004
3.085629
2.860820
2.626835
2.388694
2.151942
1.921652
1.703145
1.500954
1.319466
1.161817
1.030427
0.925877
0.847507
0.792664
0.757806
0.738440
0.730453
0.730073
0.734677
0.742464
0.752799
0.765867
0.782788
0.805358
0.835953
0.877256
0.931908
1.002208
1.089675
1.194961
1.317605
1.456278
1.608725
1.772170
1.943287
2.118601
2.294413
2.467161
2.633289
2.789571
2.932943
3.060795
3.170779
3.261077
3.330183
3.377159
3.401396
3.402854
3.381805
3.339065
3.275717
3.193336
3.093699
2.978998
2.851545
2.713972
2.568931
2.419289
2.267816
2.117379
1.970618
1.830136
1.698171
1.576783
1.467526
1.371649
1.289798
1.222272
1.168778
1.128793
1.101382
1.085632
1.080475
1.085114
1.098765
1.121015
1.151464
1.190027
1.236507
1.290889
1.352897
1.422307
1.498537
1.580997
1.668714
1.760722
1.855704
1.952416
2.049336
2.145091
2.238111
2.327054
2.410451
2.487129
2.555846
2.615705
2.665776
2.705507
2.734341
2.752107
2.758635
2.754144
2.738842
2.713310
2.678099
2.634103
2.582154
2.523392
2.458853
2.389837
2.317491
2.243182
2.168070
2.093485
2.020504
1.950323
1.883842
1.822042
1.765572
1.715139
1.671105
1.633885
1.603555
1.580264
1.563849
1.554248
1.551126
1.554282
1.563273
1.577813
1.597396
1.621685
1.650126
1.682344
1.717745
1.755911
1.796213
1.838199
1.881209
1.924772
1.968219
2.011081
2.052708
2.092666
2.130356
2.165408
2.197305
2.225772
2.250400
2.271034
2.287389
2.299441
2.307042
2.310304
2.309215
2.304015
2.294815
2.281973
2.265706
2.246462
2.224539
2.200449
2.174539
2.147355
2.119259
2.090796
2.062314
2.034327
2.007136
1.981199
1.956751
1.934171
1.913611
1.895363
1.879489
1.866190
1.855440
1.847352
1.841822
1.838888
1.838376
1.840262
1.844318
1.850472
1.858457
1.868167
1.879306
1.891747
1.905180
1.919468
1.934298
1.949532
1.964865
1.980168
1.995154
2.009713
2.023582
2.036681
2.048779
2.059829
2.069640
2.078205
2.085373
2.091180
2.095519
2.098466
2.099958
2.100112
2.098900
2.096475
2.092844
2.088187
2.082536
2.076091
2.068902
2.061181
2.052984
2.044525
2.035862
2.027201
2.018592
2.010227
2.002140
1.994505
1.987335
1.980780
1.974831
1.969612
1.965087
1.961358
1.958363
1.956178
1.954721
1.954045
1.954050
1.954768
1.956084
1.958018
1.960442
1.963364
1.966651
1.970306
1.974191
1.978307
1.982519
1.986829
1.991105
1.995355
1.999457
2.003422
2.007141
2.010634
2.013803
2.016680
2.019178
2.021341
2.023094
2.024495
2.025479
2.026114
2.026348
2.026258
2.025801
2.025061
2.024004
2.022718
2.021177
2.019471
2.017575
2.015584
2.013473
2.011334
2.009142
2.006987
2.004841
2.002789
2.000800
1.998951
1.997208
1.995643
1.994213
1.992985
1.991912
1.991052
1.990353
1.989867
1.989538
1.989412
1.989429
1.989630
1.989953
1.990433
1.991008
1.991711
1.992477
1.993340
1.994233
1.995189
1.996145
1.997133
1.998091
1.999053
1.999959
2.000845
2.001653
2.002423
2.003100
2.003724
2.004245
2.004706
2.005060
2.005350
2.005534
2.005658
2.005680
2.005648
2.005525
2.005358
2.005111
2.004833
2.004489
2.004128
2.003716
2.003302
2.002851
2.002412
2.001951
2.001514
2.001068
2.000657
2.000248
1.999883
1.999528
1.999223
1.998934
1.998699
1.998483
1.998323
1.998183
1.998097
1.998030
1.998014
1.998014
1.998062
1.998120
1.998220
1.998326
1.998467
1.998607
1.998777
1.998939
1.999124
1.999297
1.999486
1.999657
1.999838
1.999998
2.000164
2.000304
2.000447
2.000562
2.000677
2.000763
2.000847
2.000902
2.000956
2.000981
2.001005
2.001001
2.000997
2.000968
2.000942
2.000892
2.000846
2.000781
2.000721
2.000645
2.000577
2.000496
2.000425
2.000342
2.000272
2.000193
2.000128
2.000056
2.000000
1.999937
1.999891
1.999840
1.999806
1.999767
1.999745
1.999719
1.999709
1.999695
1.999697
1.999693
1.999705
1.999711
1.999730
1.999743
1.999769
1.999787
1.999817
1.999838
1.999870
1.999893
1.999925
1.999948
1.999978
1.999999
2.000027
2.000044
2.000068
2.000082
2.000101
2.000111
2.000126
2.000130
2.000141
2.000141
2.000147
2.000143
2.000145
2.000138
2.000137
2.000126
2.000122
2.000110
2.000104
2.000091
2.000084
2.000070
2.000062
2.000048
2.000041
2.000027
2.000021
2.000009
2.000003
1.999993
1.999989
1.999980
1.999977
1.999970
1.999969
1.999964
1.999965
1.999961
1.999963
1.999960
1.999964
1.999963
1.999967
1.999967
1.999972
1.999973
1.999978
1.999979
1.999985
1.999986
1.999992
1.999993
1.999998
1.999999
2.000004
2.000004
2.000009
2.000009
2.000013
2.000012
2.000016
2.000015
2.000018
2.000016
2.000018
2.000016
2.000018
2.000015
2.000017
2.000014
2.000015
2.000012
2.000013
2.000010
2.000010
2.000007
2.000008
2.000005
2.000006
2.000003
2.000003
2.000001
2.000001
1.999999
2.000000
1.999997
1.999998
1.999996
1.999997
1.999996
1.999997
1.999995
1.999997
1.999995
1.999997
1.999996
1.999997
1.999996
1.999998
1.999997
1.999998
1.999997
1.999999
1.999998
2.000000
1.999999
2.000000
1.999999
2.000001
2.000000
2.000001
2.000000
2.000002
2.000001
2.000002
2.000001
2.000002
2.000001
2.000002
2.000001
2.000002
2.000001
2.000002
2.000001
2.000002
2.000001
2.000002
2.000001
2.000001
2.000000
2.000001
2.000000
2.000001
2.000000
2.000001
2.000000
2.000000
2.000000
2.000000
1.999999
2.000000
1.999999
2.000000
1.999999
2.000000
1.999999
2.000000
1.999999
2.000000
1.999999
2.000000
1.999999
2.000000
1.999999
2.000000
2.000000
2.000000
2.000000
2.000000
2.000000
2.000000
2.000000
2.000000
2.000000
2.000000
2.000000
2.000000
2.000000
2.000000
2.000000
2.000000
2.000000
2.000000
2.000000
2.000000
2.000000
2.000000
2.000000
2.000000
2.000000
2.000000
2.000000
2.000000
2.000000
2.000000
2.000000
2.000000
2.000000
2.000000
2.000000
2.000000
2.000000
2.000000
2.000000
2.000000
2.000000
2.000000
2.000000
2.000000
2.000000
2.000000
2.000000
2.000000
2.000000
2.000000
2.000000
2.000000
2.000000
2.000000
2.000000
2.000000
2.000000
2.000000
2.000000
2.000000
2.000000
2.000000
2.000000
2.000000
2.000000
2.000000
2.000000
2.000000
2.000000
2.000000
2.000000
2.000000
2.000000
2.000000
2.000000
2.000000
2.000000
2.000000
2.000000
2.000000
2.000000
2.000000
2.000000
2.000000
2.000000
2.000000
2.000000
2.000000
2.000000
2.000000
2.000000
2.000000
2.000000
2.000000
2.000000
2.000000
2.000000
2.000000
2.000000
2.000000
2.000000
2.000000
2.000000
2.000000
2.000000
2.000000
2.000000
2.000000
2.000000
2.000000
2.000000
2.000000
2.000000
2.000000
2.000000
2.000000
2.000000
2.000000
2.000000
2.000000
2.000000
2.000000
2.000000
2.000000
2.000000
2.000000
2.000000
2.000000
2.000000
2.000000
2.000000
2.000000
2.000000
2.000000
2.000000
2.000000
2.000000
2.000000
2.000000
2.000000
2.000000
2.000000
2.000000
2.000000
2.000000
2.000000
2.000000
2.000000
2.000000
2.000000
2.000000
2.000000
2.000000
2.000000
2.000000
2.000000
2.000000
2.000000
2.000000
2.000000
2.000000
2.000000
2.000000
2.000000
2.000000
2.000000
2.000000
2.000000
2.000000
2.000000
2.000000
2.000000
2.000000
2.000000
2.000000
2.000000
2.000000
2.000000
2.000000
2.000000
2.000000
2.000000
2.000000
2.000000
2.000000
2.000000
2.000000
2.000000
2.000000
2.000000
2.000000
2.000000
2.000000
2.000000
2.000000
2.000000
2.000000
2.000000
2.000000
2.000000
2.000000
2.000000
2.000000
2.000000
2.000000
2.000000
2.000000
2.000000
2.000000
2.000000
2.000000
2.000000
2.000000
2.000000
2.000000
2.000000
2.000000
2.000000
2.000000
2.000000
2.000000
2.000000
2.000000
2.000000
2.000000
2.000000
2.000000
2.000000
2.000000
2.000000
2.000000
2.000000
2.000000
2.000000
2.000000
2.000000
2.000000
2.000000
2.000000
2.000000
2.000000
2.000000
2.000000
2.000000
2.000000
2.000000
2.000000
2.000000
2.000000
2.000000
2.000000
2.000000
2.000000
2.000000
2.000000
2.000000
2.000000
2.000000
2.000000
2.000000
2.000000
2.000000
2.000000
2.000000
2.000000
2.000000
2.000000
2.000000
2.000000
2.000000
2.000000
2.000000
2.000000
2.000000
2.000000
2.000000
2.000000
2.000000
2.000000
2.000000
2.000000
2.000000
2.000000
2.000000
2.000000
2.000000
2.000000
2.000000
2.000000
2.000000
2.000000
2.000000
2.000000
2.000000
2.000000
2.000000
2.000000
2.000000
2.000000
2.000000
2.000000
2.000000
2.000000
2.000000
