1.991892
1.966898
1.955570
1.955570
1.966898
1.991892
2.020684
2.056256
2.089960
2.125314
2.154773
2.182377
2.201632
2.217121
2.223351
2.225406
2.218670
2.208589
2.191206
2.172090
2.147673
2.123375
2.095761
2.069879
2.042264
2.017479
1.991993
1.969886
1.947625
1.928884
1.910226
1.895007
1.879973
1.868216
1.856715
1.848325
1.840270
1.835173
1.830505
1.828655
1.827336
1.828706
1.830708
1.835283
1.840590
1.848363
1.856964
1.867929
1.879798
1.893915
1.908969
1.926108
1.944122
1.963953
1.984444
2.006313
2.028407
2.051217
2.073570
2.095749
2.116578
2.136197
2.153480
2.168526
2.180352
2.189124
2.194091
2.195581
2.193131
2.187267
2.177816
2.165482
2.150319
2.133135
2.114113
2.094066
2.073200
2.052243
2.031347
2.011101
1.991565
1.973178
1.955912
1.940072
1.925572
1.912620
1.901096
1.891148
1.882648
1.875705
1.870200
1.866216
1.863647
1.862559
1.862859
1.864599
1.867697
1.872189
1.878000
1.885148
1.893557
1.903223
1.914059
1.926029
1.939021
1.952958
1.967690
1.983083
1.998940
2.015065
2.031206
2.047115
2.062495
2.077064
2.090514
2.102564
2.112939
2.121408
2.127771
2.131895
2.133694
2.133157
2.130328
2.125324
2.118307
2.109497
2.099142
2.087520
2.074919
2.061631
2.047935
2.034096
2.020352
2.006917
1.993973
1.981673
1.970140
1.959476
1.949755
1.941035
1.933355
1.926742
1.921213
1.916775
1.913428
1.911164
1.909974
1.909841
1.910743
1.912657
1.915550
1.919389
1.924131
1.929727
1.936123
1.943254
1.951047
1.959419
1.968278
1.977521
1.987032
1.996689
2.006359
2.015902
2.025175
2.034032
2.042328
2.049926
2.056696
2.062523
2.067309
2.070978
2.073476
2.074776
2.074876
2.073801
2.071601
2.068349
2.064138
2.059076
2.053286
2.046897
2.040043
2.032859
2.025476
2.018019
2.010606
2.003343
1.996328
1.989646
1.983370
1.977562
1.972274
1.967549
1.963417
1.959903
1.957023
1.954785
1.953193
1.952241
1.951921
1.952218
1.953112
1.954578
1.956586
1.959103
1.962089
1.965501
1.969291
1.973408
1.977795
1.982394
1.987142
1.991974
1.996825
2.001628
2.006315
2.010821
2.015083
2.019042
2.022644
2.025839
2.028587
2.030855
2.032616
2.033857
2.034570
2.034759
2.034438
2.033626
2.032353
2.030656
2.028577
2.026162
2.023462
2.020531
2.017423
2.014191
2.010888
2.007568
2.004277
2.001062
1.997965
1.995023
1.992271
1.989736
1.987443
1.985414
1.983663
1.982201
1.981037
1.980174
1.979611
1.979345
1.979368
1.979669
1.980236
1.981052
1.982098
1.983354
1.984797
1.986402
1.988143
1.989992
1.991922
1.993905
1.995910
1.997912
1.999880
2.001790
2.003616
2.005334
2.006924
2.008366
2.009644
2.010745
2.011659
2.012379
2.012901
2.013224
2.013351
2.013287
2.013041
2.012623
2.012046
2.011325
2.010477
2.009519
2.008470
2.007348
2.006174
2.004966
2.003743
2.002523
2.001324
2.000161
1.999049
1.998001
1.997029
1.996143
1.995351
1.994661
1.994077
1.993602
1.993239
1.992987
1.992845
1.992810
1.992879
1.993045
1.993303
1.993645
1.994063
1.994548
1.995090
1.995681
1.996308
1.996963
1.997635
1.998314
1.998990
1.999654
2.000296
2.000910
2.001486
2.002019
2.002502
2.002932
2.003303
2.003614
2.003862
2.004047
2.004169
2.004228
2.004227
2.004168
2.004055
2.003892
2.003684
2.003435
2.003152
2.002839
2.002502
2.002148
2.001783
2.001411
2.001039
2.000672
2.000315
1.999972
1.999648
1.999346
1.999069
1.998820
1.998601
1.998413
1.998259
1.998137
1.998049
1.997994
1.997971
1.997979
1.998015
1.998079
1.998168
1.998279
1.998410
1.998558
1.998719
1.998892
1.999072
1.999257
1.999445
1.999632
1.999815
1.999993
2.000162
2.000322
2.000470
2.000604
2.000724
2.000828
2.000915
2.000987
2.001041
2.001078
2.001099
2.001104
2.001094
2.001069
2.001032
2.000982
2.000922
2.000852
2.000775
2.000692
2.000604
2.000513
2.000420
2.000326
2.000234
2.000144
2.000057
1.999975
1.999898
1.999828
1.999764
1.999707
1.999659
1.999618
1.999585
1.999561
1.999544
1.999535
1.999534
1.999540
1.999552
1.999570
1.999594
1.999623
1.999655
1.999691
1.999730
1.999770
1.999812
1.999854
1.999896
1.999938
1.999978
2.000017
2.000053
2.000087
2.000117
2.000145
2.000169
2.000189
2.000206
2.000219
2.000228
2.000234
2.000236
2.000235
2.000231
2.000224
2.000214
2.000202
2.000188
2.000173
2.000156
2.000138
2.000119
2.000100
2.000081
2.000062
2.000043
2.000025
2.000008
1.999992
1.999977
1.999964
1.999952
1.999941
1.999933
1.999925
1.999920
1.999916
1.999914
1.999913
1.999913
1.999915
1.999918
1.999922
1.999927
1.999933
1.999939
1.999946
1.999954
1.999962
1.999969
1.999977
1.999985
1.999992
1.999999
2.000006
2.000012
2.000018
2.000023
2.000028
2.000032
2.000035
2.000038
2.000039
2.000041
2.000041
2.000041
2.000041
2.000040
2.000038
2.000036
2.000034
2.000031
2.000029
2.000025
2.000022
2.000019
2.000016
2.000013
2.000009
2.000006
2.000003
2.000001
1.999998
1.999996
1.999994
1.999992
1.999990
1.999989
1.999988
1.999987
1.999987
1.999987
1.999987
1.999987
1.999987
1.999988
1.999989
1.999989
1.999990
1.999991
1.999992
1.999994
1.999995
1.999996
1.999997
1.999998
1.999999
2.000000
2.000001
2.000002
2.000003
2.000004
2.000004
2.000005
2.000005
2.000006
2.000006
2.000006
2.000006
2.000006
2.000006
2.000006
2.000005
2.000005
2.000005
2.000004
2.000004
2.000003
2.000003
2.000003
2.000002
2.000002
2.000001
2.000001
2.000000
2.000000
2.000000
1.999999
1.999999
1.999999
1.999999
1.999999
1.999998
1.999998
1.999998
1.999998
1.999998
1.999998
1.999998
1.999999
1.999999
1.999999
1.999999
1.999999
1.999999
1.999999
1.999999
2.000000
2.000000
2.000000
2.000000
2.000000
2.000000
2.000000
2.000000
2.000000
2.000001
2.000001
2.000001
2.000001
2.000001
2.000001
2.000001
2.000001
2.000001
2.000001
2.000001
2.000001
2.000001
2.000000
2.000000
2.000000
2.000000
2.000000
2.000000
2.000000
2.000000
2.000000
2.000000
2.000000
2.000000
2.000000
2.000000
2.000000
2.000000
2.000000
2.000000
2.000000
2.000000
2.000000
2.000000
2.000000
2.000000
2.000000
2.000000
2.000000
2.000000
2.000000
2.000000
2.000000
2.000000
2.000000
2.000000
2.000000
2.000000
2.000000
2.000000
2.000000
2.000000
2.000000
2.000000
2.000000
2.000000
2.000000
2.000000
2.000000
2.000000
2.000000
2.000000
2.000000
2.000000
2.000000
2.000000
2.000000
2.000000
2.000000
2.000000
2.000000
2.000000
2.000000
2.000000
2.000000
2.000000
2.000000
2.000000
2.000000
2.000000
2.000000
2.000000
2.000000
2.000000
2.000000
2.000000
2.000000
2.000000
2.000000
2.000000
2.000000
2.000000
2.000000
2.000000
2.000000
2.000000
2.000000
2.000000
2.000000
2.000000
2.000000
2.000000
2.000000
2.000000
2.000000
2.000000
2.000000
2.000000
2.000000
2.000000
2.000000
2.000000
2.000000
2.000000
2.000000
2.000000
2.000000
2.000000
2.000000
2.000000
2.000000
2.000000
2.000000
2.000000
2.000000
2.000000
2.000000
2.000000
2.000000
2.000000
2.000000
2.000000
2.000000
2.000000
2.000000
2.000000
2.000000
2.000000
2.000000
2.000000
2.000000
2.000000
2.000000
2.000000
2.000000
2.000000
2.000000
2.000000
2.000000
2.000000
2.000000
2.000000
2.000000
2.000000
2.000000
2.000000
2.000000
2.000000
2.000000
2.000000
2.000000
2.000000
2.000000
2.000000
2.000000
2.000000
2.000000
2.000000
2.000000
2.000000
2.000000
2.000000
2.000000
2.000000
2.000000
2.000000
2.000000
2.000000
2.000000
2.000000
2.000000
2.000000
2.000000
2.000000
2.000000
2.000000
2.000000
2.000000
2.000000
2.000000
2.000000
2.000000
2.000000
2.000000
2.000000
2.000000
2.000000
2.000000
2.000000
2.000000
2.000000
2.000000
2.000000
2.000000
2.000000
2.000000
2.000000
2.000000
2.000000
2.000000
2.000000
2.000000
2.000000
2.000000
2.000000
2.000000
2.000000
2.000000
2.000000
2.000000
2.000000
2.000000
2.000000
2.000000
2.000000
2.000000
2.000000
2.000000
2.000000
2.000000
2.000000
2.000000
2.000000
2.000000
2.000000
2.000000
2.000000
2.000000
2.000000
2.000000
2.000000
2.000000
2.000000
2.000000
2.000000
2.000000
2.000000
2.000000
2.000000
2.000000
2.000000
2.000000
2.000000
2.000000
2.000000
2.000000
2.000000
2.000000
2.000000
2.000000
2.000000
2.000000
2.000000
2.000000
2.000000
2.000000
2.000000
2.000000
2.000000
2.000000
2.000000
2.000000
2.000000
2.000000
2.000000
2.000000
2.000000
2.000000
2.000000
2.000000
2.000000
2.000000
2.000000
2.000000
2.000000
2.000000
2.000000
2.000000
2.000000
2.000000
2.000000
2.000000
2.000000
2.000000
2.000000
2.000000
2.000000
2.000000
2.000000
2.000000
2.000000
2.000000
2.000000
2.000000
2.000000
2.000000
2.000000
2.000000
2.000000
2.000000
2.000000
2.000000
2.000000
2.000000
2.000000
2.000000
2.000000
2.000000
2.000000
2.000000
2.000000
2.000000
2.000000
2.000000
2.000000
2.000000
2.000000
2.000000
2.000000
2.000000
2.000000
2.000000
2.000000
2.000000
2.000000
2.000000
2.000000
2.000000
2.000000
2.000000
2.000000
2.000000
2.000000
2.000000
2.000000
2.000000
2.000000
2.000000
2.000000
2.000000
2.000000
2.000000
2.000000
2.000000
2.000000
2.000000
2.000000
2.000000
2.000000
2.000000
2.000000
2.000000
2.000000
2.000000
2.000000
2.000000
2.000000
2.000000
2.000000
2.000000
2.000000
2.000000
2.000000
2.000000
2.000000
2.000000
2.000000
2.000000
2.000000
2.000000
2.000000
2.000000
2.000000
2.000000
2.000000
2.000000
2.000000
2.000000
2.000000
2.000000
2.000000
2.000000
2.000000
2.000000
2.000000
2.000000
2.000000
2.000000
2.000000
2.000000
2.000000
2.000000
2.000000
2.000000
