2.020899
1.968095
1.940566
1.940566
1.968095
2.020899
2.088352
2.168740
2.252022
2.337161
2.415023
2.485679
2.541353
2.583643
2.606472
2.613189
2.599514
2.570516
2.523539
2.465060
2.393609
2.316506
2.232797
2.149887
2.066554
1.989511
1.916585
1.853258
1.796120
1.749366
1.708579
1.677073
1.649989
1.630308
1.613267
1.601892
1.591800
1.586176
1.581074
1.579784
1.578744
1.581253
1.584076
1.590460
1.597482
1.608336
1.620439
1.636968
1.655710
1.679836
1.707462
1.741658
1.780675
1.827231
1.879349
1.939038
2.003707
2.074384
2.147671
2.223630
2.298207
2.370853
2.437295
2.496921
2.545790
2.583782
2.607763
2.618519
2.614019
2.596145
2.564040
2.520632
2.466065
2.404036
2.335310
2.263881
2.190617
2.119259
2.050249
1.986598
1.927972
1.876436
1.830844
1.792428
1.759491
1.732765
1.710381
1.692913
1.678615
1.668110
1.659911
1.654752
1.651418
1.650731
1.651702
1.655199
1.660421
1.668248
1.678041
1.690685
1.705683
1.723910
1.744981
1.769718
1.797769
1.829816
1.865407
1.904952
1.947748
1.993805
2.042057
2.092062
2.142391
2.192231
2.239919
2.284472
2.324233
2.358312
2.385320
2.404722
2.415612
2.417987
2.411548
2.396886
2.374305
2.344926
2.309531
2.269593
2.226155
2.180795
2.134552
2.088851
2.044498
2.002570
1.963502
1.927949
1.895964
1.867832
1.843321
1.822471
1.804907
1.790563
1.779044
1.770278
1.763927
1.759962
1.758127
1.758448
1.760749
1.765101
1.771386
1.779704
1.789974
1.802296
1.816603
1.832969
1.851301
1.871617
1.893761
1.917653
1.943039
1.969712
1.997295
2.025446
2.053667
2.081503
2.108377
2.133774
2.157107
2.177887
2.195600
2.209868
2.220336
2.226808
2.229144
2.227373
2.221587
2.212039
2.199031
2.182997
2.164387
2.143744
2.121587
2.098478
2.074921
2.051419
2.028391
2.006231
1.985233
1.965660
1.947679
1.931429
1.916974
1.904360
1.893576
1.884611
1.877416
1.871952
1.868155
1.865977
1.865353
1.866236
1.868564
1.872289
1.877350
1.883694
1.891251
1.899956
1.909723
1.920463
1.932068
1.944419
1.957377
1.970793
1.984495
1.998306
2.012030
2.025469
2.038417
2.050673
2.062038
2.072327
2.081372
2.089029
2.095177
2.099730
2.102633
2.103868
2.103451
2.101436
2.097905
2.092975
2.086784
2.079492
2.071276
2.062320
2.052813
2.042944
2.032894
2.022837
2.012931
2.003322
1.994135
1.985481
1.977450
1.970118
1.963541
1.957763
1.952813
1.948707
1.945451
1.943043
1.941470
1.940713
1.940748
1.941542
1.943060
1.945259
1.948092
1.951510
1.955454
1.959867
1.964682
1.969832
1.975246
1.980848
1.986563
1.992313
1.998020
2.003606
2.008996
2.014118
2.018904
2.023292
2.027227
2.030661
2.033556
2.035883
2.037623
2.038767
2.039316
2.039284
2.038690
2.037565
2.035946
2.033880
2.031416
2.028610
2.025520
2.022206
2.018728
2.015147
2.011520
2.007905
2.004352
2.000910
1.997623
1.994530
1.991664
1.989054
1.986723
1.984688
1.982964
1.981558
1.980474
1.979712
1.979265
1.979127
1.979285
1.979725
1.980428
1.981374
1.982540
1.983902
1.985435
1.987110
1.988900
1.990777
1.992710
1.994672
1.996635
1.998571
2.000455
2.002262
2.003969
2.005556
2.007006
2.008303
2.009434
2.010389
2.011163
2.011751
2.012153
2.012370
2.012408
2.012273
2.011976
2.011528
2.010942
2.010234
2.009419
2.008514
2.007537
2.006505
2.005435
2.004346
2.003253
2.002172
2.001119
2.000106
1.999146
1.998250
1.997427
1.996685
1.996030
1.995467
1.994999
1.994628
1.994355
1.994177
1.994092
1.994098
1.994189
1.994360
1.994604
1.994915
1.995284
1.995704
1.996166
1.996662
1.997183
1.997721
1.998266
1.998811
1.999348
1.999871
2.000371
2.000844
2.001283
2.001684
2.002044
2.002359
2.002627
2.002846
2.003016
2.003136
2.003208
2.003233
2.003213
2.003151
2.003049
2.002911
2.002741
2.002544
2.002323
2.002082
2.001827
2.001562
2.001290
2.001017
2.000746
2.000481
2.000225
1.999981
1.999753
1.999542
1.999351
1.999181
1.999033
1.998909
1.998808
1.998731
1.998678
1.998647
1.998638
1.998651
1.998682
1.998732
1.998798
1.998878
1.998971
1.999073
1.999184
1.999301
1.999423
1.999546
1.999669
1.999791
1.999910
2.000024
2.000131
2.000231
2.000323
2.000406
2.000478
2.000541
2.000592
2.000633
2.000663
2.000682
2.000691
2.000690
2.000680
2.000661
2.000635
2.000602
2.000562
2.000518
2.000469
2.000417
2.000362
2.000307
2.000250
2.000194
2.000139
2.000086
2.000035
1.999988
1.999944
1.999903
1.999867
1.999836
1.999809
1.999787
1.999769
1.999757
1.999749
1.999745
1.999745
1.999750
1.999758
1.999769
1.999783
1.999799
1.999818
1.999838
1.999859
1.999882
1.999904
1.999927
1.999950
1.999972
1.999993
2.000013
2.000032
2.000049
2.000065
2.000079
2.000090
2.000100
2.000108
2.000114
2.000118
2.000121
2.000121
2.000120
2.000117
2.000113
2.000108
2.000101
2.000094
2.000086
2.000077
2.000068
2.000059
2.000049
2.000040
2.000030
2.000021
2.000013
2.000004
1.999997
1.999990
1.999984
1.999978
1.999973
1.999969
1.999966
1.999964
1.999962
1.999961
1.999961
1.999961
1.999962
1.999964
1.999966
1.999968
1.999971
1.999974
1.999977
1.999980
1.999984
1.999987
1.999991
1.999994
1.999997
2.000000
2.000003
2.000006
2.000008
2.000010
2.000012
2.000014
2.000015
2.000016
2.000017
2.000017
2.000017
2.000017
2.000017
2.000016
2.000016
2.000015
2.000014
2.000013
2.000012
2.000010
2.000009
2.000008
2.000006
2.000005
2.000004
2.000003
2.000001
2.000000
1.999999
1.999999
1.999998
1.999997
1.999996
1.999996
1.999996
1.999995
1.999995
1.999995
1.999995
1.999995
1.999995
1.999996
1.999996
1.999996
1.999997
1.999997
1.999997
1.999998
1.999998
1.999999
1.999999
1.999999
2.000000
2.000000
2.000001
2.000001
2.000001
2.000001
2.000002
2.000002
2.000002
2.000002
2.000002
2.000002
2.000002
2.000002
2.000002
2.000002
2.000002
2.000002
2.000002
2.000001
2.000001
2.000001
2.000001
2.000001
2.000001
2.000001
2.000000
2.000000
2.000000
2.000000
2.000000
2.000000
2.000000
2.000000
2.000000
2.000000
2.000000
2.000000
2.000000
2.000000
2.000000
2.000000
2.000000
2.000000
2.000000
2.000000
2.000000
2.000000
2.000000
2.000000
2.000000
2.000000
2.000000
2.000000
2.000000
2.000000
2.000000
2.000000
2.000000
2.000000
2.000000
2.000000
2.000000
2.000000
2.000000
2.000000
2.000000
2.000000
2.000000
2.000000
2.000000
2.000000
2.000000
2.000000
2.000000
2.000000
2.000000
2.000000
2.000000
2.000000
2.000000
2.000000
2.000000
2.000000
2.000000
2.000000
2.000000
2.000000
2.000000
2.000000
2.000000
2.000000
2.000000
2.000000
2.000000
2.000000
2.000000
2.000000
2.000000
2.000000
2.000000
2.000000
2.000000
2.000000
2.000000
2.000000
2.000000
2.000000
2.000000
2.000000
2.000000
2.000000
2.000000
2.000000
2.000000
2.000000
2.000000
2.000000
2.000000
2.000000
2.000000
2.000000
2.000000
2.000000
2.000000
2.000000
2.000000
2.000000
2.000000
2.000000
2.000000
2.000000
2.000000
2.000000
2.000000
2.000000
2.000000
2.000000
2.000000
2.000000
2.000000
2.000000
2.000000
2.000000
2.000000
2.000000
2.000000
2.000000
2.000000
2.000000
2.000000
2.000000
2.000000
2.000000
2.000000
2.000000
2.000000
2.000000
2.000000
2.000000
2.000000
2.000000
2.000000
2.000000
2.000000
2.000000
2.000000
2.000000
2.000000
2.000000
2.000000
2.000000
2.000000
2.000000
2.000000
2.000000
2.000000
2.000000
2.000000
2.000000
2.000000
2.000000
2.000000
2.000000
2.000000
2.000000
2.000000
2.000000
2.000000
2.000000
2.000000
2.000000
2.000000
2.000000
2.000000
2.000000
2.000000
2.000000
2.000000
2.000000
2.000000
2.000000
2.000000
2.000000
2.000000
2.000000
2.000000
2.000000
2.000000
2.000000
2.000000
2.000000
2.000000
2.000000
2.000000
2.000000
2.000000
2.000000
2.000000
2.000000
2.000000
2.000000
2.000000
2.000000
2.000000
2.000000
2.000000
2.000000
2.000000
2.000000
2.000000
2.000000
2.000000
2.000000
2.000000
2.000000
2.000000
2.000000
2.000000
2.000000
2.000000
2.000000
2.000000
2.000000
2.000000
2.000000
2.000000
2.000000
2.000000
2.000000
2.000000
2.000000
2.000000
2.000000
2.000000
2.000000
2.000000
2.000000
2.000000
2.000000
2.000000
2.000000
2.000000
2.000000
2.000000
2.000000
2.000000
2.000000
2.000000
2.000000
2.000000
2.000000
2.000000
2.000000
2.000000
2.000000
2.000000
2.000000
2.000000
2.000000
2.000000
2.000000
2.000000
2.000000
2.000000
2.000000
2.000000
2.000000
2.000000
2.000000
2.000000
2.000000
2.000000
2.000000
2.000000
2.000000
2.000000
2.000000
2.000000
2.000000
2.000000
2.000000
2.000000
2.000000
2.000000
2.000000
2.000000
2.000000
2.000000
2.000000
2.000000
2.000000
2.000000
2.000000
2.000000
2.000000
2.000000
2.000000
2.000000
2.000000
2.000000
2.000000
2.000000
2.000000
2.000000
2.000000
2.000000
2.000000
2.000000
2.000000
2.000000
2.000000
2.000000
2.000000
2.000000
2.000000
2.000000
2.000000
2.000000
2.000000
2.000000
2.000000
2.000000
2.000000
2.000000
2.000000
2.000000
2.000000
2.000000
2.000000
2.000000
2.000000
2.000000
2.000000
2.000000
2.000000
2.000000
2.000000
2.000000
2.000000
2.000000
2.000000
2.000000
2.000000
2.000000
2.000000
2.000000
2.000000
2.000000
2.000000
2.000000
2.000000
2.000000
2.000000
2.000000
2.000000
2.000000
2.000000
2.000000
2.000000
2.000000
2.000000
2.000000
2.000000
2.000000
2.000000
2.000000
2.000000
2.000000
2.000000
2.000000
2.000000
2.000000
2.000000
2.000000
2.000000
2.000000
2.000000
2.000000
2.000000
2.000000
2.000000
2.000000
2.000000
2.000000
2.000000
2.000000
2.000000
2.000000
2.000000
2.000000
