2.203333
2.111925
2.057306
2.057306
2.111925
2.203333
2.321866
2.451843
2.586072
2.711501
2.823662
2.912269
2.975667
3.006398
3.005636
2.968732
2.899621
2.796327
2.665334
2.507052
2.330130
2.136870
1.937471
1.735357
1.541312
1.358663
1.197238
1.058372
0.948701
0.865296
0.809880
0.774985
0.759086
0.753537
0.757228
0.763210
0.772171
0.779099
0.785948
0.788893
0.790380
0.787201
0.781944
0.771978
0.760265
0.745386
0.731644
0.720251
0.718428
0.731489
0.769806
0.840508
0.951498
1.104071
1.297946
1.527079
1.785629
2.064169
2.355047
2.648225
2.936223
3.209766
3.462543
3.686778
3.877901
4.030079
4.140828
4.206507
4.226890
4.200626
4.129769
4.015210
3.861168
3.670588
3.449602
3.202899
2.938143
2.661319
2.381102
2.104157
1.839433
1.593370
1.374014
1.186038
1.034525
0.919848
0.841445
0.793686
0.770908
0.764980
0.770246
0.780695
0.793297
0.804847
0.814458
0.820829
0.824399
0.825220
0.824851
0.824791
0.828056
0.838001
0.859328
0.896909
0.955872
1.040225
1.152473
1.292907
1.459813
1.649686
1.857788
2.078547
2.305988
2.534014
2.756654
2.968248
3.163580
3.337995
3.487475
3.608714
3.699145
3.756989
3.781247
3.771719
3.728973
3.654335
3.549833
3.418167
3.262627
3.087047
2.895695
2.693211
2.484470
2.274502
2.068315
1.870779
1.686404
1.519173
1.372248
1.247795
1.146685
1.068491
1.011428
0.972793
0.949208
0.937335
0.934003
0.936790
0.943779
0.954004
0.966957
0.983026
1.002883
1.027954
1.059705
1.100095
1.150750
1.213409
1.289036
1.378350
1.481016
1.596340
1.722596
1.857847
1.999347
2.144407
2.289797
2.432603
2.569601
2.698080
2.815189
2.918734
3.006489
3.076975
3.128745
3.161144
3.173570
3.166221
3.139337
3.093928
3.031008
2.952305
2.859479
2.754826
2.640484
2.519122
2.393136
2.265334
2.138118
2.014159
1.895578
1.784617
1.682822
1.591728
1.512074
1.444528
1.388956
1.345221
1.312515
1.290208
1.277207
1.272804
1.276007
1.286335
1.303097
1.326127
1.355026
1.389851
1.430339
1.476580
1.528256
1.585303
1.647181
1.713556
1.783594
1.856658
1.931640
2.007665
2.083436
2.157951
2.229855
2.298151
2.361555
2.419200
2.469990
2.513292
2.548281
2.574629
2.591842
2.599931
2.598750
2.588659
2.569849
2.543001
2.508604
2.467605
2.420730
2.369118
2.313646
2.255555
2.195776
2.135553
2.075771
2.017576
1.961713
1.909148
1.860410
1.816224
1.776870
1.742813
1.714082
1.690907
1.673108
1.660734
1.653459
1.651213
1.653589
1.660453
1.671359
1.686142
1.704338
1.725762
1.749933
1.776641
1.805385
1.835925
1.867731
1.900534
1.933783
1.967187
2.000186
2.032488
2.063545
2.093089
2.120614
2.145901
2.168512
2.188306
2.204932
2.218346
2.228305
2.234872
2.237917
2.237615
2.233948
2.227194
2.217434
2.205036
2.190164
2.173251
2.154517
2.134436
2.113255
2.091458
2.069293
2.047226
2.025477
2.004470
1.984376
1.965561
1.948130
1.932379
1.918343
1.906244
1.896047
1.887903
1.881716
1.877571
1.875321
1.874999
1.876414
1.879561
1.884215
1.890342
1.897695
1.906219
1.915655
1.925933
1.936790
1.948150
1.959753
1.971524
1.983210
1.994747
2.005896
2.016610
2.026671
2.036052
2.044565
2.052208
2.058825
2.064446
2.068946
2.072388
2.074683
2.075925
2.076057
2.075203
2.073337
2.070604
2.067006
2.062706
2.057721
2.052230
2.046259
2.039990
2.033455
2.026832
2.020149
2.013576
2.007132
2.000972
1.995101
1.989656
1.984627
1.980128
1.976133
1.972735
1.969887
1.967664
1.966003
1.964959
1.964453
1.964524
1.965083
1.966154
1.967637
1.969550
1.971785
1.974351
1.977141
1.980159
1.983296
1.986558
1.989838
1.993144
1.996374
1.999540
2.002549
2.005417
2.008060
2.010502
2.012669
2.014593
2.016211
2.017561
2.018592
2.019350
2.019793
2.019975
2.019862
2.019513
2.018903
2.018097
2.017072
2.015897
2.014554
2.013112
2.011556
2.009954
2.008291
2.006633
2.004965
2.003349
2.001766
2.000275
1.998855
1.997558
1.996360
1.995307
1.994371
1.993593
1.992941
1.992451
1.992087
1.991880
1.991791
1.991847
1.992007
1.992294
1.992665
1.993141
1.993679
1.994297
1.994953
1.995663
1.996386
1.997140
1.997883
1.998633
1.999352
2.000058
2.000715
2.001343
2.001908
2.002432
2.002883
2.003285
2.003610
2.003882
2.004077
2.004218
2.004285
2.004303
2.004252
2.004160
2.004007
2.003821
2.003586
2.003328
2.003032
2.002725
2.002391
2.002057
2.001707
2.001367
2.001022
2.000696
2.000374
2.000079
1.999794
1.999541
1.999304
1.999103
1.998921
1.998776
1.998652
1.998565
1.998499
1.998467
1.998454
1.998473
1.998507
1.998570
1.998643
1.998740
1.998843
1.998965
1.999089
1.999226
1.999360
1.999503
1.999639
1.999778
1.999907
2.000037
2.000153
2.000266
2.000364
2.000456
2.000532
2.000602
2.000655
2.000701
2.000729
2.000752
2.000758
2.000759
2.000745
2.000727
2.000696
2.000662
2.000618
2.000572
2.000518
2.000466
2.000406
2.000350
2.000289
2.000232
2.000173
2.000120
2.000065
2.000018
1.999970
1.999931
1.999892
1.999861
1.999831
1.999810
1.999790
1.999778
1.999767
1.999764
1.999762
1.999767
1.999772
1.999783
1.999795
1.999811
1.999827
1.999847
1.999865
1.999887
1.999907
1.999930
1.999949
1.999971
1.999990
2.000009
2.000026
2.000043
2.000056
2.000070
2.000080
2.000090
2.000097
2.000103
2.000106
2.000110
2.000109
2.000110
2.000107
2.000104
2.000099
2.000094
2.000087
2.000081
2.000072
2.000065
2.000056
2.000049
2.000040
2.000033
2.000024
2.000017
2.000009
2.000003
1.999996
1.999992
1.999986
1.999982
1.999978
1.999976
1.999973
1.999972
1.999970
1.999970
1.999970
1.999971
1.999971
1.999973
1.999974
1.999977
1.999979
1.999982
1.999984
1.999987
1.999989
1.999992
1.999994
1.999997
1.999999
2.000002
2.000003
2.000006
2.000007
2.000009
2.000010
2.000011
2.000012
2.000013
2.000013
2.000013
2.000013
2.000013
2.000012
2.000012
2.000011
2.000011
2.000010
2.000009
2.000008
2.000008
2.000006
2.000006
2.000004
2.000004
2.000003
2.000002
2.000001
2.000001
2.000000
1.999999
1.999998
1.999998
1.999998
1.999998
1.999997
1.999997
1.999997
1.999997
1.999997
1.999997
1.999997
1.999997
1.999997
1.999998
1.999998
1.999998
1.999998
1.999999
1.999999
1.999999
1.999999
2.000000
2.000000
2.000000
2.000000
2.000001
2.000001
2.000001
2.000001
2.000001
2.000001
2.000001
2.000001
2.000001
2.000001
2.000001
2.000001
2.000001
2.000001
2.000001
2.000001
2.000001
2.000001
2.000001
2.000001
2.000001
2.000000
2.000000
2.000000
2.000000
2.000000
2.000000
2.000000
2.000000
2.000000
2.000000
2.000000
2.000000
2.000000
2.000000
2.000000
2.000000
2.000000
2.000000
2.000000
2.000000
2.000000
2.000000
2.000000
2.000000
2.000000
2.000000
2.000000
2.000000
2.000000
2.000000
2.000000
2.000000
2.000000
2.000000
2.000000
2.000000
2.000000
2.000000
2.000000
2.000000
2.000000
2.000000
2.000000
2.000000
2.000000
2.000000
2.000000
2.000000
2.000000
2.000000
2.000000
2.000000
2.000000
2.000000
2.000000
2.000000
2.000000
2.000000
2.000000
2.000000
2.000000
2.000000
2.000000
2.000000
2.000000
2.000000
2.000000
2.000000
2.000000
2.000000
2.000000
2.000000
2.000000
2.000000
2.000000
2.000000
2.000000
2.000000
2.000000
2.000000
2.000000
2.000000
2.000000
2.000000
2.000000
2.000000
2.000000
2.000000
2.000000
2.000000
2.000000
2.000000
2.000000
2.000000
2.000000
2.000000
2.000000
2.000000
2.000000
2.000000
2.000000
2.000000
2.000000
2.000000
2.000000
2.000000
2.000000
2.000000
2.000000
2.000000
2.000000
2.000000
2.000000
2.000000
2.000000
2.000000
2.000000
2.000000
2.000000
2.000000
2.000000
2.000000
2.000000
2.000000
2.000000
2.000000
2.000000
2.000000
2.000000
2.000000
2.000000
2.000000
2.000000
2.000000
2.000000
2.000000
2.000000
2.000000
2.000000
2.000000
2.000000
2.000000
2.000000
2.000000
2.000000
2.000000
2.000000
2.000000
2.000000
2.000000
2.000000
2.000000
2.000000
2.000000
2.000000
2.000000
2.000000
2.000000
2.000000
2.000000
2.000000
2.000000
2.000000
2.000000
2.000000
2.000000
2.000000
2.000000
2.000000
2.000000
2.000000
2.000000
2.000000
2.000000
2.000000
2.000000
2.000000
2.000000
2.000000
2.000000
2.000000
2.000000
2.000000
2.000000
2.000000
2.000000
2.000000
2.000000
2.000000
2.000000
2.000000
2.000000
2.000000
2.000000
2.000000
2.000000
2.000000
2.000000
2.000000
2.000000
2.000000
2.000000
2.000000
2.000000
2.000000
2.000000
2.000000
2.000000
2.000000
2.000000
2.000000
2.000000
2.000000
2.000000
2.000000
2.000000
2.000000
2.000000
2.000000
2.000000
2.000000
2.000000
2.000000
2.000000
2.000000
2.000000
2.000000
2.000000
2.000000
2.000000
2.000000
2.000000
2.000000
2.000000
2.000000
2.000000
2.000000
2.000000
2.000000
2.000000
2.000000
2.000000
2.000000
2.000000
2.000000
2.000000
2.000000
2.000000
2.000000
2.000000
2.000000
2.000000
2.000000
2.000000
2.000000
2.000000
2.000000
2.000000
2.000000
2.000000
2.000000
2.000000
2.000000
2.000000
2.000000
2.000000
2.000000
2.000000
2.000000
2.000000
2.000000
2.000000
2.000000
2.000000
2.000000
2.000000
2.000000
2.000000
2.000000
2.000000
2.000000
2.000000
2.000000
2.000000
2.000000
2.000000
2.000000
2.000000
2.000000
2.000000
2.000000
2.000000
2.000000
2.000000
2.000000
2.000000
2.000000
2.000000
2.000000
2.000000
2.000000
2.000000
2.000000
2.000000
2.000000
2.000000
2.000000
2.000000
2.000000
2.000000
2.000000
2.000000
2.000000
2.000000
2.000000
2.000000
2.000000
2.000000
2.000000
2.000000
2.000000
2.000000
2.000000
2.000000
2.000000
2.000000
2.000000
2.000000
2.000000
2.000000
