2.144575
2.052728
1.999157
1.999157
2.052728
2.144575
2.264547
2.399202
2.540328
2.676822
2.802802
2.909738
2.994288
3.050618
3.078021
3.073360
3.038511
2.972891
2.880731
2.763672
2.627856
2.476597
2.317246
2.153948
1.994242
1.841945
1.703430
1.580810
1.477903
1.394086
1.330030
1.282638
1.250369
1.229249
1.217224
1.210997
1.209054
1.209330
1.210990
1.213040
1.215069
1.216845
1.218178
1.219455
1.220738
1.223152
1.227288
1.235318
1.248710
1.270873
1.304117
1.352567
1.418352
1.504706
1.611751
1.740078
1.886678
2.049157
2.221892
2.400577
2.578366
2.750458
2.910110
3.053163
3.173924
3.269628
3.336223
3.372772
3.377169
3.350489
3.292645
3.206693
3.094431
2.960661
2.808722
2.644713
2.472941
2.300093
2.130598
1.970731
1.823901
1.694745
1.584444
1.494996
1.424779
1.373218
1.336670
1.313335
1.299158
1.292609
1.290362
1.291822
1.294659
1.299169
1.303835
1.309592
1.315515
1.323004
1.331635
1.343230
1.357872
1.377802
1.403558
1.437641
1.480736
1.535126
1.601002
1.679713
1.770257
1.872512
1.983982
2.103086
2.226113
2.350536
2.472070
2.587940
2.693973
2.787788
2.865878
2.926728
2.967872
2.988947
2.988724
2.968105
2.927129
2.867921
2.791672
2.701536
2.599594
2.489696
2.374415
2.257829
2.142474
2.032087
1.928583
1.834778
1.751464
1.680163
1.620364
1.572335
1.534545
1.506479
1.486181
1.472953
1.464968
1.461778
1.461974
1.465520
1.471488
1.480234
1.491246
1.505184
1.521849
1.542089
1.565892
1.594157
1.626898
1.664893
1.707986
1.756640
1.810342
1.869084
1.931876
1.998188
2.066565
2.136043
2.204842
2.271758
2.334913
2.393108
2.444611
2.488465
2.523296
2.548575
2.563433
2.567882
2.561627
2.545255
2.519036
2.484081
2.441143
2.391736
2.336947
2.278513
2.217655
2.156122
2.095048
2.035982
1.979774
1.927600
1.879906
1.837415
1.800146
1.768406
1.741870
1.720551
1.703928
1.691873
1.683817
1.679624
1.678783
1.681220
1.686531
1.694729
1.705510
1.718953
1.734821
1.753211
1.773905
1.796967
1.822139
1.849406
1.878427
1.909072
1.940895
1.973641
2.006760
2.039894
2.072418
2.103915
2.133738
2.161470
2.186508
2.208501
2.226951
2.241635
2.252210
2.258620
2.260710
2.258610
2.252360
2.242269
2.228550
2.211663
2.191955
2.169987
2.146183
2.121146
2.095317
2.069276
2.043424
2.018270
1.994129
1.971405
1.950300
1.931101
1.913899
1.898867
1.886000
1.875380
1.866930
1.860667
1.856470
1.854315
1.854058
1.855653
1.858944
1.863871
1.870276
1.878086
1.887136
1.897341
1.908525
1.920586
1.933336
1.946654
1.960338
1.974251
1.988180
2.001978
2.015432
2.028392
2.040654
2.052084
2.062501
2.071795
2.079822
2.086510
2.091763
2.095557
2.097847
2.098662
2.098009
2.095969
2.092599
2.088022
2.082336
2.075695
2.068227
2.060104
2.051467
2.042492
2.033321
2.024120
2.015018
2.006162
1.997658
1.989628
1.982150
1.975316
1.969175
1.963788
1.959178
1.955377
1.952382
1.950202
1.948813
1.948204
1.948334
1.949176
1.950676
1.952794
1.955467
1.958644
1.962256
1.966247
1.970541
1.975080
1.979786
1.984599
1.989444
1.994261
1.998980
2.003546
2.007896
2.011984
2.015755
2.019174
2.022200
2.024809
2.026976
2.028690
2.029940
2.030729
2.031062
2.030956
2.030427
2.029504
2.028215
2.026598
2.024689
2.022533
2.020168
2.017644
2.015001
2.012287
2.009542
2.006810
2.004128
2.001533
1.999057
1.996731
1.994577
1.992621
1.990876
1.989358
1.988075
1.987035
1.986237
1.985681
1.985362
1.985272
1.985399
1.985733
1.986255
1.986952
1.987803
1.988789
1.989890
1.991085
1.992351
1.993669
1.995017
1.996375
1.997723
1.999043
2.000317
2.001531
2.002669
2.003719
2.004670
2.005514
2.006244
2.006856
2.007345
2.007712
2.007957
2.008082
2.008092
2.007993
2.007791
2.007495
2.007113
2.006656
2.006133
2.005557
2.004937
2.004286
2.003614
2.002931
2.002248
2.001575
2.000921
2.000294
1.999701
1.999149
1.998643
1.998189
1.997789
1.997446
1.997161
1.996936
1.996770
1.996662
1.996610
1.996613
1.996665
1.996765
1.996907
1.997088
1.997302
1.997545
1.997811
1.998095
1.998392
1.998698
1.999006
1.999313
1.999614
1.999906
2.000183
2.000445
2.000686
2.000906
2.001102
2.001272
2.001416
2.001534
2.001624
2.001688
2.001725
2.001737
2.001725
2.001691
2.001636
2.001563
2.001473
2.001368
2.001252
2.001127
2.000994
2.000856
2.000715
2.000574
2.000435
2.000299
2.000168
2.000044
1.999928
1.999821
1.999724
1.999638
1.999563
1.999501
1.999450
1.999411
1.999383
1.999367
1.999362
1.999367
1.999381
1.999404
1.999435
1.999473
1.999516
1.999564
1.999616
1.999670
1.999726
1.999783
1.999841
1.999897
1.999951
2.000003
2.000052
2.000098
2.000140
2.000177
2.000210
2.000238
2.000261
2.000279
2.000292
2.000301
2.000305
2.000305
2.000300
2.000292
2.000281
2.000266
2.000249
2.000230
2.000209
2.000187
2.000164
2.000140
2.000116
2.000092
2.000069
2.000046
2.000025
2.000005
1.999986
1.999970
1.999954
1.999941
1.999930
1.999921
1.999913
1.999908
1.999904
1.999902
1.999902
1.999904
1.999907
1.999911
1.999916
1.999922
1.999929
1.999937
1.999945
1.999954
1.999962
1.999971
1.999980
1.999988
1.999996
2.000003
2.000010
2.000017
2.000023
2.000028
2.000032
2.000036
2.000039
2.000041
2.000043
2.000044
2.000044
2.000044
2.000043
2.000041
2.000039
2.000037
2.000034
2.000032
2.000029
2.000025
2.000022
2.000019
2.000015
2.000012
2.000009
2.000006
2.000003
2.000000
1.999998
1.999996
1.999994
1.999992
1.999991
1.999990
1.999989
1.999988
1.999988
1.999988
1.999988
1.999988
1.999989
1.999989
1.999990
1.999991
1.999992
1.999993
1.999994
1.999995
1.999996
1.999997
1.999998
1.999999
2.000000
2.000001
2.000002
2.000002
2.000003
2.000004
2.000004
2.000004
2.000005
2.000005
2.000005
2.000005
2.000005
2.000005
2.000005
2.000005
2.000004
2.000004
2.000004
2.000004
2.000003
2.000003
2.000002
2.000002
2.000002
2.000001
2.000001
2.000001
2.000000
2.000000
2.000000
2.000000
1.999999
1.999999
1.999999
1.999999
1.999999
1.999999
1.999999
1.999999
1.999999
1.999999
1.999999
1.999999
1.999999
1.999999
1.999999
1.999999
1.999999
2.000000
2.000000
2.000000
2.000000
2.000000
2.000000
2.000000
2.000000
2.000000
2.000000
2.000000
2.000000
2.000000
2.000000
2.000000
2.000000
2.000000
2.000000
2.000000
2.000000
2.000000
2.000000
2.000000
2.000000
2.000000
2.000000
2.000000
2.000000
2.000000
2.000000
2.000000
2.000000
2.000000
2.000000
2.000000
2.000000
2.000000
2.000000
2.000000
2.000000
2.000000
2.000000
2.000000
2.000000
2.000000
2.000000
2.000000
2.000000
2.000000
2.000000
2.000000
2.000000
2.000000
2.000000
2.000000
2.000000
2.000000
2.000000
2.000000
2.000000
2.000000
2.000000
2.000000
2.000000
2.000000
2.000000
2.000000
2.000000
2.000000
2.000000
2.000000
2.000000
2.000000
2.000000
2.000000
2.000000
2.000000
2.000000
2.000000
2.000000
2.000000
2.000000
2.000000
2.000000
2.000000
2.000000
2.000000
2.000000
2.000000
2.000000
2.000000
2.000000
2.000000
2.000000
2.000000
2.000000
2.000000
2.000000
2.000000
2.000000
2.000000
2.000000
2.000000
2.000000
2.000000
2.000000
2.000000
2.000000
2.000000
2.000000
2.000000
2.000000
2.000000
2.000000
2.000000
2.000000
2.000000
2.000000
2.000000
2.000000
2.000000
2.000000
2.000000
2.000000
2.000000
2.000000
2.000000
2.000000
2.000000
2.000000
2.000000
2.000000
2.000000
2.000000
2.000000
2.000000
2.000000
2.000000
2.000000
2.000000
2.000000
2.000000
2.000000
2.000000
2.000000
2.000000
2.000000
2.000000
2.000000
2.000000
2.000000
2.000000
2.000000
2.000000
2.000000
2.000000
2.000000
2.000000
2.000000
2.000000
2.000000
2.000000
2.000000
2.000000
2.000000
2.000000
2.000000
2.000000
2.000000
2.000000
2.000000
2.000000
2.000000
2.000000
2.000000
2.000000
2.000000
2.000000
2.000000
2.000000
2.000000
2.000000
2.000000
2.000000
2.000000
2.000000
2.000000
2.000000
2.000000
2.000000
2.000000
2.000000
2.000000
2.000000
2.000000
2.000000
2.000000
2.000000
2.000000
2.000000
2.000000
2.000000
2.000000
2.000000
2.000000
2.000000
2.000000
2.000000
2.000000
2.000000
2.000000
2.000000
2.000000
2.000000
2.000000
2.000000
2.000000
2.000000
2.000000
2.000000
2.000000
2.000000
2.000000
2.000000
2.000000
2.000000
2.000000
2.000000
2.000000
2.000000
2.000000
2.000000
2.000000
2.000000
2.000000
2.000000
2.000000
2.000000
2.000000
2.000000
2.000000
2.000000
2.000000
2.000000
2.000000
2.000000
2.000000
2.000000
2.000000
2.000000
2.000000
2.000000
2.000000
2.000000
2.000000
2.000000
2.000000
2.000000
2.000000
2.000000
2.000000
2.000000
2.000000
2.000000
2.000000
2.000000
2.000000
2.000000
2.000000
2.000000
2.000000
2.000000
2.000000
2.000000
2.000000
2.000000
2.000000
2.000000
2.000000
2.000000
2.000000
2.000000
2.000000
2.000000
2.000000
2.000000
2.000000
2.000000
2.000000
2.000000
2.000000
2.000000
2.000000
2.000000
2.000000
2.000000
2.000000
2.000000
2.000000
2.000000
2.000000
2.000000
2.000000
2.000000
2.000000
2.000000
2.000000
2.000000
2.000000
2.000000
2.000000
2.000000
2.000000
2.000000
2.000000
2.000000
2.000000
2.000000
2.000000
2.000000
2.000000
2.000000
2.000000
2.000000
2.000000
2.000000
2.000000
2.000000
2.000000
2.000000
2.000000
2.000000
2.000000
2.000000
2.000000
2.000000
2.000000
2.000000
2.000000
2.000000
2.000000
2.000000
2.000000
2.000000
2.000000
2.000000
2.000000
2.000000
2.000000
2.000000
2.000000
2.000000
2.000000
2.000000
2.000000
2.000000
2.000000
2.000000
2.000000
2.000000
2.000000
