2.209049
2.112399
2.054533
2.054533
2.112399
2.209049
2.334920
2.473260
2.617145
2.752614
2.875578
2.974942
3.049489
3.091003
3.101125
3.074473
3.015456
2.921374
2.799179
2.648550
2.478586
2.290844
2.095944
1.896548
1.703833
1.520391
1.356489
1.212905
1.096990
1.005750
0.942078
0.898871
0.875702
0.864018
0.863158
0.865859
0.872819
0.878664
0.885248
0.888551
0.890948
0.889244
0.885989
0.878721
0.870324
0.859549
0.850355
0.843751
0.845887
0.860975
0.897418
0.961033
1.058765
1.192667
1.363486
1.567021
1.798517
2.049977
2.314258
2.582259
2.846614
3.098704
3.332122
3.539606
3.716388
3.857069
3.958907
4.018655
4.035791
4.009328
3.940995
3.832022
3.686270
3.506995
3.299930
3.070023
2.824473
2.569432
2.312979
2.061772
1.823906
1.605474
1.413216
1.250947
1.121982
1.025717
0.960354
0.920628
0.901327
0.895987
0.899866
0.908371
0.918840
0.928906
0.937622
0.944203
0.948829
0.951874
0.954474
0.958188
0.965295
0.978745
1.002026
1.039162
1.093956
1.169902
1.269051
1.392253
1.538310
1.704868
1.887912
2.082952
2.284521
2.487349
2.685733
2.874626
3.048906
3.204394
3.337059
3.443980
3.522507
3.571190
3.588896
3.575717
3.532046
3.459464
3.359790
3.235937
3.090941
2.928797
2.753453
2.569628
2.381771
2.194854
2.013288
1.841674
1.683674
1.542730
1.420906
1.319671
1.238835
1.177577
1.133646
1.104695
1.087627
1.079981
1.079114
1.083432
1.091349
1.102399
1.116071
1.132902
1.153255
1.178404
1.209279
1.247514
1.294154
1.350660
1.417614
1.495738
1.584658
1.684004
1.792289
1.908093
2.029022
2.152938
2.276951
2.398645
2.515066
2.623924
2.722561
2.809127
2.881519
2.938540
2.978808
3.001894
3.007216
2.995148
2.965904
2.920628
2.860259
2.786607
2.701207
2.606375
2.504054
2.396856
2.286898
2.176830
2.068669
1.964817
1.866901
1.776790
1.695467
1.624064
1.562783
1.511983
1.471157
1.440064
1.417760
1.403728
1.396930
1.396887
1.402722
1.414177
1.430637
1.452088
1.478137
1.508921
1.544145
1.583958
1.628014
1.676331
1.728393
1.783996
1.842386
1.903112
1.965193
2.027969
2.090300
2.151409
2.210097
2.265586
2.316733
2.362869
2.403014
2.436701
2.463195
2.482299
2.493574
2.497129
2.492840
2.481124
2.462158
2.436641
2.405010
2.368189
2.326808
2.281941
2.234327
2.185099
2.135010
2.085155
2.036212
1.989152
1.944494
1.903020
1.865045
1.831126
1.801358
1.776081
1.755193
1.738853
1.726812
1.719101
1.715382
1.715609
1.719401
1.726679
1.737044
1.750400
1.766343
1.784762
1.805243
1.827654
1.851565
1.876815
1.902953
1.929790
1.956856
1.983941
2.010568
2.036524
2.061344
2.084833
2.106559
2.126371
2.143895
2.159043
2.171521
2.181323
2.188245
2.192374
2.193603
2.192112
2.187891
2.181202
2.172121
2.160981
2.147922
2.133329
2.117382
2.100493
2.082858
2.064890
2.046778
2.028909
2.011445
1.994729
1.978878
1.964182
1.950700
1.938661
1.928069
1.919090
1.911673
1.905929
1.901759
1.899226
1.898192
1.898681
1.900525
1.903717
1.908069
1.913552
1.919963
1.927257
1.935223
1.943805
1.952792
1.962123
1.971589
1.981132
1.990550
1.999792
2.008671
2.017147
2.025052
2.032365
2.038941
2.044780
2.049764
2.053918
2.057152
2.059518
2.060954
2.061536
2.061233
2.060141
2.058254
2.055687
2.052452
2.048681
2.044396
2.039738
2.034738
2.029538
2.024170
2.018770
2.013370
2.008095
2.002967
1.998100
1.993503
1.989276
1.985412
1.981993
1.979000
1.976497
1.974450
1.972906
1.971819
1.971222
1.971055
1.971340
1.972010
1.973073
1.974456
1.976162
1.978113
1.980306
1.982662
1.985176
1.987770
1.990438
1.993105
1.995767
1.998355
2.000868
2.003243
2.005484
2.007535
2.009408
2.011054
2.012491
2.013680
2.014644
2.015353
2.015836
2.016072
2.016095
2.015890
2.015496
2.014904
2.014157
2.013249
2.012225
2.011082
2.009865
2.008573
2.007251
2.005897
2.004553
2.003217
2.001927
2.000680
1.999509
1.998409
1.997410
1.996501
1.995709
1.995020
1.994456
1.994000
1.993670
1.993446
1.993341
1.993335
1.993437
1.993624
1.993904
1.994252
1.994674
1.995146
1.995672
1.996227
1.996816
1.997414
1.998026
1.998629
1.999228
1.999801
2.000355
2.000870
2.001353
2.001787
2.002181
2.002519
2.002811
2.003045
2.003231
2.003358
2.003439
2.003465
2.003449
2.003383
2.003281
2.003137
2.002964
2.002758
2.002533
2.002284
2.002024
2.001750
2.001474
2.001192
2.000917
2.000645
2.000385
2.000135
1.999904
1.999688
1.999494
1.999318
1.999168
1.999038
1.998935
1.998852
1.998795
1.998758
1.998745
1.998750
1.998776
1.998817
1.998876
1.998946
1.999031
1.999123
1.999225
1.999331
1.999443
1.999555
1.999669
1.999779
1.999889
1.999992
2.000091
2.000182
2.000267
2.000342
2.000410
2.000466
2.000515
2.000552
2.000581
2.000599
2.000610
2.000611
2.000604
2.000589
2.000569
2.000541
2.000509
2.000471
2.000430
2.000386
2.000341
2.000293
2.000246
2.000198
2.000152
2.000106
2.000064
2.000023
1.999985
1.999950
1.999920
1.999892
1.999869
1.999848
1.999833
1.999821
1.999813
1.999808
1.999807
1.999809
1.999814
1.999821
1.999831
1.999842
1.999856
1.999871
1.999887
1.999903
1.999921
1.999938
1.999955
1.999971
1.999988
2.000003
2.000017
2.000030
2.000043
2.000053
2.000063
2.000070
2.000077
2.000082
2.000085
2.000087
2.000088
2.000088
2.000087
2.000084
2.000081
2.000076
2.000071
2.000066
2.000060
2.000053
2.000047
2.000040
2.000034
2.000027
2.000021
2.000014
2.000009
2.000003
1.999998
1.999994
1.999990
1.999986
1.999983
1.999980
1.999979
1.999977
1.999976
1.999976
1.999976
1.999976
1.999977
1.999978
1.999979
1.999981
1.999983
1.999984
1.999987
1.999989
1.999991
1.999993
1.999995
1.999997
1.999999
2.000001
2.000003
2.000004
2.000006
2.000007
2.000008
2.000009
2.000009
2.000010
2.000010
2.000010
2.000010
2.000010
2.000010
2.000010
2.000009
2.000009
2.000008
2.000007
2.000007
2.000006
2.000005
2.000004
2.000004
2.000003
2.000002
2.000002
2.000001
2.000000
2.000000
1.999999
1.999999
1.999999
1.999998
1.999998
1.999998
1.999998
1.999998
1.999997
1.999998
1.999998
1.999998
1.999998
1.999998
1.999998
1.999998
1.999998
1.999999
1.999999
1.999999
1.999999
2.000000
2.000000
2.000000
2.000000
2.000000
2.000000
2.000001
2.000001
2.000001
2.000001
2.000001
2.000001
2.000001
2.000001
2.000001
2.000001
2.000001
2.000001
2.000001
2.000001
2.000001
2.000001
2.000001
2.000001
2.000000
2.000000
2.000000
2.000000
2.000000
2.000000
2.000000
2.000000
2.000000
2.000000
2.000000
2.000000
2.000000
2.000000
2.000000
2.000000
2.000000
2.000000
2.000000
2.000000
2.000000
2.000000
2.000000
2.000000
2.000000
2.000000
2.000000
2.000000
2.000000
2.000000
2.000000
2.000000
2.000000
2.000000
2.000000
2.000000
2.000000
2.000000
2.000000
2.000000
2.000000
2.000000
2.000000
2.000000
2.000000
2.000000
2.000000
2.000000
2.000000
2.000000
2.000000
2.000000
2.000000
2.000000
2.000000
2.000000
2.000000
2.000000
2.000000
2.000000
2.000000
2.000000
2.000000
2.000000
2.000000
2.000000
2.000000
2.000000
2.000000
2.000000
2.000000
2.000000
2.000000
2.000000
2.000000
2.000000
2.000000
2.000000
2.000000
2.000000
2.000000
2.000000
2.000000
2.000000
2.000000
2.000000
2.000000
2.000000
2.000000
2.000000
2.000000
2.000000
2.000000
2.000000
2.000000
2.000000
2.000000
2.000000
2.000000
2.000000
2.000000
2.000000
2.000000
2.000000
2.000000
2.000000
2.000000
2.000000
2.000000
2.000000
2.000000
2.000000
2.000000
2.000000
2.000000
2.000000
2.000000
2.000000
2.000000
2.000000
2.000000
2.000000
2.000000
2.000000
2.000000
2.000000
2.000000
2.000000
2.000000
2.000000
2.000000
2.000000
2.000000
2.000000
2.000000
2.000000
2.000000
2.000000
2.000000
2.000000
2.000000
2.000000
2.000000
2.000000
2.000000
2.000000
2.000000
2.000000
2.000000
2.000000
2.000000
2.000000
2.000000
2.000000
2.000000
2.000000
2.000000
2.000000
2.000000
2.000000
2.000000
2.000000
2.000000
2.000000
2.000000
2.000000
2.000000
2.000000
2.000000
2.000000
2.000000
2.000000
2.000000
2.000000
2.000000
2.000000
2.000000
2.000000
2.000000
2.000000
2.000000
2.000000
2.000000
2.000000
2.000000
2.000000
2.000000
2.000000
2.000000
2.000000
2.000000
2.000000
2.000000
2.000000
2.000000
2.000000
2.000000
2.000000
2.000000
2.000000
2.000000
2.000000
2.000000
2.000000
2.000000
2.000000
2.000000
2.000000
2.000000
2.000000
2.000000
2.000000
2.000000
2.000000
2.000000
2.000000
2.000000
2.000000
2.000000
2.000000
2.000000
2.000000
2.000000
2.000000
2.000000
2.000000
2.000000
2.000000
2.000000
2.000000
2.000000
2.000000
2.000000
2.000000
2.000000
2.000000
2.000000
2.000000
2.000000
2.000000
2.000000
2.000000
2.000000
2.000000
2.000000
2.000000
2.000000
2.000000
2.000000
2.000000
2.000000
2.000000
2.000000
2.000000
2.000000
2.000000
2.000000
2.000000
2.000000
2.000000
2.000000
2.000000
2.000000
2.000000
2.000000
2.000000
2.000000
2.000000
2.000000
2.000000
2.000000
2.000000
2.000000
2.000000
2.000000
2.000000
2.000000
2.000000
2.000000
2.000000
2.000000
2.000000
2.000000
2.000000
2.000000
2.000000
2.000000
2.000000
2.000000
2.000000
2.000000
2.000000
2.000000
2.000000
2.000000
2.000000
2.000000
2.000000
2.000000
2.000000
2.000000
2.000000
2.000000
2.000000
2.000000
2.000000
2.000000
2.000000
2.000000
2.000000
2.000000
2.000000
2.000000
2.000000
2.000000
2.000000
2.000000
2.000000
2.000000
2.000000
2.000000
2.000000
2.000000
2.000000
2.000000
2.000000
2.000000
2.000000
2.000000
2.000000
2.000000
2.000000
2.000000
