2.206203
2.112993
2.057247
2.057247
2.112993
2.206203
2.327253
2.460070
2.597565
2.726352
2.842106
2.934247
3.001282
3.035476
3.038182
3.004481
2.938490
2.837968
2.709581
2.553473
2.378472
2.186609
1.988256
1.786566
1.592488
1.409094
1.246399
1.105546
0.993463
0.907191
0.848890
0.811183
0.792929
0.785446
0.787781
0.792815
0.801260
0.807931
0.814783
0.817880
0.819685
0.816949
0.812291
0.803094
0.792339
0.778630
0.766211
0.756205
0.755545
0.769170
0.806867
0.875336
0.982249
1.129163
1.316170
1.537770
1.788455
2.059182
2.342446
2.628449
2.909746
3.177222
3.424550
3.644075
3.831184
3.980146
4.088418
4.152451
4.171952
4.145652
4.075534
3.962563
3.810878
3.623493
3.406450
3.164493
2.905180
2.634528
2.361071
2.091464
1.834444
1.596349
1.384885
1.204467
1.059677
0.950551
0.876137
0.830845
0.809154
0.803418
0.808286
0.818164
0.830150
0.841274
0.850642
0.857093
0.861002
0.862508
0.863058
0.864162
0.868627
0.879672
0.901630
0.939093
0.996783
1.078549
1.186788
1.321984
1.482612
1.665523
1.866204
2.079398
2.299274
2.519966
2.735575
2.940608
3.129870
3.298836
3.443481
3.560602
3.647608
3.702809
3.725167
3.714563
3.671515
3.597421
3.494250
3.364765
3.212186
3.040394
2.853572
2.656388
2.453607
2.250248
2.051161
1.861153
1.684502
1.525044
1.385629
1.268207
1.173321
1.100392
1.047466
1.011917
0.990438
0.979954
0.977461
0.980794
0.988149
0.998715
1.011991
1.028408
1.048546
1.073778
1.105400
1.145262
1.194808
1.255683
1.328737
1.414690
1.513206
1.623695
1.744514
1.873887
2.009178
2.147865
2.286820
2.423276
2.554084
2.676660
2.788202
2.886619
2.969716
3.036096
3.084329
3.113826
3.123990
3.115072
3.087304
3.041739
2.979369
2.901952
2.811114
2.709165
2.598189
2.480850
2.359468
2.236815
2.115189
1.997193
1.884806
1.780168
1.684655
1.599683
1.525816
1.463618
1.412824
1.373247
1.344021
1.324536
1.313707
1.310889
1.315123
1.325997
1.342844
1.365545
1.393702
1.427400
1.466364
1.510706
1.560096
1.614500
1.673385
1.736459
1.802913
1.872172
1.943166
2.015088
2.086689
2.157039
2.224827
2.289125
2.348691
2.402719
2.450146
2.490392
2.522656
2.546654
2.561905
2.568455
2.566163
2.555409
2.536382
2.509771
2.476051
2.436168
2.390819
2.341132
2.287941
2.232461
2.175571
2.118475
2.061994
2.007225
1.954842
1.905756
1.860426
1.819526
1.783269
1.752082
1.725943
1.705058
1.689218
1.678462
1.672455
1.671134
1.674094
1.681218
1.692073
1.706515
1.724098
1.744662
1.767744
1.793164
1.820438
1.849356
1.879411
1.910362
1.941680
1.973105
2.004099
2.034398
2.063478
2.091097
2.116769
2.140301
2.161271
2.179557
2.194826
2.207047
2.215989
2.221723
2.224128
2.223381
2.219465
2.212658
2.203037
2.190964
2.176593
2.160346
2.142429
2.123300
2.103189
2.082562
2.061643
2.040880
2.020470
2.000815
1.982066
1.964567
1.948406
1.933859
1.920947
1.909877
1.900605
1.893270
1.887771
1.884190
1.882376
1.882363
1.883963
1.887173
1.891776
1.897742
1.904835
1.913004
1.922005
1.931773
1.942060
1.952797
1.963737
1.974813
1.985787
1.996600
2.007029
2.017030
2.026400
2.035116
2.043002
2.050058
2.056139
2.061275
2.065352
2.068430
2.070427
2.071435
2.071404
2.070449
2.068550
2.065846
2.062338
2.058184
2.053400
2.048154
2.042474
2.036530
2.030352
2.024108
2.017825
2.011660
2.005631
1.999883
1.994419
1.989366
1.984714
1.980568
1.976901
1.973800
1.971220
1.969228
1.967764
1.966877
1.966494
1.966649
1.967257
1.968341
1.969806
1.971666
1.973823
1.976282
1.978943
1.981810
1.984781
1.987860
1.990950
1.994055
1.997082
2.000042
2.002848
2.005515
2.007967
2.010225
2.012222
2.013986
2.015461
2.016682
2.017603
2.018267
2.018636
2.018760
2.018610
2.018240
2.017628
2.016834
2.015839
2.014706
2.013421
2.012046
2.010570
2.009053
2.007485
2.005925
2.004361
2.002848
2.001372
1.999984
1.998666
1.997466
1.996362
1.995395
1.994540
1.993834
1.993248
1.992813
1.992498
1.992327
1.992269
1.992343
1.992516
1.992804
1.993171
1.993634
1.994154
1.994745
1.995371
1.996045
1.996730
1.997440
1.998140
1.998842
1.999515
2.000173
2.000785
2.001366
2.001888
2.002369
2.002784
2.003149
2.003444
2.003686
2.003858
2.003978
2.004030
2.004035
2.003978
2.003880
2.003728
2.003545
2.003318
2.003069
2.002787
2.002493
2.002178
2.001861
2.001533
2.001213
2.000891
2.000586
2.000287
2.000012
1.999749
1.999516
1.999299
1.999115
1.998950
1.998820
1.998710
1.998633
1.998577
1.998552
1.998545
1.998568
1.998605
1.998667
1.998740
1.998834
1.998934
1.999051
1.999169
1.999298
1.999426
1.999560
1.999687
1.999818
1.999939
2.000058
2.000166
2.000270
2.000360
2.000445
2.000514
2.000577
2.000625
2.000665
2.000690
2.000708
2.000712
2.000710
2.000696
2.000676
2.000646
2.000612
2.000570
2.000526
2.000475
2.000424
2.000368
2.000315
2.000258
2.000205
2.000150
2.000100
2.000050
2.000006
1.999962
1.999925
1.999890
1.999862
1.999835
1.999816
1.999798
1.999788
1.999779
1.999777
1.999776
1.999781
1.999787
1.999799
1.999810
1.999826
1.999841
1.999860
1.999878
1.999899
1.999918
1.999938
1.999957
1.999977
1.999995
2.000013
2.000028
2.000043
2.000056
2.000068
2.000077
2.000086
2.000092
2.000098
2.000101
2.000103
2.000103
2.000102
2.000099
2.000097
2.000091
2.000087
2.000080
2.000074
2.000066
2.000059
2.000051
2.000044
2.000035
2.000028
2.000021
2.000014
2.000007
2.000001
1.999995
1.999991
1.999986
1.999982
1.999979
1.999977
1.999974
1.999973
1.999972
1.999972
1.999972
1.999973
1.999973
1.999975
1.999977
1.999979
1.999981
1.999983
1.999985
1.999988
1.999990
1.999993
1.999995
1.999998
2.000000
2.000002
2.000004
2.000006
2.000007
2.000009
2.000009
2.000011
2.000011
2.000012
2.000012
2.000012
2.000012
2.000012
2.000012
2.000011
2.000011
2.000010
2.000009
2.000009
2.000007
2.000007
2.000006
2.000005
2.000004
2.000003
2.000002
2.000002
2.000001
2.000000
1.999999
1.999999
1.999998
1.999998
1.999998
1.999998
1.999997
1.999997
1.999997
1.999997
1.999997
1.999997
1.999997
1.999998
1.999998
1.999998
1.999998
1.999998
1.999999
1.999999
1.999999
1.999999
2.000000
2.000000
2.000000
2.000000
2.000000
2.000001
2.000001
2.000001
2.000001
2.000001
2.000001
2.000001
2.000001
2.000001
2.000001
2.000001
2.000001
2.000001
2.000001
2.000001
2.000001
2.000001
2.000001
2.000001
2.000001
2.000000
2.000000
2.000000
2.000000
2.000000
2.000000
2.000000
2.000000
2.000000
2.000000
2.000000
2.000000
2.000000
2.000000
2.000000
2.000000
2.000000
2.000000
2.000000
2.000000
2.000000
2.000000
2.000000
2.000000
2.000000
2.000000
2.000000
2.000000
2.000000
2.000000
2.000000
2.000000
2.000000
2.000000
2.000000
2.000000
2.000000
2.000000
2.000000
2.000000
2.000000
2.000000
2.000000
2.000000
2.000000
2.000000
2.000000
2.000000
2.000000
2.000000
2.000000
2.000000
2.000000
2.000000
2.000000
2.000000
2.000000
2.000000
2.000000
2.000000
2.000000
2.000000
2.000000
2.000000
2.000000
2.000000
2.000000
2.000000
2.000000
2.000000
2.000000
2.000000
2.000000
2.000000
2.000000
2.000000
2.000000
2.000000
2.000000
2.000000
2.000000
2.000000
2.000000
2.000000
2.000000
2.000000
2.000000
2.000000
2.000000
2.000000
2.000000
2.000000
2.000000
2.000000
2.000000
2.000000
2.000000
2.000000
2.000000
2.000000
2.000000
2.000000
2.000000
2.000000
2.000000
2.000000
2.000000
2.000000
2.000000
2.000000
2.000000
2.000000
2.000000
2.000000
2.000000
2.000000
2.000000
2.000000
2.000000
2.000000
2.000000
2.000000
2.000000
2.000000
2.000000
2.000000
2.000000
2.000000
2.000000
2.000000
2.000000
2.000000
2.000000
2.000000
2.000000
2.000000
2.000000
2.000000
2.000000
2.000000
2.000000
2.000000
2.000000
2.000000
2.000000
2.000000
2.000000
2.000000
2.000000
2.000000
2.000000
2.000000
2.000000
2.000000
2.000000
2.000000
2.000000
2.000000
2.000000
2.000000
2.000000
2.000000
2.000000
2.000000
2.000000
2.000000
2.000000
2.000000
2.000000
2.000000
2.000000
2.000000
2.000000
2.000000
2.000000
2.000000
2.000000
2.000000
2.000000
2.000000
2.000000
2.000000
2.000000
2.000000
2.000000
2.000000
2.000000
2.000000
2.000000
2.000000
2.000000
2.000000
2.000000
2.000000
2.000000
2.000000
2.000000
2.000000
2.000000
2.000000
2.000000
2.000000
2.000000
2.000000
2.000000
2.000000
2.000000
2.000000
2.000000
2.000000
2.000000
2.000000
2.000000
2.000000
2.000000
2.000000
2.000000
2.000000
2.000000
2.000000
2.000000
2.000000
2.000000
2.000000
2.000000
2.000000
2.000000
2.000000
2.000000
2.000000
2.000000
2.000000
2.000000
2.000000
2.000000
2.000000
2.000000
2.000000
2.000000
2.000000
2.000000
2.000000
2.000000
2.000000
2.000000
2.000000
2.000000
2.000000
2.000000
2.000000
2.000000
2.000000
2.000000
2.000000
2.000000
2.000000
2.000000
2.000000
2.000000
2.000000
2.000000
2.000000
2.000000
2.000000
2.000000
2.000000
2.000000
2.000000
2.000000
2.000000
2.000000
2.000000
2.000000
2.000000
2.000000
2.000000
2.000000
2.000000
2.000000
2.000000
2.000000
2.000000
2.000000
2.000000
2.000000
2.000000
2.000000
2.000000
2.000000
2.000000
2.000000
2.000000
2.000000
2.000000
2.000000
2.000000
2.000000
2.000000
2.000000
2.000000
2.000000
2.000000
2.000000
2.000000
2.000000
2.000000
2.000000
2.000000
2.000000
2.000000
2.000000
2.000000
2.000000
2.000000
2.000000
2.000000
2.000000
2.000000
2.000000
2.000000
2.000000
2.000000
2.000000
2.000000
2.000000
2.000000
2.000000
2.000000
2.000000
2.000000
2.000000
