2.100784
2.018820
1.972232
1.972232
2.018820
2.100784
2.207596
2.329384
2.456948
2.582223
2.697844
2.797936
2.877345
2.932635
2.961061
2.961706
2.934234
2.880130
2.801253
2.701158
2.583441
2.453147
2.314882
2.174322
2.036062
1.905292
1.785369
1.679830
1.589747
1.516344
1.458195
1.414640
1.382657
1.360968
1.346240
1.337674
1.332395
1.330472
1.329617
1.330653
1.331711
1.334139
1.336340
1.340058
1.343978
1.350297
1.358152
1.370370
1.386747
1.410836
1.443057
1.487357
1.544156
1.616816
1.704577
1.809016
1.927228
2.058492
2.197782
2.342602
2.486683
2.626826
2.756622
2.873219
2.970993
3.048219
3.100685
3.128275
3.128528
3.103148
3.051512
2.977110
2.881011
2.768226
2.641129
2.505744
2.365118
2.225528
2.089819
1.963545
1.848341
1.748081
1.662418
1.593080
1.537732
1.496408
1.465648
1.444861
1.430559
1.422424
1.417577
1.416309
1.416469
1.418894
1.422024
1.427075
1.432929
1.441063
1.450736
1.463650
1.479431
1.499994
1.525283
1.557315
1.596146
1.643598
1.699429
1.764812
1.838735
1.921331
2.010545
2.105403
2.202909
2.301281
2.397006
2.488017
2.570826
2.643622
2.703438
2.749161
2.778704
2.791932
2.787831
2.767358
2.730602
2.679561
2.615297
2.540639
2.457345
2.368731
2.276840
2.185015
2.095100
2.009970
1.930805
1.859606
1.796606
1.742790
1.697470
1.660796
1.631483
1.609243
1.592623
1.581285
1.573934
1.570421
1.569756
1.572048
1.576628
1.583837
1.593274
1.605448
1.620153
1.637993
1.658869
1.683389
1.711462
1.743586
1.779550
1.819624
1.863348
1.910659
1.960769
2.013242
2.066961
2.121166
2.174508
2.226041
2.274343
2.318473
2.357125
2.389552
2.414739
2.432286
2.441594
2.442703
2.435487
2.420448
2.397915
2.368800
2.333804
2.294132
2.250712
2.204884
2.157629
2.110238
2.063575
2.018724
1.976292
1.937054
1.901300
1.869470
1.841556
1.817717
1.797728
1.781567
1.768899
1.759625
1.753393
1.750105
1.749451
1.751373
1.755627
1.762201
1.770908
1.781767
1.794622
1.809495
1.826226
1.844803
1.865033
1.886841
1.909968
1.934258
1.959375
1.985075
2.010950
2.036685
2.061823
2.086011
2.108783
2.129793
2.148617
2.164967
2.178504
2.189044
2.196376
2.200448
2.201196
2.198716
2.193091
2.184556
2.173325
2.159741
2.144114
2.126855
2.108322
2.088947
2.069091
2.049161
2.029473
2.010377
1.992118
1.974963
1.959076
1.944636
1.931727
1.920448
1.910817
1.902872
1.896579
1.891934
1.888871
1.887357
1.887309
1.888675
1.891363
1.895308
1.900410
1.906593
1.913748
1.921787
1.930589
1.940054
1.950047
1.960453
1.971129
1.981947
1.992756
2.003422
2.013794
2.023742
2.033122
2.041818
2.049705
2.056689
2.062676
2.067604
2.071414
2.074084
2.075596
2.075967
2.075221
2.073414
2.070606
2.066886
2.062342
2.057088
2.051231
2.044896
2.038200
2.031269
2.024218
2.017164
2.010211
2.003461
1.997000
1.990911
1.985259
1.980103
1.975486
1.971447
1.968007
1.965184
1.962982
1.961401
1.960427
1.960047
1.960234
1.960963
1.962196
1.963898
1.966025
1.968533
1.971373
1.974495
1.977848
1.981379
1.985034
1.988760
1.992504
1.996216
1.999844
2.003343
2.006669
2.009781
2.012644
2.015226
2.017501
2.019448
2.021050
2.022300
2.023192
2.023728
2.023914
2.023764
2.023292
2.022521
2.021474
2.020180
2.018669
2.016973
2.015126
2.013162
2.011116
2.009020
2.006909
2.004813
2.002762
2.000783
1.998900
1.997135
1.995508
1.994033
1.992724
1.991591
1.990640
1.989875
1.989297
1.988904
1.988692
1.988655
1.988785
1.989070
1.989500
1.990060
1.990737
1.991515
1.992379
1.993311
1.994297
1.995319
1.996360
1.997407
1.998443
1.999455
2.000429
2.001353
2.002217
2.003012
2.003728
2.004361
2.004905
2.005357
2.005714
2.005977
2.006146
2.006224
2.006213
2.006119
2.005948
2.005705
2.005398
2.005035
2.004623
2.004171
2.003688
2.003183
2.002663
2.002137
2.001613
2.001097
2.000598
2.000121
1.999671
1.999254
1.998873
1.998532
1.998234
1.997979
1.997770
1.997607
1.997489
1.997416
1.997385
1.997396
1.997445
1.997529
1.997646
1.997791
1.997961
1.998152
1.998360
1.998582
1.998812
1.999048
1.999286
1.999522
1.999752
1.999974
2.000185
2.000383
2.000566
2.000731
2.000877
2.001004
2.001110
2.001196
2.001261
2.001305
2.001329
2.001334
2.001321
2.001291
2.001245
2.001185
2.001113
2.001031
2.000940
2.000841
2.000738
2.000631
2.000523
2.000415
2.000308
2.000204
2.000105
2.000011
1.999923
1.999843
1.999770
1.999706
1.999651
1.999605
1.999568
1.999540
1.999521
1.999511
1.999509
1.999515
1.999527
1.999547
1.999572
1.999602
1.999636
1.999674
1.999714
1.999756
1.999800
1.999844
1.999888
1.999931
1.999972
2.000012
2.000049
2.000083
2.000114
2.000142
2.000167
2.000187
2.000204
2.000217
2.000226
2.000232
2.000234
2.000233
2.000229
2.000222
2.000213
2.000201
2.000188
2.000172
2.000156
2.000139
2.000121
2.000102
2.000084
2.000066
2.000048
2.000031
2.000015
2.000000
1.999986
1.999973
1.999962
1.999952
1.999944
1.999937
1.999932
1.999928
1.999926
1.999925
1.999925
1.999926
1.999929
1.999932
1.999937
1.999942
1.999947
1.999953
1.999960
1.999966
1.999973
1.999979
1.999986
1.999992
1.999998
2.000004
2.000009
2.000014
2.000019
2.000022
2.000026
2.000028
2.000030
2.000032
2.000033
2.000034
2.000034
2.000033
2.000032
2.000031
2.000030
2.000028
2.000026
2.000024
2.000021
2.000019
2.000016
2.000014
2.000011
2.000009
2.000006
2.000004
2.000002
2.000000
1.999998
1.999996
1.999995
1.999994
1.999993
1.999992
1.999991
1.999991
1.999991
1.999991
1.999991
1.999991
1.999991
1.999992
1.999992
1.999993
1.999994
1.999995
1.999995
1.999996
1.999997
1.999998
1.999999
1.999999
2.000000
2.000001
2.000001
2.000002
2.000002
2.000003
2.000003
2.000003
2.000004
2.000004
2.000004
2.000004
2.000004
2.000004
2.000004
2.000004
2.000003
2.000003
2.000003
2.000003
2.000002
2.000002
2.000002
2.000001
2.000001
2.000001
2.000001
2.000000
2.000000
2.000000
2.000000
2.000000
1.999999
1.999999
1.999999
1.999999
1.999999
1.999999
1.999999
1.999999
1.999999
1.999999
1.999999
1.999999
1.999999
1.999999
1.999999
1.999999
2.000000
2.000000
2.000000
2.000000
2.000000
2.000000
2.000000
2.000000
2.000000
2.000000
2.000000
2.000000
2.000000
2.000000
2.000000
2.000000
2.000000
2.000000
2.000000
2.000000
2.000000
2.000000
2.000000
2.000000
2.000000
2.000000
2.000000
2.000000
2.000000
2.000000
2.000000
2.000000
2.000000
2.000000
2.000000
2.000000
2.000000
2.000000
2.000000
2.000000
2.000000
2.000000
2.000000
2.000000
2.000000
2.000000
2.000000
2.000000
2.000000
2.000000
2.000000
2.000000
2.000000
2.000000
2.000000
2.000000
2.000000
2.000000
2.000000
2.000000
2.000000
2.000000
2.000000
2.000000
2.000000
2.000000
2.000000
2.000000
2.000000
2.000000
2.000000
2.000000
2.000000
2.000000
2.000000
2.000000
2.000000
2.000000
2.000000
2.000000
2.000000
2.000000
2.000000
2.000000
2.000000
2.000000
2.000000
2.000000
2.000000
2.000000
2.000000
2.000000
2.000000
2.000000
2.000000
2.000000
2.000000
2.000000
2.000000
2.000000
2.000000
2.000000
2.000000
2.000000
2.000000
2.000000
2.000000
2.000000
2.000000
2.000000
2.000000
2.000000
2.000000
2.000000
2.000000
2.000000
2.000000
2.000000
2.000000
2.000000
2.000000
2.000000
2.000000
2.000000
2.000000
2.000000
2.000000
2.000000
2.000000
2.000000
2.000000
2.000000
2.000000
2.000000
2.000000
2.000000
2.000000
2.000000
2.000000
2.000000
2.000000
2.000000
2.000000
2.000000
2.000000
2.000000
2.000000
2.000000
2.000000
2.000000
2.000000
2.000000
2.000000
2.000000
2.000000
2.000000
2.000000
2.000000
2.000000
2.000000
2.000000
2.000000
2.000000
2.000000
2.000000
2.000000
2.000000
2.000000
2.000000
2.000000
2.000000
2.000000
2.000000
2.000000
2.000000
2.000000
2.000000
2.000000
2.000000
2.000000
2.000000
2.000000
2.000000
2.000000
2.000000
2.000000
2.000000
2.000000
2.000000
2.000000
2.000000
2.000000
2.000000
2.000000
2.000000
2.000000
2.000000
2.000000
2.000000
2.000000
2.000000
2.000000
2.000000
2.000000
2.000000
2.000000
2.000000
2.000000
2.000000
2.000000
2.000000
2.000000
2.000000
2.000000
2.000000
2.000000
2.000000
2.000000
2.000000
2.000000
2.000000
2.000000
2.000000
2.000000
2.000000
2.000000
2.000000
2.000000
2.000000
2.000000
2.000000
2.000000
2.000000
2.000000
2.000000
2.000000
2.000000
2.000000
2.000000
2.000000
2.000000
2.000000
2.000000
2.000000
2.000000
2.000000
2.000000
2.000000
2.000000
2.000000
2.000000
2.000000
2.000000
2.000000
2.000000
2.000000
2.000000
2.000000
2.000000
2.000000
2.000000
2.000000
2.000000
2.000000
2.000000
2.000000
2.000000
2.000000
2.000000
2.000000
2.000000
2.000000
2.000000
2.000000
2.000000
2.000000
2.000000
2.000000
2.000000
2.000000
2.000000
2.000000
2.000000
2.000000
2.000000
2.000000
2.000000
2.000000
2.000000
2.000000
2.000000
2.000000
2.000000
2.000000
2.000000
2.000000
2.000000
2.000000
2.000000
2.000000
2.000000
2.000000
2.000000
2.000000
2.000000
2.000000
2.000000
2.000000
2.000000
2.000000
2.000000
2.000000
2.000000
2.000000
2.000000
2.000000
2.000000
2.000000
2.000000
2.000000
2.000000
2.000000
2.000000
2.000000
2.000000
2.000000
2.000000
2.000000
2.000000
2.000000
2.000000
2.000000
2.000000
2.000000
2.000000
2.000000
2.000000
2.000000
2.000000
2.000000
2.000000
2.000000
2.000000
2.000000
2.000000
2.000000
2.000000
2.000000
2.000000
2.000000
2.000000
2.000000
2.000000
2.000000
2.000000
2.000000
2.000000
2.000000
2.000000
2.000000
2.000000
2.000000
