2.196536
2.108597
2.056156
2.056156
2.108597
2.196536
2.310232
2.434769
2.562760
2.681807
2.787160
2.869127
2.925719
2.950032
2.942886
2.900167
2.825443
2.717266
2.581752
2.419837
2.239809
2.044501
1.843759
1.641540
1.448272
1.267789
1.109504
0.975114
0.870628
0.793147
0.743481
0.714012
0.702476
0.700390
0.706366
0.713875
0.723544
0.730768
0.737450
0.740043
0.740902
0.736962
0.730686
0.719479
0.706191
0.689415
0.673472
0.659771
0.655980
0.668151
0.707675
0.782497
0.900797
1.063324
1.269029
1.510960
1.782693
2.074226
2.377655
2.682614
2.981547
3.264968
3.526572
3.758426
3.956010
4.113359
4.228059
4.296352
4.318096
4.291835
4.219716
4.102532
3.944605
3.748796
3.521353
3.266897
2.993234
2.706312
2.414995
2.125982
1.848511
1.589199
1.356588
1.155795
0.992705
0.868344
0.782877
0.730733
0.706011
0.699756
0.705707
0.717151
0.730792
0.743058
0.753049
0.759259
0.762209
0.761818
0.759809
0.757672
0.758766
0.766712
0.786864
0.824647
0.885906
0.974937
1.094363
1.244075
1.421957
1.623871
1.844673
2.078281
2.318475
2.558799
2.793175
3.015682
3.221076
3.404506
3.561970
3.690001
3.786077
3.848279
3.875673
3.867935
3.825708
3.750211
3.643558
3.508355
3.347996
3.166237
2.967473
2.756296
2.537749
2.316864
2.098882
1.888766
1.691375
1.510921
1.351068
1.214351
1.102221
1.014571
0.949972
0.905655
0.878145
0.863661
0.858716
0.860416
0.866627
0.876092
0.888277
0.903495
0.922583
0.947077
0.978753
1.019792
1.072164
1.137785
1.217825
1.312988
1.422928
1.546742
1.682541
1.828091
1.980446
2.136624
2.293223
2.447079
2.594838
2.733588
2.860392
2.972892
3.068812
3.146536
3.204595
3.242220
3.258807
3.254460
3.229435
3.184666
3.121198
3.040704
2.944895
2.836035
2.716338
2.588470
2.454942
2.318599
2.182005
2.047926
1.918704
1.796737
1.683853
1.581794
1.491607
1.414161
1.349588
1.297872
1.258351
1.230387
1.212911
1.205109
1.205949
1.214823
1.231007
1.254243
1.284132
1.320678
1.363642
1.413076
1.468677
1.530327
1.597475
1.669700
1.746122
1.825992
1.908131
1.991535
2.074826
2.156871
2.236236
2.311800
2.382210
2.446489
2.503485
2.552469
2.592577
2.623402
2.644425
2.655594
2.656757
2.648225
2.630199
2.603329
2.568133
2.525548
2.476344
2.421673
2.362475
2.300029
2.235351
2.169745
2.104202
2.039949
1.977855
1.918977
1.863979
1.813678
1.768480
1.728929
1.695160
1.667455
1.645709
1.629989
1.620009
1.615689
1.616633
1.622675
1.633357
1.648472
1.667531
1.690298
1.716262
1.745160
1.776453
1.809845
1.844770
1.880900
1.917643
1.954650
1.991322
2.027309
2.062026
2.095152
2.126144
2.154736
2.180460
2.203133
2.222382
2.238128
2.250112
2.258374
2.262774
2.263472
2.260450
2.253982
2.244158
2.231351
2.215740
2.197776
2.177702
2.156015
2.132996
2.109159
2.084788
2.060387
2.036215
2.012735
1.990158
1.968886
1.949065
1.931021
1.914823
1.900720
1.888701
1.878936
1.871343
1.866020
1.862825
1.861793
1.862731
1.865630
1.870255
1.876563
1.884292
1.893373
1.903529
1.914673
1.926521
1.938981
1.951768
1.964792
1.977776
1.990640
2.003124
2.015163
2.026522
2.037159
2.046868
2.055638
2.063296
2.069865
2.075208
2.079385
2.082296
2.084036
2.084542
2.083942
2.082204
2.079485
2.075783
2.071273
2.065975
2.060079
2.053618
2.046787
2.039624
2.032325
2.024923
2.017607
2.010400
2.003475
1.996843
1.990657
1.984910
1.979733
1.975099
1.971117
1.967738
1.965049
1.962982
1.961603
1.960827
1.960702
1.961127
1.962135
1.963615
1.965588
1.967937
1.970672
1.973673
1.976948
1.980374
1.983958
1.987579
1.991248
1.994849
1.998396
2.001781
2.005025
2.008030
2.010824
2.013321
2.015556
2.017454
2.019062
2.020315
2.021268
2.021868
2.022178
2.022154
2.021867
2.021280
2.020470
2.019407
2.018170
2.016735
2.015182
2.013490
2.011739
2.009908
2.008075
2.006218
2.004412
2.002632
2.000949
1.999335
1.997854
1.996474
1.995255
1.994159
1.993239
1.992455
1.991853
1.991388
1.991102
1.990946
1.990955
1.991081
1.991354
1.991722
1.992214
1.992777
1.993437
1.994141
1.994913
1.995703
1.996533
1.997355
1.998191
1.998994
1.999790
2.000532
2.001248
2.001894
2.002499
2.003024
2.003497
2.003884
2.004215
2.004457
2.004643
2.004743
2.004790
2.004757
2.004678
2.004528
2.004342
2.004097
2.003826
2.003508
2.003178
2.002813
2.002447
2.002060
2.001684
2.001298
2.000933
2.000568
2.000233
1.999906
1.999616
1.999340
1.999106
1.998890
1.998717
1.998564
1.998456
1.998367
1.998321
1.998293
1.998304
1.998329
1.998390
1.998462
1.998563
1.998670
1.998801
1.998932
1.999082
1.999228
1.999387
1.999536
1.999693
1.999837
1.999985
2.000116
2.000247
2.000359
2.000468
2.000556
2.000641
2.000703
2.000761
2.000797
2.000829
2.000840
2.000847
2.000835
2.000821
2.000789
2.000756
2.000709
2.000662
2.000603
2.000547
2.000481
2.000421
2.000352
2.000290
2.000223
2.000164
2.000101
2.000047
1.999991
1.999946
1.999900
1.999864
1.999827
1.999802
1.999776
1.999762
1.999746
1.999742
1.999736
1.999740
1.999743
1.999755
1.999766
1.999784
1.999799
1.999821
1.999840
1.999865
1.999886
1.999912
1.999933
1.999958
1.999978
2.000001
2.000019
2.000040
2.000055
2.000072
2.000083
2.000096
2.000103
2.000113
2.000116
2.000122
2.000121
2.000123
2.000120
2.000118
2.000112
2.000108
2.000100
2.000094
2.000085
2.000078
2.000067
2.000060
2.000049
2.000041
2.000031
2.000024
2.000014
2.000008
1.999999
1.999994
1.999987
1.999983
1.999978
1.999975
1.999971
1.999970
1.999967
1.999968
1.999966
1.999968
1.999967
1.999970
1.999970
1.999974
1.999975
1.999978
1.999980
1.999984
1.999986
1.999990
1.999992
1.999996
1.999997
2.000001
2.000002
2.000005
2.000007
2.000009
2.000010
2.000012
2.000012
2.000014
2.000014
2.000015
2.000014
2.000015
2.000014
2.000014
2.000013
2.000013
2.000011
2.000011
2.000010
2.000009
2.000007
2.000007
2.000005
2.000005
2.000003
2.000003
2.000001
2.000001
2.000000
2.000000
1.999999
1.999999
1.999998
1.999998
1.999997
1.999997
1.999996
1.999997
1.999996
1.999997
1.999996
1.999997
1.999997
1.999997
1.999997
1.999998
1.999998
1.999999
1.999998
1.999999
1.999999
2.000000
2.000000
2.000000
2.000000
2.000001
2.000001
2.000001
2.000001
2.000001
2.000001
2.000001
2.000001
2.000002
2.000001
2.000002
2.000001
2.000001
2.000001
2.000001
2.000001
2.000001
2.000001
2.000001
2.000001
2.000001
2.000000
2.000001
2.000000
2.000000
2.000000
2.000000
2.000000
2.000000
2.000000
2.000000
2.000000
2.000000
2.000000
2.000000
2.000000
2.000000
2.000000
2.000000
2.000000
2.000000
2.000000
2.000000
2.000000
2.000000
2.000000
2.000000
2.000000
2.000000
2.000000
2.000000
2.000000
2.000000
2.000000
2.000000
2.000000
2.000000
2.000000
2.000000
2.000000
2.000000
2.000000
2.000000
2.000000
2.000000
2.000000
2.000000
2.000000
2.000000
2.000000
2.000000
2.000000
2.000000
2.000000
2.000000
2.000000
2.000000
2.000000
2.000000
2.000000
2.000000
2.000000
2.000000
2.000000
2.000000
2.000000
2.000000
2.000000
2.000000
2.000000
2.000000
2.000000
2.000000
2.000000
2.000000
2.000000
2.000000
2.000000
2.000000
2.000000
2.000000
2.000000
2.000000
2.000000
2.000000
2.000000
2.000000
2.000000
2.000000
2.000000
2.000000
2.000000
2.000000
2.000000
2.000000
2.000000
2.000000
2.000000
2.000000
2.000000
2.000000
2.000000
2.000000
2.000000
2.000000
2.000000
2.000000
2.000000
2.000000
2.000000
2.000000
2.000000
2.000000
2.000000
2.000000
2.000000
2.000000
2.000000
2.000000
2.000000
2.000000
2.000000
2.000000
2.000000
2.000000
2.000000
2.000000
2.000000
2.000000
2.000000
2.000000
2.000000
2.000000
2.000000
2.000000
2.000000
2.000000
2.000000
2.000000
2.000000
2.000000
2.000000
2.000000
2.000000
2.000000
2.000000
2.000000
2.000000
2.000000
2.000000
2.000000
2.000000
2.000000
2.000000
2.000000
2.000000
2.000000
2.000000
2.000000
2.000000
2.000000
2.000000
2.000000
2.000000
2.000000
2.000000
2.000000
2.000000
2.000000
2.000000
2.000000
2.000000
2.000000
2.000000
2.000000
2.000000
2.000000
2.000000
2.000000
2.000000
2.000000
2.000000
2.000000
2.000000
2.000000
2.000000
2.000000
2.000000
2.000000
2.000000
2.000000
2.000000
2.000000
2.000000
2.000000
2.000000
2.000000
2.000000
2.000000
2.000000
2.000000
2.000000
2.000000
2.000000
2.000000
2.000000
2.000000
2.000000
2.000000
2.000000
2.000000
2.000000
2.000000
2.000000
2.000000
2.000000
2.000000
2.000000
2.000000
2.000000
2.000000
2.000000
2.000000
2.000000
2.000000
2.000000
2.000000
2.000000
2.000000
2.000000
2.000000
2.000000
2.000000
2.000000
2.000000
2.000000
2.000000
2.000000
2.000000
2.000000
2.000000
2.000000
2.000000
2.000000
2.000000
2.000000
2.000000
2.000000
2.000000
2.000000
2.000000
2.000000
2.000000
2.000000
2.000000
2.000000
2.000000
2.000000
2.000000
2.000000
2.000000
2.000000
2.000000
2.000000
2.000000
2.000000
2.000000
2.000000
2.000000
2.000000
2.000000
2.000000
2.000000
2.000000
2.000000
2.000000
2.000000
2.000000
2.000000
2.000000
2.000000
2.000000
2.000000
2.000000
2.000000
2.000000
2.000000
2.000000
2.000000
2.000000
2.000000
2.000000
2.000000
2.000000
2.000000
2.000000
2.000000
2.000000
2.000000
2.000000
2.000000
2.000000
2.000000
2.000000
2.000000
2.000000
2.000000
2.000000
2.000000
2.000000
2.000000
2.000000
2.000000
2.000000
2.000000
2.000000
2.000000
2.000000
2.000000
2.000000
2.000000
2.000000
2.000000
2.000000
2.000000
2.000000
2.000000
2.000000
2.000000
2.000000
2.000000
