2.046630
1.981979
1.946964
1.946964
1.981979
2.046630
2.130182
2.227997
2.330047
2.432731
2.527196
2.611369
2.678074
2.727162
2.753455
2.758921
2.740456
2.702080
2.642575
2.567689
2.477633
2.379289
2.273579
2.167689
2.062329
1.964030
1.872365
1.792416
1.722054
1.664675
1.616583
1.579957
1.550265
1.529277
1.512427
1.501681
1.492886
1.488411
1.484602
1.484157
1.483832
1.486513
1.489282
1.495120
1.501425
1.511286
1.522487
1.538294
1.556958
1.581958
1.611971
1.650525
1.696409
1.752747
1.817843
1.893795
1.977816
2.070570
2.167972
2.269366
2.369712
2.467624
2.557795
2.638883
2.706052
2.758692
2.793019
2.809631
2.806138
2.784564
2.743996
2.687843
2.616503
2.534474
2.443050
2.347293
2.248774
2.152419
2.059356
1.973660
1.895399
1.827330
1.768236
1.719572
1.679123
1.647512
1.622124
1.603335
1.588664
1.578631
1.571151
1.567007
1.564539
1.564748
1.566329
1.570413
1.575972
1.584216
1.594354
1.607654
1.623545
1.643338
1.666642
1.694753
1.727342
1.765537
1.808863
1.858056
1.912239
1.971543
2.034515
2.100603
2.167790
2.234976
2.299791
2.360897
2.415914
2.463644
2.502061
2.530444
2.547411
2.552952
2.546488
2.528808
2.500148
2.462034
2.415379
2.362243
2.303953
2.242790
2.180155
2.118193
2.058029
2.001363
1.948797
1.901410
1.859214
1.822690
1.791376
1.765337
1.743856
1.726814
1.713458
1.703668
1.696794
1.692808
1.691217
1.692108
1.695143
1.700503
1.707973
1.717797
1.729843
1.744380
1.761315
1.780894
1.803008
1.827824
1.855154
1.885023
1.917099
1.951213
1.986845
2.023613
2.060809
2.097867
2.133946
2.168376
2.200284
2.229016
2.253789
2.274087
2.289338
2.299269
2.303599
2.302362
2.295600
2.283661
2.266889
2.245892
2.221242
2.193716
2.164001
2.132922
2.101165
2.069485
2.038455
2.008676
1.980544
1.954459
1.930626
1.909255
1.890383
1.874073
1.860251
1.848891
1.839863
1.833100
1.828465
1.825886
1.825238
1.826465
1.829460
1.834181
1.840537
1.848489
1.857949
1.868866
1.881138
1.894688
1.909383
1.925106
1.941680
1.958941
1.976666
1.994641
2.012605
2.030309
2.047466
2.063814
2.079071
2.092988
2.105318
2.115861
2.124430
2.130903
2.135180
2.137230
2.137053
2.134714
2.130310
2.123995
2.115946
2.106383
2.095537
2.083667
2.071028
2.057884
2.044483
2.031070
2.017861
2.005059
1.992835
1.981341
1.970695
1.960999
1.952322
1.944720
1.938221
1.932844
1.928588
1.925444
1.923388
1.922394
1.922421
1.923430
1.925369
1.928186
1.931820
1.936208
1.941279
1.946960
1.953170
1.959826
1.966837
1.974110
1.981549
1.989054
1.996524
2.003860
2.010962
2.017734
2.024086
2.029934
2.035202
2.039825
2.043747
2.046927
2.049336
2.050959
2.051793
2.051853
2.051163
2.049761
2.047696
2.045027
2.041820
2.038149
2.034092
2.029728
2.025140
2.020409
2.015612
2.010825
2.006119
2.001558
1.997201
1.993100
1.989300
1.985838
1.982744
1.980043
1.977752
1.975879
1.974430
1.973404
1.972793
1.972587
1.972769
1.973320
1.974217
1.975433
1.976939
1.978704
1.980693
1.982873
1.985205
1.987654
1.990182
1.992752
1.995327
1.997872
2.000352
2.002736
2.004994
2.007098
2.009025
2.010754
2.012267
2.013551
2.014598
2.015401
2.015958
2.016272
2.016348
2.016196
2.015828
2.015258
2.014505
2.013588
2.012527
2.011345
2.010065
2.008710
2.007304
2.005870
2.004429
2.003002
2.001609
2.000269
1.998997
1.997809
1.996715
1.995728
1.994856
1.994104
1.993477
1.992977
1.992605
1.992360
1.992238
1.992234
1.992344
1.992559
1.992871
1.993271
1.993749
1.994295
1.994898
1.995545
1.996227
1.996931
1.997647
1.998364
1.999072
1.999761
2.000422
2.001048
2.001631
2.002164
2.002644
2.003064
2.003424
2.003719
2.003950
2.004116
2.004217
2.004257
2.004237
2.004161
2.004033
2.003856
2.003637
2.003381
2.003093
2.002779
2.002445
2.002097
2.001740
2.001380
2.001022
2.000672
2.000333
2.000011
1.999708
1.999428
1.999173
1.998946
1.998749
1.998581
1.998445
1.998341
1.998267
1.998223
1.998209
1.998222
1.998261
1.998324
1.998408
1.998511
1.998631
1.998765
1.998910
1.999063
1.999222
1.999384
1.999547
1.999708
1.999864
2.000015
2.000157
2.000290
2.000413
2.000523
2.000620
2.000703
2.000773
2.000828
2.000869
2.000896
2.000909
2.000910
2.000898
2.000875
2.000841
2.000798
2.000747
2.000689
2.000626
2.000558
2.000486
2.000413
2.000339
2.000265
2.000192
2.000122
2.000055
1.999992
1.999933
1.999879
1.999831
1.999789
1.999753
1.999723
1.999699
1.999682
1.999670
1.999665
1.999665
1.999670
1.999680
1.999694
1.999712
1.999733
1.999757
1.999783
1.999811
1.999841
1.999871
1.999901
1.999930
1.999960
1.999988
2.000014
2.000039
2.000062
2.000083
2.000101
2.000117
2.000131
2.000142
2.000150
2.000156
2.000159
2.000160
2.000159
2.000155
2.000150
2.000143
2.000135
2.000125
2.000115
2.000103
2.000091
2.000079
2.000066
2.000054
2.000042
2.000030
2.000018
2.000007
1.999997
1.999988
1.999979
1.999972
1.999966
1.999960
1.999956
1.999953
1.999950
1.999949
1.999949
1.999949
1.999950
1.999952
1.999955
1.999958
1.999961
1.999965
1.999969
1.999974
1.999978
1.999983
1.999987
1.999992
1.999996
2.000000
2.000004
2.000007
2.000011
2.000013
2.000016
2.000018
2.000020
2.000021
2.000022
2.000023
2.000023
2.000023
2.000023
2.000022
2.000021
2.000020
2.000019
2.000017
2.000016
2.000014
2.000012
2.000010
2.000009
2.000007
2.000005
2.000004
2.000002
2.000001
1.999999
1.999998
1.999997
1.999996
1.999995
1.999995
1.999994
1.999994
1.999994
1.999994
1.999994
1.999994
1.999994
1.999994
1.999995
1.999995
1.999995
1.999996
1.999996
1.999997
1.999998
1.999998
1.999999
1.999999
2.000000
2.000000
2.000001
2.000001
2.000001
2.000002
2.000002
2.000002
2.000002
2.000003
2.000003
2.000003
2.000003
2.000003
2.000003
2.000003
2.000002
2.000002
2.000002
2.000002
2.000002
2.000002
2.000001
2.000001
2.000001
2.000001
2.000001
2.000000
2.000000
2.000000
2.000000
2.000000
2.000000
2.000000
2.000000
1.999999
1.999999
1.999999
1.999999
1.999999
1.999999
1.999999
1.999999
1.999999
1.999999
2.000000
2.000000
2.000000
2.000000
2.000000
2.000000
2.000000
2.000000
2.000000
2.000000
2.000000
2.000000
2.000000
2.000000
2.000000
2.000000
2.000000
2.000000
2.000000
2.000000
2.000000
2.000000
2.000000
2.000000
2.000000
2.000000
2.000000
2.000000
2.000000
2.000000
2.000000
2.000000
2.000000
2.000000
2.000000
2.000000
2.000000
2.000000
2.000000
2.000000
2.000000
2.000000
2.000000
2.000000
2.000000
2.000000
2.000000
2.000000
2.000000
2.000000
2.000000
2.000000
2.000000
2.000000
2.000000
2.000000
2.000000
2.000000
2.000000
2.000000
2.000000
2.000000
2.000000
2.000000
2.000000
2.000000
2.000000
2.000000
2.000000
2.000000
2.000000
2.000000
2.000000
2.000000
2.000000
2.000000
2.000000
2.000000
2.000000
2.000000
2.000000
2.000000
2.000000
2.000000
2.000000
2.000000
2.000000
2.000000
2.000000
2.000000
2.000000
2.000000
2.000000
2.000000
2.000000
2.000000
2.000000
2.000000
2.000000
2.000000
2.000000
2.000000
2.000000
2.000000
2.000000
2.000000
2.000000
2.000000
2.000000
2.000000
2.000000
2.000000
2.000000
2.000000
2.000000
2.000000
2.000000
2.000000
2.000000
2.000000
2.000000
2.000000
2.000000
2.000000
2.000000
2.000000
2.000000
2.000000
2.000000
2.000000
2.000000
2.000000
2.000000
2.000000
2.000000
2.000000
2.000000
2.000000
2.000000
2.000000
2.000000
2.000000
2.000000
2.000000
2.000000
2.000000
2.000000
2.000000
2.000000
2.000000
2.000000
2.000000
2.000000
2.000000
2.000000
2.000000
2.000000
2.000000
2.000000
2.000000
2.000000
2.000000
2.000000
2.000000
2.000000
2.000000
2.000000
2.000000
2.000000
2.000000
2.000000
2.000000
2.000000
2.000000
2.000000
2.000000
2.000000
2.000000
2.000000
2.000000
2.000000
2.000000
2.000000
2.000000
2.000000
2.000000
2.000000
2.000000
2.000000
2.000000
2.000000
2.000000
2.000000
2.000000
2.000000
2.000000
2.000000
2.000000
2.000000
2.000000
2.000000
2.000000
2.000000
2.000000
2.000000
2.000000
2.000000
2.000000
2.000000
2.000000
2.000000
2.000000
2.000000
2.000000
2.000000
2.000000
2.000000
2.000000
2.000000
2.000000
2.000000
2.000000
2.000000
2.000000
2.000000
2.000000
2.000000
2.000000
2.000000
2.000000
2.000000
2.000000
2.000000
2.000000
2.000000
2.000000
2.000000
2.000000
2.000000
2.000000
2.000000
2.000000
2.000000
2.000000
2.000000
2.000000
2.000000
2.000000
2.000000
2.000000
2.000000
2.000000
2.000000
2.000000
2.000000
2.000000
2.000000
2.000000
2.000000
2.000000
2.000000
2.000000
2.000000
2.000000
2.000000
2.000000
2.000000
2.000000
2.000000
2.000000
2.000000
2.000000
2.000000
2.000000
2.000000
2.000000
2.000000
2.000000
2.000000
2.000000
2.000000
2.000000
2.000000
2.000000
2.000000
2.000000
2.000000
2.000000
2.000000
2.000000
2.000000
2.000000
2.000000
2.000000
2.000000
2.000000
2.000000
2.000000
2.000000
2.000000
2.000000
2.000000
2.000000
2.000000
2.000000
2.000000
2.000000
2.000000
2.000000
2.000000
2.000000
2.000000
2.000000
2.000000
2.000000
2.000000
2.000000
2.000000
2.000000
2.000000
2.000000
2.000000
2.000000
2.000000
2.000000
2.000000
2.000000
2.000000
2.000000
2.000000
2.000000
2.000000
2.000000
2.000000
2.000000
2.000000
2.000000
2.000000
2.000000
2.000000
2.000000
2.000000
2.000000
2.000000
2.000000
2.000000
2.000000
2.000000
2.000000
2.000000
2.000000
2.000000
2.000000
2.000000
2.000000
2.000000
2.000000
2.000000
2.000000
2.000000
2.000000
2.000000
2.000000
2.000000
2.000000
2.000000
