2.194762
2.107642
2.055716
2.055716
2.107642
2.194762
2.307315
2.430569
2.557087
2.674632
2.778386
2.858796
2.913796
2.936616
2.927990
2.883932
2.807922
2.698640
2.562113
2.399403
2.218711
2.022998
1.822023
1.619873
1.426887
1.247021
1.089583
0.956355
0.853187
0.777179
0.728913
0.700736
0.690210
0.688904
0.695371
0.703195
0.712988
0.720250
0.726868
0.729367
0.730075
0.725968
0.719469
0.708004
0.694382
0.677208
0.660791
0.646593
0.642373
0.654359
0.694177
0.769963
0.889935
1.054705
1.263032
1.507769
1.782363
2.076700
2.382820
2.690297
2.991557
3.277075
3.540547
3.774012
3.972956
4.131392
4.246917
4.315754
4.337774
4.311504
4.239104
4.121355
3.962593
3.765667
3.536843
3.280734
3.005168
2.716091
2.422399
2.130802
1.850588
1.588416
1.352923
1.149323
0.983668
0.857140
0.770074
0.716935
0.691773
0.685449
0.691556
0.703224
0.717093
0.729516
0.739586
0.745757
0.748564
0.747901
0.745520
0.742912
0.743509
0.750993
0.770871
0.808701
0.870493
0.960606
1.081676
1.233492
1.413838
1.618430
1.842034
2.078457
2.321431
2.564425
2.801337
3.026198
3.233755
3.419119
3.578293
3.707778
3.805059
3.868193
3.896255
3.888898
3.846782
3.771102
3.663991
3.528034
3.366647
3.183569
2.983222
2.770187
2.549538
2.326307
2.105782
1.892943
1.692718
1.509365
1.346654
1.207199
1.092583
1.002776
0.936441
0.890806
0.862379
0.847283
0.841956
0.843396
0.849413
0.858682
0.870663
0.885649
0.904516
0.928828
0.960432
1.001568
1.054285
1.120543
1.201558
1.298031
1.409606
1.535331
1.673276
1.821140
1.975927
2.134594
2.293697
2.450018
2.600177
2.741219
2.870188
2.984690
3.082440
3.161794
3.221276
3.260095
3.277646
3.274013
3.249453
3.204886
3.141363
3.060542
2.964147
2.854430
2.733623
2.604389
2.469259
2.331086
2.192465
2.056178
1.924613
1.800200
1.684825
1.580275
1.487665
1.407915
1.341217
1.287590
1.246412
1.217052
1.198447
1.189769
1.189973
1.198428
1.214399
1.237609
1.267660
1.304541
1.348022
1.398143
1.454606
1.517281
1.585612
1.659158
1.737030
1.818450
1.902223
1.987315
2.072330
2.156105
2.237188
2.314429
2.386462
2.452282
2.510727
2.561045
2.602365
2.634260
2.656206
2.668138
2.669899
2.661791
2.644016
2.617217
2.581916
2.539046
2.489388
2.434092
2.374115
2.310739
2.245000
2.178211
2.111389
2.045776
1.982269
1.921944
1.865495
1.813763
1.767182
1.726317
1.691327
1.662511
1.639781
1.623213
1.612532
1.607658
1.608198
1.613981
1.624548
1.639680
1.658887
1.681918
1.708257
1.737626
1.769481
1.803511
1.839140
1.876027
1.913570
1.951408
1.988931
2.025776
2.061349
2.095315
2.127125
2.156501
2.182968
2.206332
2.226215
2.242531
2.255017
2.263704
2.268453
2.269419
2.266585
2.260220
2.250419
2.237553
2.221807
2.203632
2.183279
2.161247
2.137827
2.113538
2.088673
2.063742
2.039016
2.014964
1.991809
1.969960
1.949573
1.930982
1.914264
1.899673
1.887207
1.877038
1.869091
1.863466
1.860022
1.858797
1.859597
1.862410
1.867005
1.873330
1.881126
1.890317
1.900623
1.911954
1.924020
1.936725
1.949781
1.963090
1.976374
1.989545
2.002341
2.014691
2.026356
2.037292
2.047288
2.056329
2.064240
2.071041
2.076593
2.080953
2.084022
2.085891
2.086499
2.085971
2.084278
2.081575
2.077861
2.073314
2.067955
2.061975
2.055408
2.048454
2.041151
2.033699
2.026134
2.018646
2.011262
2.004158
1.997347
1.990985
1.985066
1.979726
1.974937
1.970812
1.967301
1.964495
1.962326
1.960860
1.960013
1.959833
1.960218
1.961203
1.962675
1.964655
1.967024
1.969792
1.972838
1.976167
1.979657
1.983312
1.987011
1.990763
1.994450
1.998085
2.001559
2.004892
2.007983
2.010861
2.013437
2.015747
2.017715
2.019386
2.020696
2.021698
2.022339
2.022683
2.022685
2.022415
2.021838
2.021031
2.019962
2.018714
2.017261
2.015685
2.013964
2.012180
2.010311
2.008438
2.006538
2.004688
2.002862
2.001134
1.999474
1.997949
1.996526
1.995266
1.994131
1.993176
1.992359
1.991728
1.991238
1.990930
1.990756
1.990753
1.990868
1.991136
1.991502
1.991995
1.992562
1.993230
1.993944
1.994730
1.995534
1.996381
1.997220
1.998076
1.998899
1.999716
2.000478
2.001215
2.001880
2.002505
2.003048
2.003539
2.003941
2.004287
2.004541
2.004738
2.004847
2.004902
2.004874
2.004799
2.004651
2.004466
2.004219
2.003946
2.003624
2.003289
2.002917
2.002545
2.002149
2.001764
2.001368
2.000994
2.000619
2.000275
1.999938
1.999639
1.999354
1.999112
1.998887
1.998707
1.998548
1.998434
1.998339
1.998289
1.998257
1.998265
1.998289
1.998348
1.998419
1.998521
1.998628
1.998761
1.998894
1.999047
1.999195
1.999357
1.999510
1.999671
1.999819
1.999971
2.000105
2.000240
2.000355
2.000468
2.000560
2.000648
2.000713
2.000774
2.000812
2.000846
2.000859
2.000868
2.000856
2.000843
2.000811
2.000779
2.000731
2.000684
2.000624
2.000568
2.000500
2.000438
2.000368
2.000305
2.000235
2.000175
2.000110
2.000055
1.999998
1.999951
1.999902
1.999866
1.999827
1.999801
1.999774
1.999759
1.999742
1.999737
1.999730
1.999735
1.999737
1.999749
1.999759
1.999777
1.999792
1.999815
1.999834
1.999860
1.999881
1.999907
1.999929
1.999955
1.999975
1.999999
2.000017
2.000039
2.000054
2.000072
2.000083
2.000097
2.000105
2.000115
2.000118
2.000124
2.000124
2.000126
2.000123
2.000122
2.000115
2.000112
2.000103
2.000098
2.000088
2.000081
2.000070
2.000062
2.000051
2.000044
2.000033
2.000026
2.000016
2.000009
2.000000
1.999995
1.999988
1.999984
1.999978
1.999975
1.999971
1.999970
1.999967
1.999967
1.999966
1.999967
1.999967
1.999969
1.999969
1.999973
1.999974
1.999978
1.999979
1.999983
1.999985
1.999989
1.999991
1.999995
1.999997
2.000001
2.000002
2.000005
2.000006
2.000009
2.000010
2.000012
2.000012
2.000014
2.000014
2.000015
2.000014
2.000015
2.000014
2.000015
2.000013
2.000013
2.000012
2.000012
2.000010
2.000010
2.000008
2.000007
2.000006
2.000005
2.000004
2.000003
2.000002
2.000001
2.000000
2.000000
1.999999
1.999999
1.999997
1.999998
1.999997
1.999997
1.999996
1.999997
1.999996
1.999997
1.999996
1.999997
1.999997
1.999997
1.999997
1.999998
1.999998
1.999999
1.999998
1.999999
1.999999
2.000000
2.000000
2.000000
2.000000
2.000001
2.000001
2.000001
2.000001
2.000001
2.000001
2.000002
2.000001
2.000002
2.000001
2.000002
2.000001
2.000002
2.000001
2.000001
2.000001
2.000001
2.000001
2.000001
2.000001
2.000001
2.000000
2.000001
2.000000
2.000000
2.000000
2.000000
2.000000
2.000000
2.000000
2.000000
2.000000
2.000000
2.000000
2.000000
2.000000
2.000000
2.000000
2.000000
2.000000
2.000000
2.000000
2.000000
2.000000
2.000000
2.000000
2.000000
2.000000
2.000000
2.000000
2.000000
2.000000
2.000000
2.000000
2.000000
2.000000
2.000000
2.000000
2.000000
2.000000
2.000000
2.000000
2.000000
2.000000
2.000000
2.000000
2.000000
2.000000
2.000000
2.000000
2.000000
2.000000
2.000000
2.000000
2.000000
2.000000
2.000000
2.000000
2.000000
2.000000
2.000000
2.000000
2.000000
2.000000
2.000000
2.000000
2.000000
2.000000
2.000000
2.000000
2.000000
2.000000
2.000000
2.000000
2.000000
2.000000
2.000000
2.000000
2.000000
2.000000
2.000000
2.000000
2.000000
2.000000
2.000000
2.000000
2.000000
2.000000
2.000000
2.000000
2.000000
2.000000
2.000000
2.000000
2.000000
2.000000
2.000000
2.000000
2.000000
2.000000
2.000000
2.000000
2.000000
2.000000
2.000000
2.000000
2.000000
2.000000
2.000000
2.000000
2.000000
2.000000
2.000000
2.000000
2.000000
2.000000
2.000000
2.000000
2.000000
2.000000
2.000000
2.000000
2.000000
2.000000
2.000000
2.000000
2.000000
2.000000
2.000000
2.000000
2.000000
2.000000
2.000000
2.000000
2.000000
2.000000
2.000000
2.000000
2.000000
2.000000
2.000000
2.000000
2.000000
2.000000
2.000000
2.000000
2.000000
2.000000
2.000000
2.000000
2.000000
2.000000
2.000000
2.000000
2.000000
2.000000
2.000000
2.000000
2.000000
2.000000
2.000000
2.000000
2.000000
2.000000
2.000000
2.000000
2.000000
2.000000
2.000000
2.000000
2.000000
2.000000
2.000000
2.000000
2.000000
2.000000
2.000000
2.000000
2.000000
2.000000
2.000000
2.000000
2.000000
2.000000
2.000000
2.000000
2.000000
2.000000
2.000000
2.000000
2.000000
2.000000
2.000000
2.000000
2.000000
2.000000
2.000000
2.000000
2.000000
2.000000
2.000000
2.000000
2.000000
2.000000
2.000000
2.000000
2.000000
2.000000
2.000000
2.000000
2.000000
2.000000
2.000000
2.000000
2.000000
2.000000
2.000000
2.000000
2.000000
2.000000
2.000000
2.000000
2.000000
2.000000
2.000000
2.000000
2.000000
2.000000
2.000000
2.000000
2.000000
2.000000
2.000000
2.000000
2.000000
2.000000
2.000000
2.000000
2.000000
2.000000
2.000000
2.000000
2.000000
2.000000
2.000000
2.000000
2.000000
2.000000
2.000000
2.000000
2.000000
2.000000
2.000000
2.000000
2.000000
2.000000
2.000000
2.000000
2.000000
2.000000
2.000000
2.000000
2.000000
2.000000
2.000000
2.000000
2.000000
2.000000
2.000000
2.000000
2.000000
2.000000
2.000000
2.000000
2.000000
2.000000
2.000000
2.000000
2.000000
2.000000
2.000000
2.000000
2.000000
2.000000
2.000000
2.000000
2.000000
2.000000
2.000000
2.000000
2.000000
2.000000
2.000000
2.000000
2.000000
2.000000
2.000000
2.000000
2.000000
2.000000
2.000000
2.000000
2.000000
2.000000
2.000000
2.000000
2.000000
2.000000
2.000000
2.000000
2.000000
2.000000
2.000000
2.000000
2.000000
2.000000
2.000000
2.000000
2.000000
2.000000
2.000000
2.000000
2.000000
2.000000
2.000000
2.000000
2.000000
2.000000
2.000000
2.000000
2.000000
