2.173995
2.095450
2.048877
2.048877
2.095450
2.173995
2.274574
2.384325
2.495354
2.597048
2.683928
2.747907
2.786139
2.793229
2.769067
2.710997
2.621625
2.500944
2.354101
2.183475
1.996399
1.797167
1.594691
1.394400
1.205773
1.034017
0.887366
0.768374
0.681044
0.622176
0.589665
0.575372
0.575123
0.581286
0.591981
0.602202
0.612456
0.619485
0.624947
0.626247
0.625305
0.619642
0.611150
0.597537
0.581051
0.560468
0.539784
0.521020
0.512703
0.523126
0.566387
0.652735
0.790215
0.977667
1.211682
1.483354
1.784907
2.105388
2.436321
2.766897
3.089325
3.393885
3.674182
3.922141
4.133214
4.301338
4.424104
4.497683
4.521959
4.495415
4.420241
4.297187
4.130631
3.923408
3.681845
3.410563
3.117487
2.808619
2.493019
2.177556
1.871842
1.582927
1.320139
1.089612
0.898812
0.750610
0.647157
0.583816
0.554206
0.547392
0.555203
0.569215
0.585327
0.599273
0.610046
0.615811
0.617177
0.613829
0.607713
0.600339
0.595772
0.598437
0.615413
0.653884
0.721589
0.823476
0.961930
1.135453
1.340581
1.571603
1.822386
2.085789
2.355091
2.623165
2.883725
3.130399
3.357892
3.561014
3.735799
3.878503
3.986689
4.058198
4.092211
4.088190
4.046917
3.969414
3.857956
3.714974
3.544047
3.348783
3.133799
2.903587
2.663473
2.418472
2.174227
1.935845
1.708801
1.497736
1.307296
1.140850
1.001207
0.889279
0.804787
0.745225
0.707070
0.685553
0.676253
0.674992
0.678885
0.685879
0.695264
0.707174
0.722849
0.744228
0.773975
0.815049
0.870413
0.942572
1.033181
1.142852
1.271027
1.416160
1.575806
1.746945
1.926078
2.109526
2.293466
2.474181
2.648035
2.811686
2.962019
3.096334
3.212255
3.307890
3.381720
3.432745
3.460352
3.464449
3.445313
3.403713
3.340746
3.257946
3.157110
3.040400
2.910155
2.768989
2.619596
2.464840
2.307555
2.150630
1.996801
1.848734
1.708805
1.579189
1.461628
1.357534
1.267774
1.192811
1.132549
1.086564
1.054024
1.034015
1.025478
1.027552
1.039433
1.060646
1.090793
1.129754
1.177354
1.233548
1.298071
1.370653
1.450690
1.537515
1.630105
1.727393
1.827998
1.930569
2.033515
2.135361
2.234474
2.329421
2.418682
2.501002
2.575100
2.640006
2.694766
2.738766
2.771428
2.792532
2.801899
2.799703
2.786152
2.761795
2.727187
2.683201
2.630685
2.570765
2.504507
2.433208
2.358060
2.280442
2.201574
2.122817
2.045325
1.970344
1.898868
1.831941
1.770323
1.714792
1.665821
1.623894
1.589189
1.561907
1.541962
1.529322
1.523698
1.524891
1.532478
1.546152
1.565405
1.589861
1.618953
1.652253
1.689145
1.729156
1.771627
1.816047
1.861726
1.908132
1.954566
2.000503
2.045262
2.088355
2.129157
2.167249
2.202091
2.233364
2.260643
2.283732
2.302336
2.316398
2.325765
2.330520
2.330653
2.326384
2.317831
2.305337
2.289134
2.269662
2.247240
2.222381
2.195457
2.167021
2.137469
2.107360
2.077077
2.047155
2.017937
1.989901
1.963326
1.938615
1.915961
1.895677
1.877865
1.862741
1.850314
1.840707
1.833842
1.829759
1.828303
1.829445
1.832967
1.838786
1.846638
1.856400
1.867774
1.880612
1.894599
1.909572
1.925211
1.941352
1.957680
1.974042
1.990139
2.005838
2.020865
2.035118
2.048357
2.060514
2.071391
2.080962
2.089072
2.095741
2.100860
2.104492
2.106574
2.107213
2.106385
2.104236
2.100779
2.096188
2.090505
2.083930
2.076521
2.068491
2.059911
2.050997
2.041819
2.032591
2.023374
2.014368
2.005621
1.997312
1.989468
1.982247
1.975649
1.969805
1.964692
1.960411
1.956912
1.954272
1.952417
1.951398
1.951121
1.951617
1.952772
1.954603
1.956984
1.959917
1.963269
1.967035
1.971077
1.975390
1.979834
1.984405
1.988969
1.993525
1.997946
2.002241
2.006293
2.010119
2.013615
2.016810
2.019612
2.022061
2.024082
2.025726
2.026929
2.027755
2.028153
2.028196
2.027843
2.027178
2.026165
2.024896
2.023344
2.021600
2.019643
2.017568
2.015352
2.013091
2.010762
2.008457
2.006151
2.003932
2.001770
1.999747
1.997830
1.996094
1.994498
1.993110
1.991886
1.990886
1.990058
1.989457
1.989025
1.988812
1.988755
1.988898
1.989177
1.989629
1.990189
1.990892
1.991669
1.992556
1.993484
1.994485
1.995493
1.996542
1.997566
1.998599
1.999580
2.000542
2.001429
2.002276
2.003029
2.003728
2.004320
2.004848
2.005264
2.005611
2.005846
2.006015
2.006075
2.006075
2.005976
2.005827
2.005591
2.005318
2.004972
2.004604
2.004179
2.003747
2.003274
2.002809
2.002318
2.001850
2.001369
2.000923
2.000476
2.000074
1.999681
1.999340
1.999015
1.998747
1.998498
1.998308
1.998140
1.998030
1.997940
1.997906
1.997889
1.997924
1.997972
1.998066
1.998167
1.998308
1.998449
1.998623
1.998791
1.998985
1.999166
1.999367
1.999550
1.999746
1.999919
2.000100
2.000254
2.000413
2.000542
2.000672
2.000771
2.000869
2.000935
2.001001
2.001035
2.001068
2.001071
2.001074
2.001049
2.001027
2.000979
2.000935
2.000868
2.000809
2.000730
2.000660
2.000573
2.000499
2.000410
2.000336
2.000249
2.000179
2.000099
2.000038
1.999967
1.999916
1.999857
1.999818
1.999773
1.999747
1.999715
1.999701
1.999682
1.999681
1.999674
1.999684
1.999687
1.999706
1.999717
1.999744
1.999761
1.999792
1.999814
1.999848
1.999871
1.999906
1.999929
1.999963
1.999985
2.000016
2.000035
2.000062
2.000077
2.000100
2.000111
2.000129
2.000134
2.000147
2.000148
2.000157
2.000153
2.000157
2.000149
2.000150
2.000139
2.000136
2.000123
2.000118
2.000103
2.000097
2.000081
2.000074
2.000058
2.000051
2.000036
2.000029
2.000015
2.000010
1.999997
1.999993
1.999982
1.999980
1.999971
1.999970
1.999963
1.999964
1.999959
1.999961
1.999958
1.999962
1.999959
1.999964
1.999963
1.999969
1.999969
1.999975
1.999975
1.999982
1.999983
1.999989
1.999990
1.999997
1.999997
2.000003
2.000003
2.000009
2.000008
2.000013
2.000012
2.000017
2.000015
2.000019
2.000016
2.000020
2.000017
2.000020
2.000017
2.000019
2.000015
2.000017
2.000013
2.000015
2.000011
2.000012
2.000009
2.000010
2.000006
2.000007
2.000003
2.000005
2.000001
2.000002
1.999999
2.000000
1.999997
1.999999
1.999996
1.999998
1.999995
1.999997
1.999995
1.999997
1.999995
1.999997
1.999995
1.999997
1.999995
1.999998
1.999996
1.999998
1.999997
1.999999
1.999997
2.000000
1.999998
2.000000
1.999999
2.000001
2.000000
2.000002
2.000000
2.000002
2.000000
2.000002
2.000001
2.000002
2.000001
2.000003
2.000001
2.000003
2.000001
2.000002
2.000001
2.000002
2.000001
2.000002
2.000000
2.000002
2.000000
2.000001
2.000000
2.000001
2.000000
2.000001
2.000000
2.000001
1.999999
2.000001
1.999999
2.000000
1.999999
2.000000
1.999999
2.000000
1.999999
2.000000
1.999999
2.000000
1.999999
2.000000
1.999999
2.000000
1.999999
2.000000
1.999999
2.000000
1.999999
2.000000
1.999999
2.000000
2.000000
2.000000
2.000000
2.000000
2.000000
2.000001
2.000000
2.000001
2.000000
2.000001
2.000000
2.000001
2.000000
2.000001
2.000000
2.000001
2.000000
2.000000
2.000000
2.000000
2.000000
2.000000
2.000000
2.000000
2.000000
2.000000
2.000000
2.000000
2.000000
2.000000
2.000000
2.000000
2.000000
2.000000
2.000000
2.000000
2.000000
2.000000
2.000000
2.000000
2.000000
2.000000
2.000000
2.000000
2.000000
2.000000
2.000000
2.000000
2.000000
2.000000
2.000000
2.000000
2.000000
2.000000
2.000000
2.000000
2.000000
2.000000
2.000000
2.000000
2.000000
2.000000
2.000000
2.000000
2.000000
2.000000
2.000000
2.000000
2.000000
2.000000
2.000000
2.000000
2.000000
2.000000
2.000000
2.000000
2.000000
2.000000
2.000000
2.000000
2.000000
2.000000
2.000000
2.000000
2.000000
2.000000
2.000000
2.000000
2.000000
2.000000
2.000000
2.000000
2.000000
2.000000
2.000000
2.000000
2.000000
2.000000
2.000000
2.000000
2.000000
2.000000
2.000000
2.000000
2.000000
2.000000
2.000000
2.000000
2.000000
2.000000
2.000000
2.000000
2.000000
2.000000
2.000000
2.000000
2.000000
2.000000
2.000000
2.000000
2.000000
2.000000
2.000000
2.000000
2.000000
2.000000
2.000000
2.000000
2.000000
2.000000
2.000000
2.000000
2.000000
2.000000
2.000000
2.000000
2.000000
2.000000
2.000000
2.000000
2.000000
2.000000
2.000000
2.000000
2.000000
2.000000
2.000000
2.000000
2.000000
2.000000
2.000000
2.000000
2.000000
2.000000
2.000000
2.000000
2.000000
2.000000
2.000000
2.000000
2.000000
2.000000
2.000000
2.000000
2.000000
2.000000
2.000000
2.000000
2.000000
2.000000
2.000000
2.000000
2.000000
2.000000
2.000000
2.000000
2.000000
2.000000
2.000000
2.000000
2.000000
2.000000
2.000000
2.000000
2.000000
2.000000
2.000000
2.000000
2.000000
2.000000
2.000000
2.000000
2.000000
2.000000
2.000000
2.000000
2.000000
2.000000
2.000000
2.000000
2.000000
2.000000
2.000000
2.000000
2.000000
2.000000
2.000000
2.000000
2.000000
2.000000
2.000000
2.000000
2.000000
2.000000
2.000000
2.000000
2.000000
2.000000
2.000000
2.000000
2.000000
2.000000
2.000000
2.000000
2.000000
2.000000
2.000000
2.000000
2.000000
2.000000
2.000000
2.000000
2.000000
2.000000
2.000000
2.000000
2.000000
2.000000
2.000000
2.000000
2.000000
2.000000
2.000000
2.000000
2.000000
2.000000
2.000000
2.000000
2.000000
2.000000
2.000000
2.000000
2.000000
2.000000
2.000000
2.000000
2.000000
2.000000
2.000000
2.000000
2.000000
2.000000
2.000000
2.000000
2.000000
2.000000
2.000000
2.000000
2.000000
2.000000
2.000000
2.000000
2.000000
2.000000
2.000000
2.000000
2.000000
2.000000
2.000000
2.000000
2.000000
2.000000
2.000000
2.000000
2.000000
2.000000
2.000000
2.000000
2.000000
2.000000
1.999999
1.999999
1.999999
1.999999
1.999999
1.999999
1.999999
1.999999
