2.207374
2.113266
2.056961
2.056961
2.113266
2.207374
2.329678
2.463918
2.603052
2.733535
2.851110
2.945052
3.013949
3.049931
3.054436
3.022415
2.958071
2.859035
2.732060
2.577159
2.403244
2.212216
2.014525
1.813191
1.619239
1.435612
1.272412
1.130683
1.017486
0.929846
0.870132
0.831018
0.811551
0.803055
0.804654
0.809162
0.817298
0.823806
0.830631
0.833794
0.835755
0.833258
0.828925
0.820156
0.809932
0.796875
0.785184
0.775942
0.775918
0.789862
0.827247
0.894552
0.999306
1.143193
1.326484
1.543976
1.790338
2.056749
2.335788
2.617797
2.895352
3.159436
3.403707
3.620589
3.805439
3.952589
4.059461
4.122562
4.141555
4.115228
4.045511
3.933425
3.783051
3.597452
3.382608
3.143306
2.887029
2.619823
2.350130
2.084605
1.831855
1.598162
1.391032
1.214739
1.073586
0.967443
0.895150
0.851169
0.830050
0.824414
0.829063
0.838631
0.850278
0.861166
0.870396
0.876885
0.880969
0.882838
0.883874
0.885595
0.890690
0.902310
0.924593
0.961988
1.019003
1.099402
1.205514
1.337915
1.495171
1.674322
1.870973
2.080039
2.295772
2.512435
2.724172
2.925583
3.111490
3.277441
3.419408
3.534249
3.619357
3.673096
3.694405
3.683212
3.640007
3.566227
3.463810
3.335552
3.184633
3.014961
2.830670
2.636441
2.436973
2.237279
2.042116
1.856250
1.683828
1.528601
1.393243
1.279590
1.188011
1.117857
1.067093
1.033144
1.012749
1.002972
1.000898
1.004496
1.012019
1.022737
1.036149
1.052711
1.072953
1.098221
1.129724
1.169259
1.218172
1.278064
1.349721
1.433866
1.530155
1.638056
1.755963
1.882185
2.014145
2.149409
2.284905
2.417946
2.545426
2.664827
2.773379
2.869044
2.949648
3.013839
3.060196
3.088167
3.097157
3.087446
3.059263
3.013681
2.951683
2.875038
2.785356
2.684949
2.575872
2.460782
2.341955
2.222140
2.103575
1.988821
1.879778
1.778529
1.686356
1.604610
1.533767
1.474337
1.425990
1.388522
1.361039
1.342950
1.333174
1.331107
1.335807
1.346896
1.363721
1.386189
1.413903
1.446960
1.485081
1.528387
1.576543
1.629530
1.686818
1.748137
1.812692
1.879938
1.948825
2.018583
2.087987
2.156144
2.221770
2.283971
2.341528
2.393667
2.439345
2.478007
2.508868
2.531665
2.545926
2.551713
2.548889
2.537844
2.518763
2.492341
2.459044
2.419815
2.375336
2.326725
2.274794
2.220743
2.165419
2.110006
2.055289
2.002338
1.951790
1.904526
1.860968
1.821764
1.787096
1.757368
1.732537
1.712796
1.697924
1.687957
1.682556
1.681663
1.684875
1.692087
1.702869
1.717093
1.734320
1.754402
1.776889
1.801611
1.828099
1.856155
1.885283
1.915258
1.945563
1.975951
2.005898
2.035154
2.063208
2.089830
2.114546
2.137174
2.157302
2.174819
2.189399
2.201019
2.209453
2.214777
2.216873
2.215920
2.211902
2.205095
2.195575
2.183698
2.169614
2.153739
2.136271
2.117659
2.098124
2.078120
2.057863
2.037787
2.018079
1.999130
1.981080
1.964260
1.948752
1.934820
1.922480
1.911929
1.903121
1.896188
1.891028
1.887720
1.886113
1.886241
1.887919
1.891143
1.895703
1.901569
1.908512
1.916484
1.925247
1.934740
1.944722
1.955128
1.965718
1.976429
1.987031
1.997467
2.007522
2.017154
2.026169
2.034543
2.042108
2.048865
2.054675
2.059566
2.063431
2.066329
2.068182
2.069078
2.068970
2.067973
2.066067
2.063387
2.059935
2.055865
2.051193
2.046082
2.040559
2.034789
2.028802
2.022758
2.016684
2.010732
2.004920
1.999385
1.994131
1.989280
1.984820
1.980854
1.977354
1.974402
1.971955
1.970077
1.968709
1.967899
1.967574
1.967766
1.968395
1.969479
1.970930
1.972758
1.974869
1.977268
1.979860
1.982644
1.985527
1.988509
1.991499
1.994498
1.997420
2.000272
2.002974
2.005537
2.007892
2.010055
2.011965
2.013648
2.015052
2.016208
2.017076
2.017693
2.018027
2.018124
2.017957
2.017579
2.016969
2.016183
2.015207
2.014098
2.012845
2.011506
2.010073
2.008602
2.007085
2.005576
2.004066
2.002607
2.001186
1.999851
1.998586
1.997435
1.996379
1.995456
1.994642
1.993972
1.993419
1.993010
1.992718
1.992565
1.992521
1.992604
1.992781
1.993069
1.993433
1.993887
1.994397
1.994973
1.995583
1.996237
1.996902
1.997589
1.998265
1.998943
1.999592
2.000225
2.000813
2.001370
2.001871
2.002330
2.002726
2.003073
2.003352
2.003580
2.003741
2.003851
2.003896
2.003895
2.003835
2.003735
2.003585
2.003403
2.003181
2.002937
2.002662
2.002377
2.002071
2.001764
2.001446
2.001137
2.000827
2.000533
2.000246
1.999982
1.999730
1.999507
1.999300
1.999124
1.998969
1.998845
1.998742
1.998670
1.998619
1.998597
1.998594
1.998617
1.998656
1.998717
1.998790
1.998882
1.998981
1.999094
1.999209
1.999335
1.999458
1.999587
1.999711
1.999836
1.999953
2.000068
2.000172
2.000271
2.000357
2.000438
2.000504
2.000563
2.000608
2.000645
2.000669
2.000685
2.000688
2.000685
2.000670
2.000650
2.000620
2.000587
2.000545
2.000502
2.000453
2.000403
2.000349
2.000297
2.000243
2.000191
2.000139
2.000090
2.000042
2.000000
1.999958
1.999923
1.999890
1.999863
1.999838
1.999820
1.999803
1.999794
1.999786
1.999784
1.999784
1.999789
1.999795
1.999806
1.999818
1.999833
1.999849
1.999867
1.999884
1.999904
1.999923
1.999943
1.999961
1.999980
1.999997
2.000014
2.000029
2.000043
2.000055
2.000067
2.000076
2.000084
2.000090
2.000095
2.000098
2.000100
2.000099
2.000099
2.000096
2.000093
2.000088
2.000083
2.000076
2.000070
2.000063
2.000056
2.000048
2.000041
2.000033
2.000026
2.000019
2.000013
2.000006
2.000000
1.999995
1.999990
1.999986
1.999982
1.999979
1.999977
1.999975
1.999974
1.999973
1.999973
1.999973
1.999974
1.999975
1.999976
1.999978
1.999980
1.999982
1.999984
1.999986
1.999989
1.999991
1.999994
1.999996
1.999998
2.000000
2.000002
2.000004
2.000006
2.000007
2.000008
2.000009
2.000010
2.000011
2.000011
2.000012
2.000012
2.000012
2.000012
2.000011
2.000011
2.000010
2.000010
2.000009
2.000008
2.000007
2.000006
2.000005
2.000005
2.000004
2.000003
2.000002
2.000001
2.000001
2.000000
1.999999
1.999999
1.999998
1.999998
1.999998
1.999998
1.999997
1.999997
1.999997
1.999997
1.999997
1.999997
1.999997
1.999998
1.999998
1.999998
1.999998
1.999998
1.999999
1.999999
1.999999
1.999999
2.000000
2.000000
2.000000
2.000000
2.000000
2.000001
2.000001
2.000001
2.000001
2.000001
2.000001
2.000001
2.000001
2.000001
2.000001
2.000001
2.000001
2.000001
2.000001
2.000001
2.000001
2.000001
2.000001
2.000001
2.000000
2.000000
2.000000
2.000000
2.000000
2.000000
2.000000
2.000000
2.000000
2.000000
2.000000
2.000000
2.000000
2.000000
2.000000
2.000000
2.000000
2.000000
2.000000
2.000000
2.000000
2.000000
2.000000
2.000000
2.000000
2.000000
2.000000
2.000000
2.000000
2.000000
2.000000
2.000000
2.000000
2.000000
2.000000
2.000000
2.000000
2.000000
2.000000
2.000000
2.000000
2.000000
2.000000
2.000000
2.000000
2.000000
2.000000
2.000000
2.000000
2.000000
2.000000
2.000000
2.000000
2.000000
2.000000
2.000000
2.000000
2.000000
2.000000
2.000000
2.000000
2.000000
2.000000
2.000000
2.000000
2.000000
2.000000
2.000000
2.000000
2.000000
2.000000
2.000000
2.000000
2.000000
2.000000
2.000000
2.000000
2.000000
2.000000
2.000000
2.000000
2.000000
2.000000
2.000000
2.000000
2.000000
2.000000
2.000000
2.000000
2.000000
2.000000
2.000000
2.000000
2.000000
2.000000
2.000000
2.000000
2.000000
2.000000
2.000000
2.000000
2.000000
2.000000
2.000000
2.000000
2.000000
2.000000
2.000000
2.000000
2.000000
2.000000
2.000000
2.000000
2.000000
2.000000
2.000000
2.000000
2.000000
2.000000
2.000000
2.000000
2.000000
2.000000
2.000000
2.000000
2.000000
2.000000
2.000000
2.000000
2.000000
2.000000
2.000000
2.000000
2.000000
2.000000
2.000000
2.000000
2.000000
2.000000
2.000000
2.000000
2.000000
2.000000
2.000000
2.000000
2.000000
2.000000
2.000000
2.000000
2.000000
2.000000
2.000000
2.000000
2.000000
2.000000
2.000000
2.000000
2.000000
2.000000
2.000000
2.000000
2.000000
2.000000
2.000000
2.000000
2.000000
2.000000
2.000000
2.000000
2.000000
2.000000
2.000000
2.000000
2.000000
2.000000
2.000000
2.000000
2.000000
2.000000
2.000000
2.000000
2.000000
2.000000
2.000000
2.000000
2.000000
2.000000
2.000000
2.000000
2.000000
2.000000
2.000000
2.000000
2.000000
2.000000
2.000000
2.000000
2.000000
2.000000
2.000000
2.000000
2.000000
2.000000
2.000000
2.000000
2.000000
2.000000
2.000000
2.000000
2.000000
2.000000
2.000000
2.000000
2.000000
2.000000
2.000000
2.000000
2.000000
2.000000
2.000000
2.000000
2.000000
2.000000
2.000000
2.000000
2.000000
2.000000
2.000000
2.000000
2.000000
2.000000
2.000000
2.000000
2.000000
2.000000
2.000000
2.000000
2.000000
2.000000
2.000000
2.000000
2.000000
2.000000
2.000000
2.000000
2.000000
2.000000
2.000000
2.000000
2.000000
2.000000
2.000000
2.000000
2.000000
2.000000
2.000000
2.000000
2.000000
2.000000
2.000000
2.000000
2.000000
2.000000
2.000000
2.000000
2.000000
2.000000
2.000000
2.000000
2.000000
2.000000
2.000000
2.000000
2.000000
2.000000
2.000000
2.000000
2.000000
2.000000
2.000000
2.000000
2.000000
2.000000
2.000000
2.000000
2.000000
2.000000
2.000000
2.000000
2.000000
2.000000
2.000000
2.000000
2.000000
2.000000
2.000000
2.000000
2.000000
2.000000
2.000000
2.000000
2.000000
2.000000
2.000000
2.000000
2.000000
2.000000
2.000000
2.000000
2.000000
2.000000
2.000000
2.000000
2.000000
2.000000
2.000000
2.000000
2.000000
2.000000
2.000000
2.000000
2.000000
2.000000
2.000000
2.000000
2.000000
2.000000
2.000000
2.000000
2.000000
2.000000
2.000000
