2.198517
2.099578
2.040532
2.040532
2.099578
2.198517
2.327727
2.470417
2.619576
2.761226
2.891172
2.998312
3.081300
3.131918
3.151655
3.135122
3.086547
3.003209
2.891844
2.752084
2.592758
2.415333
2.230084
2.039526
1.854398
1.677098
1.517403
1.375987
1.259869
1.166375
1.098530
1.050149
1.021189
1.004102
0.998259
0.997097
1.000903
1.004827
1.010113
1.013292
1.016097
1.015992
1.014895
1.011071
1.006713
1.001198
0.997516
0.996841
1.003682
1.021540
1.056430
1.113134
1.196918
1.310422
1.454720
1.627742
1.825746
2.042857
2.272535
2.507301
2.739899
2.962934
3.169795
3.354207
3.511010
3.635659
3.724910
3.776284
3.788685
3.761835
3.696831
3.595554
3.461176
3.297537
3.109598
2.902793
2.683412
2.457925
2.233269
2.016113
1.813016
1.629605
1.470555
1.338772
1.235345
1.159178
1.107367
1.075756
1.059593
1.054464
1.056342
1.062334
1.069993
1.078064
1.085397
1.091932
1.097414
1.102671
1.108208
1.115720
1.126549
1.143328
1.168219
1.204534
1.254661
1.321582
1.406602
1.510953
1.633669
1.773528
1.927218
2.091533
2.261664
2.433445
2.601605
2.761971
2.909640
3.041121
3.152443
3.241240
3.304811
3.342162
3.352028
3.334880
3.290909
3.222005
3.129709
3.017168
2.887053
2.743482
2.589916
2.431044
2.270645
2.113439
1.962911
1.823130
1.696555
1.585868
1.491837
1.415263
1.355026
1.310238
1.278488
1.258096
1.246400
1.241906
1.242487
1.247358
1.255207
1.266039
1.279307
1.295681
1.315216
1.339047
1.367607
1.402236
1.443439
1.492415
1.549359
1.614948
1.688720
1.770560
1.859181
1.953642
2.051923
2.152456
2.252765
2.350992
2.444551
2.531644
2.609906
2.677889
2.733708
2.776480
2.804963
2.818964
2.817965
2.802504
2.772785
2.730038
2.675114
2.609823
2.535522
2.454429
2.368205
2.279246
2.189271
2.100591
2.014712
1.933592
1.858272
1.790143
1.729625
1.677448
1.633402
1.597635
1.569469
1.548687
1.534395
1.526267
1.523431
1.525646
1.532205
1.543036
1.557631
1.576079
1.598022
1.623635
1.652620
1.685138
1.720846
1.759798
1.801522
1.845897
1.892275
1.940340
1.989270
2.038584
2.087333
2.134938
2.180406
2.223151
2.262228
2.297139
2.327077
2.351712
2.370449
2.383188
2.389586
2.389803
2.383765
2.371892
2.354362
2.331823
2.304665
2.273707
2.239484
2.202914
2.164595
2.125464
2.086097
2.047365
2.009751
1.973993
1.940426
1.909614
1.881720
1.857123
1.835821
1.818030
1.803611
1.792658
1.784938
1.780465
1.778957
1.780383
1.784441
1.791080
1.799993
1.811117
1.824142
1.838991
1.855348
1.873115
1.891961
1.911763
1.932174
1.953045
1.974014
1.994915
2.015381
2.035241
2.054139
2.071919
2.088256
2.103026
2.115953
2.126967
2.135856
2.142616
2.147112
2.149414
2.149466
2.147411
2.143269
2.137251
2.129442
2.120106
2.109375
2.097548
2.084786
2.071402
2.057564
2.043579
2.029603
2.015917
2.002651
1.990047
1.978197
1.967298
1.957396
1.948641
1.941036
1.934683
1.929546
1.925685
1.923031
1.921609
1.921323
1.922170
1.924035
1.926892
1.930611
1.935152
1.940374
1.946226
1.952563
1.959324
1.966365
1.973623
1.980953
1.988296
1.995514
2.002553
2.009286
2.015669
2.021591
2.027021
2.031868
2.036118
2.039699
2.042619
2.044830
2.046357
2.047176
2.047333
2.046822
2.045708
2.044005
2.041790
2.039091
2.035996
2.032541
2.028820
2.024874
2.020796
2.016628
2.012459
2.008325
2.004307
2.000436
1.996780
1.993361
1.990234
1.987410
1.984932
1.982798
1.981038
1.979639
1.978620
1.977957
1.977658
1.977692
1.978056
1.978713
1.979655
1.980837
1.982247
1.983839
1.985595
1.987470
1.989444
1.991472
1.993535
1.995592
1.997625
1.999595
2.001489
2.003274
2.004939
2.006457
2.007824
2.009017
2.010039
2.010873
2.011525
2.011987
2.012271
2.012371
2.012306
2.012074
2.011697
2.011179
2.010542
2.009794
2.008959
2.008047
2.007080
2.006069
2.005037
2.003994
2.002961
2.001946
2.000969
2.000035
1.999162
1.998351
1.997618
1.996962
1.996394
1.995911
1.995521
1.995218
1.995008
1.994882
1.994843
1.994881
1.994996
1.995177
1.995422
1.995721
1.996069
1.996454
1.996873
1.997315
1.997775
1.998242
1.998712
1.999175
1.999628
2.000062
2.000474
2.000858
2.001212
2.001530
2.001811
2.002053
2.002255
2.002414
2.002534
2.002613
2.002653
2.002654
2.002622
2.002555
2.002459
2.002335
2.002188
2.002021
2.001837
2.001640
2.001434
2.001222
2.001007
2.000792
2.000582
2.000377
2.000182
1.999997
1.999825
1.999668
1.999527
1.999403
1.999297
1.999208
1.999138
1.999085
1.999051
1.999033
1.999031
1.999044
1.999072
1.999111
1.999163
1.999223
1.999292
1.999368
1.999448
1.999533
1.999619
1.999706
1.999793
1.999877
1.999959
2.000037
2.000110
2.000177
2.000238
2.000292
2.000340
2.000379
2.000412
2.000437
2.000454
2.000465
2.000468
2.000465
2.000457
2.000442
2.000423
2.000399
2.000372
2.000341
2.000309
2.000274
2.000238
2.000202
2.000165
2.000129
2.000094
2.000060
2.000028
1.999998
1.999971
1.999946
1.999924
1.999904
1.999888
1.999875
1.999865
1.999857
1.999853
1.999851
1.999852
1.999855
1.999860
1.999867
1.999875
1.999885
1.999896
1.999908
1.999921
1.999934
1.999947
1.999960
1.999973
1.999986
1.999998
2.000009
2.000020
2.000029
2.000038
2.000045
2.000052
2.000057
2.000061
2.000064
2.000066
2.000067
2.000067
2.000067
2.000065
2.000062
2.000059
2.000056
2.000052
2.000047
2.000042
2.000037
2.000032
2.000027
2.000022
2.000017
2.000012
2.000008
2.000004
2.000000
1.999996
1.999993
1.999990
1.999988
1.999986
1.999984
1.999983
1.999982
1.999981
1.999981
1.999981
1.999982
1.999983
1.999984
1.999985
1.999986
1.999988
1.999989
1.999991
1.999992
1.999994
1.999996
1.999997
1.999999
2.000000
2.000002
2.000003
2.000004
2.000005
2.000006
2.000006
2.000007
2.000007
2.000008
2.000008
2.000008
2.000008
2.000008
2.000008
2.000007
2.000007
2.000006
2.000006
2.000005
2.000005
2.000004
2.000004
2.000003
2.000002
2.000002
2.000001
2.000001
2.000000
2.000000
2.000000
1.999999
1.999999
1.999999
1.999998
1.999998
1.999998
1.999998
1.999998
1.999998
1.999998
1.999998
1.999998
1.999998
1.999998
1.999999
1.999999
1.999999
1.999999
1.999999
1.999999
2.000000
2.000000
2.000000
2.000000
2.000000
2.000000
2.000000
2.000001
2.000001
2.000001
2.000001
2.000001
2.000001
2.000001
2.000001
2.000001
2.000001
2.000001
2.000001
2.000001
2.000001
2.000001
2.000000
2.000000
2.000000
2.000000
2.000000
2.000000
2.000000
2.000000
2.000000
2.000000
2.000000
2.000000
2.000000
2.000000
2.000000
2.000000
2.000000
2.000000
2.000000
2.000000
2.000000
2.000000
2.000000
2.000000
2.000000
2.000000
2.000000
2.000000
2.000000
2.000000
2.000000
2.000000
2.000000
2.000000
2.000000
2.000000
2.000000
2.000000
2.000000
2.000000
2.000000
2.000000
2.000000
2.000000
2.000000
2.000000
2.000000
2.000000
2.000000
2.000000
2.000000
2.000000
2.000000
2.000000
2.000000
2.000000
2.000000
2.000000
2.000000
2.000000
2.000000
2.000000
2.000000
2.000000
2.000000
2.000000
2.000000
2.000000
2.000000
2.000000
2.000000
2.000000
2.000000
2.000000
2.000000
2.000000
2.000000
2.000000
2.000000
2.000000
2.000000
2.000000
2.000000
2.000000
2.000000
2.000000
2.000000
2.000000
2.000000
2.000000
2.000000
2.000000
2.000000
2.000000
2.000000
2.000000
2.000000
2.000000
2.000000
2.000000
2.000000
2.000000
2.000000
2.000000
2.000000
2.000000
2.000000
2.000000
2.000000
2.000000
2.000000
2.000000
2.000000
2.000000
2.000000
2.000000
2.000000
2.000000
2.000000
2.000000
2.000000
2.000000
2.000000
2.000000
2.000000
2.000000
2.000000
2.000000
2.000000
2.000000
2.000000
2.000000
2.000000
2.000000
2.000000
2.000000
2.000000
2.000000
2.000000
2.000000
2.000000
2.000000
2.000000
2.000000
2.000000
2.000000
2.000000
2.000000
2.000000
2.000000
2.000000
2.000000
2.000000
2.000000
2.000000
2.000000
2.000000
2.000000
2.000000
2.000000
2.000000
2.000000
2.000000
2.000000
2.000000
2.000000
2.000000
2.000000
2.000000
2.000000
2.000000
2.000000
2.000000
2.000000
2.000000
2.000000
2.000000
2.000000
2.000000
2.000000
2.000000
2.000000
2.000000
2.000000
2.000000
2.000000
2.000000
2.000000
2.000000
2.000000
2.000000
2.000000
2.000000
2.000000
2.000000
2.000000
2.000000
2.000000
2.000000
2.000000
2.000000
2.000000
2.000000
2.000000
2.000000
2.000000
2.000000
2.000000
2.000000
2.000000
2.000000
2.000000
2.000000
2.000000
2.000000
2.000000
2.000000
2.000000
2.000000
2.000000
2.000000
2.000000
2.000000
2.000000
2.000000
2.000000
2.000000
2.000000
2.000000
2.000000
2.000000
2.000000
2.000000
2.000000
2.000000
2.000000
2.000000
2.000000
2.000000
2.000000
2.000000
2.000000
2.000000
2.000000
2.000000
2.000000
2.000000
2.000000
2.000000
2.000000
2.000000
2.000000
2.000000
2.000000
2.000000
2.000000
2.000000
2.000000
2.000000
2.000000
2.000000
2.000000
2.000000
2.000000
2.000000
2.000000
2.000000
2.000000
2.000000
2.000000
2.000000
2.000000
2.000000
2.000000
2.000000
2.000000
2.000000
2.000000
2.000000
2.000000
2.000000
2.000000
2.000000
2.000000
2.000000
2.000000
2.000000
2.000000
2.000000
2.000000
2.000000
2.000000
2.000000
2.000000
2.000000
2.000000
2.000000
2.000000
2.000000
2.000000
2.000000
2.000000
2.000000
2.000000
2.000000
2.000000
2.000000
2.000000
2.000000
2.000000
2.000000
2.000000
2.000000
2.000000
2.000000
2.000000
2.000000
2.000000
2.000000
2.000000
2.000000
2.000000
2.000000
2.000000
2.000000
2.000000
2.000000
2.000000
2.000000
2.000000
2.000000
2.000000
2.000000
2.000000
2.000000
2.000000
