2.189486
2.104688
2.054217
2.054217
2.104688
2.189486
2.298802
2.418416
2.540764
2.654049
2.753270
2.829273
2.879773
2.898374
2.885573
2.837749
2.758135
2.645769
2.506431
2.341541
2.159055
1.962295
1.760781
1.558960
1.366930
1.188982
1.034133
0.904390
0.805137
0.733452
0.689245
0.664755
0.657059
0.657897
0.665669
0.674301
0.684365
0.691676
0.698066
0.700281
0.700554
0.695993
0.688899
0.676757
0.662253
0.644028
0.626345
0.610812
0.605423
0.616929
0.657604
0.736136
0.860801
1.031794
1.247316
1.499700
1.782038
2.083934
2.397279
2.711504
3.018980
3.310099
3.578542
3.816294
4.018845
4.180165
4.297865
4.368135
4.390865
4.364551
4.291381
4.172105
4.011093
3.811171
3.578642
3.318105
3.037437
2.742586
2.442519
2.143981
1.856385
1.586498
1.343193
1.131950
0.959256
0.826742
0.735222
0.679314
0.652927
0.646427
0.652974
0.665268
0.679763
0.692615
0.702894
0.708954
0.711363
0.709948
0.706535
0.702616
0.701816
0.708006
0.727108
0.765079
0.828387
0.921570
1.047263
1.204954
1.392119
1.604079
1.835345
2.079438
2.329952
2.580166
2.823922
3.055119
3.268489
3.459047
3.622802
3.756176
3.856680
3.922298
3.952140
3.945797
3.903967
3.827788
3.719441
3.581460
3.417314
3.230701
3.026105
2.808080
2.581784
2.352244
2.124864
1.904668
1.696759
1.505518
1.334985
1.187995
1.066482
0.970655
0.899438
0.850082
0.819060
0.802235
0.795826
0.796526
0.801978
0.810668
0.822025
0.836296
0.854458
0.878162
0.909465
0.950772
1.004366
1.072337
1.156026
1.256119
1.372231
1.503261
1.647158
1.801427
1.962941
2.128476
2.294484
2.457600
2.614370
2.761721
2.896652
3.016676
3.119480
3.203345
3.266782
3.308935
3.329200
3.327606
3.304418
3.260510
3.196949
3.115358
3.017486
2.905561
2.781851
2.649008
2.509621
2.366551
2.222474
2.080212
1.942269
1.811153
1.688906
1.577432
1.478034
1.391766
1.319005
1.259872
1.213870
1.180396
1.158429
1.147091
1.145324
1.152424
1.167636
1.190624
1.220989
1.258691
1.303511
1.355468
1.414272
1.479756
1.551354
1.628568
1.710473
1.796219
1.884562
1.974383
2.064235
2.152869
2.238785
2.320755
2.397370
2.467556
2.530118
2.584243
2.629037
2.664021
2.688657
2.702838
2.706402
2.699618
2.682692
2.656242
2.620803
2.577297
2.526526
2.469641
2.407633
2.341796
2.273215
2.203228
2.132916
2.063560
1.996134
1.931767
1.871238
1.815446
1.764911
1.720256
1.681718
1.649639
1.623993
1.604878
1.592060
1.585461
1.584704
1.589604
1.599704
1.614756
1.634259
1.657929
1.685234
1.715855
1.749228
1.785000
1.822574
1.861564
1.901347
1.941517
1.981440
2.020711
2.058716
2.095079
2.129230
2.160857
2.189466
2.214833
2.236566
2.254553
2.268523
2.278485
2.284297
2.286098
2.283874
2.277883
2.268228
2.255276
2.239227
2.220530
2.199458
2.176518
2.152022
2.126502
2.100281
2.073884
2.047612
2.021955
1.997166
1.973675
1.951668
1.931498
1.913271
1.897255
1.883473
1.872107
1.863099
1.856555
1.852345
1.850507
1.850854
1.853368
1.857815
1.864139
1.872073
1.881530
1.892222
1.904045
1.916701
1.930077
1.943872
1.957977
1.972099
1.986137
1.999815
2.013052
2.025595
2.037389
2.048213
2.058041
2.066691
2.074174
2.080345
2.085254
2.088798
2.091065
2.091991
2.091700
2.090163
2.087536
2.083819
2.079195
2.073686
2.067490
2.060646
2.053360
2.045678
2.037805
2.029785
2.021817
2.013935
2.006323
1.999001
1.992133
1.985720
1.979904
1.974663
1.970115
1.966216
1.963060
1.960581
1.958849
1.957780
1.957424
1.957680
1.958581
1.960012
1.961994
1.964404
1.967253
1.970411
1.973886
1.977546
1.981397
1.985311
1.989293
1.993220
1.997105
2.000831
2.004417
2.007757
2.010878
2.013685
2.016216
2.018388
2.020248
2.021725
2.022877
2.023644
2.024094
2.024177
2.023968
2.023428
2.022637
2.021563
2.020290
2.018792
2.017156
2.015358
2.013485
2.011513
2.009529
2.007509
2.005535
2.003580
2.001721
1.999930
1.998277
1.996729
1.995350
1.994101
1.993041
1.992127
1.991410
1.990842
1.990469
1.990239
1.990193
1.990275
1.990522
1.990876
1.991370
1.991945
1.992632
1.993371
1.994191
1.995034
1.995928
1.996816
1.997727
1.998605
1.999480
2.000300
2.001096
2.001818
2.002500
2.003095
2.003637
2.004085
2.004474
2.004766
2.004998
2.005134
2.005213
2.005202
2.005142
2.005001
2.004821
2.004571
2.004294
2.003961
2.003614
2.003224
2.002833
2.002414
2.002007
2.001584
2.001185
2.000781
2.000410
2.000045
1.999720
1.999407
1.999141
1.998891
1.998691
1.998510
1.998378
1.998267
1.998204
1.998159
1.998159
1.998175
1.998231
1.998298
1.998400
1.998508
1.998645
1.998782
1.998943
1.999097
1.999269
1.999430
1.999603
1.999760
1.999924
2.000069
2.000216
2.000341
2.000466
2.000566
2.000665
2.000738
2.000807
2.000852
2.000893
2.000910
2.000924
2.000915
2.000905
2.000874
2.000844
2.000794
2.000748
2.000685
2.000627
2.000556
2.000491
2.000416
2.000350
2.000275
2.000210
2.000140
2.000081
2.000018
1.999967
1.999913
1.999873
1.999830
1.999801
1.999769
1.999751
1.999731
1.999724
1.999715
1.999718
1.999719
1.999731
1.999739
1.999758
1.999773
1.999797
1.999816
1.999843
1.999865
1.999893
1.999915
1.999944
1.999965
1.999992
2.000011
2.000035
2.000051
2.000071
2.000084
2.000100
2.000108
2.000120
2.000124
2.000131
2.000131
2.000135
2.000131
2.000131
2.000124
2.000122
2.000112
2.000107
2.000096
2.000090
2.000078
2.000070
2.000058
2.000050
2.000038
2.000031
2.000020
2.000013
2.000003
1.999998
1.999989
1.999985
1.999978
1.999976
1.999970
1.999969
1.999965
1.999966
1.999963
1.999965
1.999964
1.999967
1.999967
1.999971
1.999971
1.999976
1.999977
1.999981
1.999983
1.999988
1.999989
1.999994
1.999995
2.000000
2.000001
2.000005
2.000006
2.000009
2.000010
2.000013
2.000013
2.000015
2.000014
2.000016
2.000015
2.000016
2.000015
2.000016
2.000014
2.000015
2.000013
2.000013
2.000011
2.000011
2.000009
2.000009
2.000006
2.000006
2.000004
2.000004
2.000002
2.000002
2.000000
2.000000
1.999999
1.999999
1.999997
1.999998
1.999997
1.999997
1.999996
1.999997
1.999996
1.999997
1.999996
1.999997
1.999996
1.999997
1.999997
1.999998
1.999997
1.999998
1.999998
1.999999
1.999999
2.000000
1.999999
2.000000
2.000000
2.000001
2.000000
2.000001
2.000001
2.000001
2.000001
2.000002
2.000001
2.000002
2.000001
2.000002
2.000001
2.000002
2.000001
2.000002
2.000001
2.000001
2.000001
2.000001
2.000001
2.000001
2.000000
2.000001
2.000000
2.000001
2.000000
2.000000
2.000000
2.000000
2.000000
2.000000
2.000000
2.000000
2.000000
2.000000
2.000000
2.000000
2.000000
2.000000
2.000000
2.000000
2.000000
2.000000
2.000000
2.000000
2.000000
2.000000
2.000000
2.000000
2.000000
2.000000
2.000000
2.000000
2.000000
2.000000
2.000000
2.000000
2.000000
2.000000
2.000000
2.000000
2.000000
2.000000
2.000000
2.000000
2.000000
2.000000
2.000000
2.000000
2.000000
2.000000
2.000000
2.000000
2.000000
2.000000
2.000000
2.000000
2.000000
2.000000
2.000000
2.000000
2.000000
2.000000
2.000000
2.000000
2.000000
2.000000
2.000000
2.000000
2.000000
2.000000
2.000000
2.000000
2.000000
2.000000
2.000000
2.000000
2.000000
2.000000
2.000000
2.000000
2.000000
2.000000
2.000000
2.000000
2.000000
2.000000
2.000000
2.000000
2.000000
2.000000
2.000000
2.000000
2.000000
2.000000
2.000000
2.000000
2.000000
2.000000
2.000000
2.000000
2.000000
2.000000
2.000000
2.000000
2.000000
2.000000
2.000000
2.000000
2.000000
2.000000
2.000000
2.000000
2.000000
2.000000
2.000000
2.000000
2.000000
2.000000
2.000000
2.000000
2.000000
2.000000
2.000000
2.000000
2.000000
2.000000
2.000000
2.000000
2.000000
2.000000
2.000000
2.000000
2.000000
2.000000
2.000000
2.000000
2.000000
2.000000
2.000000
2.000000
2.000000
2.000000
2.000000
2.000000
2.000000
2.000000
2.000000
2.000000
2.000000
2.000000
2.000000
2.000000
2.000000
2.000000
2.000000
2.000000
2.000000
2.000000
2.000000
2.000000
2.000000
2.000000
2.000000
2.000000
2.000000
2.000000
2.000000
2.000000
2.000000
2.000000
2.000000
2.000000
2.000000
2.000000
2.000000
2.000000
2.000000
2.000000
2.000000
2.000000
2.000000
2.000000
2.000000
2.000000
2.000000
2.000000
2.000000
2.000000
2.000000
2.000000
2.000000
2.000000
2.000000
2.000000
2.000000
2.000000
2.000000
2.000000
2.000000
2.000000
2.000000
2.000000
2.000000
2.000000
2.000000
2.000000
2.000000
2.000000
2.000000
2.000000
2.000000
2.000000
2.000000
2.000000
2.000000
2.000000
2.000000
2.000000
2.000000
2.000000
2.000000
2.000000
2.000000
2.000000
2.000000
2.000000
2.000000
2.000000
2.000000
2.000000
2.000000
2.000000
2.000000
2.000000
2.000000
2.000000
2.000000
2.000000
2.000000
2.000000
2.000000
2.000000
2.000000
2.000000
2.000000
2.000000
2.000000
2.000000
2.000000
2.000000
2.000000
2.000000
2.000000
2.000000
2.000000
2.000000
2.000000
2.000000
2.000000
2.000000
2.000000
2.000000
2.000000
2.000000
2.000000
2.000000
2.000000
2.000000
2.000000
2.000000
2.000000
2.000000
2.000000
2.000000
2.000000
2.000000
2.000000
2.000000
2.000000
2.000000
2.000000
2.000000
2.000000
2.000000
2.000000
2.000000
2.000000
2.000000
2.000000
2.000000
2.000000
2.000000
2.000000
2.000000
2.000000
2.000000
2.000000
2.000000
2.000000
2.000000
2.000000
2.000000
2.000000
2.000000
2.000000
2.000000
2.000000
2.000000
2.000000
2.000000
2.000000
2.000000
2.000000
2.000000
2.000000
2.000000
2.000000
2.000000
2.000000
2.000000
2.000000
2.000000
2.000000
2.000000
2.000000
2.000000
2.000000
2.000000
2.000000
2.000000
