2.200033
2.110393
2.056884
2.056884
2.110393
2.200033
2.316101
2.443303
2.574349
2.696518
2.805199
2.890407
2.950316
2.977750
2.973703
2.933797
2.861780
2.755946
2.622591
2.462392
2.283815
2.089432
1.889264
1.687005
1.493261
1.311617
1.151694
1.015014
0.907904
0.827454
0.774934
0.742798
0.729144
0.725394
0.730295
0.737098
0.746460
0.753568
0.760354
0.763129
0.764298
0.760720
0.754925
0.744295
0.731742
0.715850
0.700940
0.688324
0.685463
0.698045
0.736972
0.809789
0.924564
1.082323
1.282401
1.518272
1.783790
2.069214
2.366758
2.666201
2.960025
3.238833
3.496322
3.724626
3.919205
4.074150
4.187018
4.254101
4.275222
4.248969
4.177450
4.061499
3.905394
3.712032
3.487612
3.236782
2.967287
2.685089
2.398971
2.115614
1.844127
1.591045
1.364687
1.169960
1.012376
0.892640
0.810565
0.760527
0.736739
0.730638
0.736261
0.747229
0.760378
0.772306
0.782121
0.788410
0.791661
0.791851
0.790630
0.789491
0.791634
0.800547
0.821271
0.858957
0.919104
1.005871
1.121836
1.267091
1.439725
1.635904
1.850677
2.078201
2.312372
2.546899
2.775751
2.993128
3.193797
3.372997
3.526718
3.651566
3.744998
3.805159
3.831084
3.822507
3.780036
3.704938
3.599290
3.465739
3.307633
3.128763
2.933467
2.726360
2.512410
2.296647
2.084209
1.880017
1.688771
1.514578
1.360870
1.230007
1.123163
1.040068
0.979117
0.937558
0.911960
0.898750
0.894596
0.896833
0.903436
0.913288
0.925872
0.941534
0.961034
0.985852
1.017612
1.058385
1.109972
1.174202
1.252146
1.344515
1.450975
1.570724
1.701955
1.842578
1.989744
2.140612
2.291860
2.440443
2.583068
2.716918
2.839095
2.947317
3.039333
3.113589
3.168628
3.203732
3.218301
3.212480
3.186519
3.141389
3.078121
2.998412
2.903953
2.797024
2.679803
2.554962
2.424958
2.292622
2.160445
2.031150
1.906980
1.790259
1.682685
1.585903
1.500810
1.428179
1.368008
1.320219
1.284073
1.258929
1.243704
1.237630
1.239692
1.249344
1.265877
1.289077
1.318546
1.354312
1.396126
1.444057
1.497796
1.557250
1.621876
1.691294
1.764646
1.841241
1.919931
1.999775
2.079436
2.157843
2.233600
2.305645
2.372659
2.433717
2.487695
2.533907
2.571511
2.600137
2.619276
2.628909
2.628886
2.619542
2.601075
2.574149
2.539270
2.497382
2.449232
2.395971
2.338507
2.278104
2.215739
2.152687
2.089891
2.028540
1.969443
1.913615
1.861654
1.814333
1.771996
1.735147
1.703869
1.678415
1.658643
1.644608
1.636004
1.632754
1.634453
1.640952
1.651797
1.666800
1.685485
1.707640
1.732769
1.760634
1.790715
1.822743
1.856171
1.890699
1.925754
1.961017
1.995908
2.030104
2.063039
2.094418
2.123716
2.150690
2.174886
2.196142
2.214096
2.228686
2.239660
2.247071
2.250784
2.250967
2.247600
2.240961
2.231136
2.218497
2.203214
2.185731
2.166281
2.145350
2.123201
2.100337
2.077022
2.053744
2.030742
2.008460
1.987090
1.967017
1.948366
1.931448
1.916316
1.903205
1.892091
1.883136
1.876249
1.871523
1.868810
1.868148
1.869341
1.872382
1.877043
1.883282
1.890846
1.899673
1.909493
1.920229
1.931605
1.943540
1.955757
1.968177
1.980533
1.992753
2.004587
2.015980
2.026704
2.036725
2.045846
2.054061
2.061205
2.067303
2.072226
2.076035
2.078635
2.080121
2.080434
2.079698
2.077887
2.075150
2.071487
2.067070
2.061915
2.056207
2.049976
2.043413
2.036549
2.029575
2.022520
2.015563
2.008726
2.002174
1.995913
1.990091
1.984696
1.979854
1.975536
1.971844
1.968729
1.966274
1.964412
1.963203
1.962565
1.962543
1.963040
1.964085
1.965574
1.967523
1.969822
1.972481
1.975383
1.978537
1.981825
1.985255
1.988713
1.992206
1.995628
1.998989
2.002191
2.005251
2.008079
2.010700
2.013034
2.015115
2.016874
2.018353
2.019495
2.020350
2.020869
2.021114
2.021043
2.020722
2.020121
2.019309
2.018261
2.017052
2.015659
2.014158
2.012530
2.010850
2.009100
2.007351
2.005585
2.003871
2.002187
2.000598
1.999079
1.997688
1.996398
1.995261
1.994245
1.993396
1.992678
1.992132
1.991718
1.991472
1.991351
1.991385
1.991529
1.991810
1.992182
1.992668
1.993220
1.993860
1.994542
1.995285
1.996043
1.996837
1.997621
1.998416
1.999178
1.999930
2.000631
2.001303
2.001909
2.002474
2.002963
2.003401
2.003757
2.004058
2.004276
2.004440
2.004522
2.004555
2.004512
2.004426
2.004274
2.004087
2.003846
2.003581
2.003273
2.002953
2.002603
2.002252
2.001883
2.001524
2.001158
2.000812
2.000468
2.000152
1.999846
1.999574
1.999318
1.999100
1.998901
1.998742
1.998604
1.998506
1.998429
1.998390
1.998370
1.998385
1.998415
1.998477
1.998550
1.998650
1.998755
1.998882
1.999010
1.999154
1.999294
1.999445
1.999588
1.999737
1.999874
2.000012
2.000136
2.000258
2.000363
2.000464
2.000546
2.000623
2.000681
2.000733
2.000765
2.000792
2.000801
2.000805
2.000792
2.000775
2.000743
2.000710
2.000664
2.000618
2.000561
2.000507
2.000444
2.000385
2.000320
2.000261
2.000197
2.000141
2.000082
2.000032
1.999980
1.999938
1.999895
1.999862
1.999828
1.999805
1.999782
1.999769
1.999756
1.999752
1.999748
1.999753
1.999757
1.999769
1.999780
1.999797
1.999813
1.999834
1.999853
1.999876
1.999897
1.999921
1.999941
1.999965
1.999984
2.000006
2.000023
2.000042
2.000056
2.000071
2.000082
2.000094
2.000100
2.000108
2.000112
2.000116
2.000116
2.000117
2.000113
2.000111
2.000106
2.000101
2.000094
2.000088
2.000079
2.000071
2.000062
2.000054
2.000044
2.000037
2.000027
2.000020
2.000012
2.000006
1.999998
1.999993
1.999987
1.999983
1.999978
1.999976
1.999972
1.999971
1.999969
1.999969
1.999968
1.999969
1.999969
1.999972
1.999972
1.999975
1.999977
1.999980
1.999982
1.999985
1.999987
1.999991
1.999993
1.999996
1.999998
2.000001
2.000003
2.000006
2.000007
2.000009
2.000010
2.000012
2.000012
2.000013
2.000013
2.000014
2.000014
2.000014
2.000013
2.000013
2.000012
2.000012
2.000011
2.000010
2.000009
2.000008
2.000007
2.000006
2.000005
2.000004
2.000003
2.000002
2.000001
2.000001
2.000000
1.999999
1.999998
1.999998
1.999998
1.999998
1.999997
1.999997
1.999997
1.999997
1.999997
1.999997
1.999997
1.999997
1.999997
1.999998
1.999998
1.999998
1.999998
1.999999
1.999999
1.999999
1.999999
2.000000
2.000000
2.000000
2.000000
2.000001
2.000001
2.000001
2.000001
2.000001
2.000001
2.000001
2.000001
2.000001
2.000001
2.000001
2.000001
2.000001
2.000001
2.000001
2.000001
2.000001
2.000001
2.000001
2.000001
2.000001
2.000000
2.000000
2.000000
2.000000
2.000000
2.000000
2.000000
2.000000
2.000000
2.000000
2.000000
2.000000
2.000000
2.000000
2.000000
2.000000
2.000000
2.000000
2.000000
2.000000
2.000000
2.000000
2.000000
2.000000
2.000000
2.000000
2.000000
2.000000
2.000000
2.000000
2.000000
2.000000
2.000000
2.000000
2.000000
2.000000
2.000000
2.000000
2.000000
2.000000
2.000000
2.000000
2.000000
2.000000
2.000000
2.000000
2.000000
2.000000
2.000000
2.000000
2.000000
2.000000
2.000000
2.000000
2.000000
2.000000
2.000000
2.000000
2.000000
2.000000
2.000000
2.000000
2.000000
2.000000
2.000000
2.000000
2.000000
2.000000
2.000000
2.000000
2.000000
2.000000
2.000000
2.000000
2.000000
2.000000
2.000000
2.000000
2.000000
2.000000
2.000000
2.000000
2.000000
2.000000
2.000000
2.000000
2.000000
2.000000
2.000000
2.000000
2.000000
2.000000
2.000000
2.000000
2.000000
2.000000
2.000000
2.000000
2.000000
2.000000
2.000000
2.000000
2.000000
2.000000
2.000000
2.000000
2.000000
2.000000
2.000000
2.000000
2.000000
2.000000
2.000000
2.000000
2.000000
2.000000
2.000000
2.000000
2.000000
2.000000
2.000000
2.000000
2.000000
2.000000
2.000000
2.000000
2.000000
2.000000
2.000000
2.000000
2.000000
2.000000
2.000000
2.000000
2.000000
2.000000
2.000000
2.000000
2.000000
2.000000
2.000000
2.000000
2.000000
2.000000
2.000000
2.000000
2.000000
2.000000
2.000000
2.000000
2.000000
2.000000
2.000000
2.000000
2.000000
2.000000
2.000000
2.000000
2.000000
2.000000
2.000000
2.000000
2.000000
2.000000
2.000000
2.000000
2.000000
2.000000
2.000000
2.000000
2.000000
2.000000
2.000000
2.000000
2.000000
2.000000
2.000000
2.000000
2.000000
2.000000
2.000000
2.000000
2.000000
2.000000
2.000000
2.000000
2.000000
2.000000
2.000000
2.000000
2.000000
2.000000
2.000000
2.000000
2.000000
2.000000
2.000000
2.000000
2.000000
2.000000
2.000000
2.000000
2.000000
2.000000
2.000000
2.000000
2.000000
2.000000
2.000000
2.000000
2.000000
2.000000
2.000000
2.000000
2.000000
2.000000
2.000000
2.000000
2.000000
2.000000
2.000000
2.000000
2.000000
2.000000
2.000000
2.000000
2.000000
2.000000
2.000000
2.000000
2.000000
2.000000
2.000000
2.000000
2.000000
2.000000
2.000000
2.000000
2.000000
2.000000
2.000000
2.000000
2.000000
2.000000
2.000000
2.000000
2.000000
2.000000
2.000000
2.000000
2.000000
2.000000
2.000000
2.000000
2.000000
2.000000
2.000000
2.000000
2.000000
2.000000
2.000000
2.000000
2.000000
2.000000
2.000000
2.000000
2.000000
2.000000
2.000000
2.000000
2.000000
2.000000
2.000000
2.000000
2.000000
2.000000
2.000000
2.000000
2.000000
2.000000
2.000000
2.000000
2.000000
2.000000
2.000000
2.000000
2.000000
2.000000
2.000000
2.000000
2.000000
2.000000
2.000000
2.000000
2.000000
2.000000
2.000000
2.000000
2.000000
2.000000
2.000000
2.000000
2.000000
2.000000
2.000000
2.000000
2.000000
2.000000
2.000000
2.000000
2.000000
2.000000
2.000000
2.000000
2.000000
2.000000
2.000000
2.000000
2.000000
2.000000
2.000000
2.000000
2.000000
2.000000
2.000000
2.000000
2.000000
2.000000
2.000000
2.000000
