2.174331
2.077562
2.020341
2.020341
2.077562
2.174331
2.300795
2.441451
2.588784
2.729927
2.859989
2.968872
3.054411
3.109323
3.134198
3.124535
3.083601
3.009517
2.907991
2.779448
2.631608
2.466661
2.293664
2.115760
1.942339
1.776331
1.626056
1.492733
1.382013
1.292085
1.225025
1.176059
1.144604
1.124773
1.115369
1.111320
1.112097
1.114113
1.117629
1.120317
1.122888
1.123902
1.124264
1.123278
1.122099
1.120970
1.121670
1.125838
1.136374
1.156623
1.190576
1.242556
1.316165
1.414405
1.537993
1.686419
1.856456
2.044142
2.243426
2.448490
2.652233
2.848590
3.030808
3.193694
3.331744
3.441337
3.518753
3.562327
3.570396
3.543414
3.481831
3.388185
3.264917
3.116430
2.946844
2.762021
2.567244
2.369196
2.173542
1.986846
1.814028
1.660235
1.528209
1.420285
1.335902
1.274098
1.231411
1.204934
1.190269
1.184643
1.184430
1.188062
1.193155
1.199357
1.205298
1.211507
1.217341
1.223982
1.231398
1.241388
1.254560
1.273345
1.298948
1.334230
1.380573
1.440585
1.514933
1.604980
1.709762
1.828755
1.959111
2.098580
2.242927
2.388907
2.531727
2.667983
2.793093
2.904178
2.997444
3.071002
3.122215
3.150460
3.154439
3.134898
3.091913
3.027556
2.943161
2.841955
2.726287
2.600226
2.466764
2.330364
2.194148
2.062402
1.937747
1.823626
1.721518
1.633456
1.559367
1.499696
1.452948
1.418406
1.393816
1.378072
1.368940
1.365573
1.366234
1.370623
1.377625
1.387499
1.399694
1.414914
1.433037
1.455066
1.481142
1.512378
1.548961
1.591873
1.641079
1.697164
1.759616
1.828417
1.902433
1.980993
2.062378
2.145390
2.227918
2.308490
2.384886
2.455656
2.518753
2.573019
2.616816
2.649478
2.669940
2.678149
2.673689
2.657158
2.628786
2.589777
2.540925
2.483924
2.419984
2.351110
2.278719
2.204898
2.131036
2.059053
1.990066
1.925613
1.866355
1.813302
1.766587
1.726685
1.693258
1.666367
1.645373
1.630114
1.619848
1.614375
1.613012
1.615637
1.621704
1.631215
1.643768
1.659468
1.678014
1.699556
1.723828
1.750953
1.780626
1.812874
1.847290
1.883762
1.921748
1.960981
2.000783
2.040756
2.080126
2.118416
2.154819
2.188856
2.219764
2.247136
2.270334
2.289093
2.302956
2.311856
2.315551
2.314197
2.307779
2.296668
2.281061
2.261515
2.238394
2.212386
2.183963
2.153876
2.122632
2.090974
2.059373
2.028498
1.998728
1.970608
1.944388
1.920467
1.898955
1.880107
1.863906
1.850489
1.839741
1.831709
1.826219
1.823262
1.822632
1.824291
1.828019
1.833764
1.841302
1.850570
1.861340
1.873534
1.886917
1.901391
1.916709
1.932750
1.949253
1.966074
1.982941
1.999698
2.016066
2.031889
2.046898
2.060949
2.073800
2.085337
2.095360
2.103797
2.110504
2.115467
2.118603
2.119959
2.119518
2.117386
2.113610
2.108347
2.101695
2.093853
2.084955
2.075225
2.064816
2.053960
2.042813
2.031599
2.020458
2.009593
1.999120
1.989209
1.979944
1.971457
1.963798
1.957061
1.951260
1.946453
1.942625
1.939803
1.937945
1.937051
1.937060
1.937951
1.939648
1.942112
1.945257
1.949032
1.953342
1.958129
1.963293
1.968770
1.974459
1.980296
1.986179
1.992046
1.997802
2.003390
2.008723
2.013752
2.018404
2.022642
2.026407
2.029676
2.032409
2.034599
2.036224
2.037293
2.037802
2.037777
2.037230
2.036201
2.034715
2.032826
2.030568
2.028000
2.025167
2.022129
2.018934
2.015644
2.012302
2.008969
2.005684
2.002500
1.999450
1.996579
1.993910
1.991478
1.989298
1.987396
1.985775
1.984451
1.983421
1.982688
1.982243
1.982082
1.982186
1.982547
1.983140
1.983950
1.984951
1.986123
1.987437
1.988872
1.990397
1.991992
1.993626
1.995279
1.996922
1.998538
2.000100
2.001593
2.002996
2.004296
2.005478
2.006533
2.007449
2.008223
2.008848
2.009325
2.009652
2.009835
2.009875
2.009781
2.009560
2.009223
2.008778
2.008240
2.007619
2.006931
2.006186
2.005400
2.004585
2.003755
2.002923
2.002100
2.001297
2.000525
1.999793
1.999109
1.998480
1.997913
1.997411
1.996978
1.996615
1.996326
1.996108
1.995961
1.995883
1.995872
1.995923
1.996033
1.996195
1.996405
1.996658
1.996946
1.997264
1.997606
1.997965
1.998335
1.998710
1.999085
1.999453
1.999811
2.000153
2.000476
2.000776
2.001050
2.001295
2.001510
2.001693
2.001843
2.001960
2.002045
2.002097
2.002119
2.002111
2.002075
2.002014
2.001930
2.001824
2.001701
2.001562
2.001412
2.001251
2.001085
2.000914
2.000742
2.000571
2.000405
2.000243
2.000090
1.999946
1.999813
1.999692
1.999584
1.999490
1.999410
1.999344
1.999293
1.999256
1.999233
1.999224
1.999227
1.999242
1.999267
1.999302
1.999346
1.999397
1.999454
1.999516
1.999582
1.999650
1.999720
1.999789
1.999858
1.999925
1.999989
2.000050
2.000107
2.000159
2.000206
2.000247
2.000283
2.000312
2.000336
2.000354
2.000365
2.000372
2.000373
2.000369
2.000360
2.000347
2.000330
2.000310
2.000287
2.000262
2.000235
2.000207
2.000178
2.000149
2.000120
2.000092
2.000064
2.000037
2.000013
1.999989
1.999968
1.999949
1.999933
1.999918
1.999906
1.999896
1.999889
1.999884
1.999882
1.999881
1.999882
1.999885
1.999890
1.999896
1.999903
1.999912
1.999921
1.999931
1.999941
1.999951
1.999962
1.999972
1.999983
1.999992
2.000002
2.000011
2.000019
2.000026
2.000033
2.000038
2.000043
2.000047
2.000050
2.000052
2.000053
2.000054
2.000053
2.000052
2.000051
2.000049
2.000046
2.000043
2.000040
2.000036
2.000032
2.000028
2.000024
2.000020
2.000016
2.000012
2.000008
2.000005
2.000001
1.999998
1.999996
1.999993
1.999991
1.999989
1.999988
1.999987
1.999986
1.999985
1.999985
1.999985
1.999985
1.999986
1.999987
1.999987
1.999988
1.999989
1.999991
1.999992
1.999993
1.999994
1.999996
1.999997
1.999998
2.000000
2.000001
2.000002
2.000003
2.000003
2.000004
2.000005
2.000005
2.000006
2.000006
2.000006
2.000006
2.000006
2.000006
2.000006
2.000006
2.000006
2.000005
2.000005
2.000004
2.000004
2.000004
2.000003
2.000003
2.000002
2.000002
2.000001
2.000001
2.000000
2.000000
2.000000
2.000000
1.999999
1.999999
1.999999
1.999999
1.999999
1.999999
1.999998
1.999998
1.999998
1.999999
1.999999
1.999999
1.999999
1.999999
1.999999
1.999999
1.999999
1.999999
1.999999
2.000000
2.000000
2.000000
2.000000
2.000000
2.000000
2.000000
2.000000
2.000000
2.000000
2.000001
2.000001
2.000001
2.000001
2.000001
2.000001
2.000001
2.000001
2.000001
2.000001
2.000000
2.000000
2.000000
2.000000
2.000000
2.000000
2.000000
2.000000
2.000000
2.000000
2.000000
2.000000
2.000000
2.000000
2.000000
2.000000
2.000000
2.000000
2.000000
2.000000
2.000000
2.000000
2.000000
2.000000
2.000000
2.000000
2.000000
2.000000
2.000000
2.000000
2.000000
2.000000
2.000000
2.000000
2.000000
2.000000
2.000000
2.000000
2.000000
2.000000
2.000000
2.000000
2.000000
2.000000
2.000000
2.000000
2.000000
2.000000
2.000000
2.000000
2.000000
2.000000
2.000000
2.000000
2.000000
2.000000
2.000000
2.000000
2.000000
2.000000
2.000000
2.000000
2.000000
2.000000
2.000000
2.000000
2.000000
2.000000
2.000000
2.000000
2.000000
2.000000
2.000000
2.000000
2.000000
2.000000
2.000000
2.000000
2.000000
2.000000
2.000000
2.000000
2.000000
2.000000
2.000000
2.000000
2.000000
2.000000
2.000000
2.000000
2.000000
2.000000
2.000000
2.000000
2.000000
2.000000
2.000000
2.000000
2.000000
2.000000
2.000000
2.000000
2.000000
2.000000
2.000000
2.000000
2.000000
2.000000
2.000000
2.000000
2.000000
2.000000
2.000000
2.000000
2.000000
2.000000
2.000000
2.000000
2.000000
2.000000
2.000000
2.000000
2.000000
2.000000
2.000000
2.000000
2.000000
2.000000
2.000000
2.000000
2.000000
2.000000
2.000000
2.000000
2.000000
2.000000
2.000000
2.000000
2.000000
2.000000
2.000000
2.000000
2.000000
2.000000
2.000000
2.000000
2.000000
2.000000
2.000000
2.000000
2.000000
2.000000
2.000000
2.000000
2.000000
2.000000
2.000000
2.000000
2.000000
2.000000
2.000000
2.000000
2.000000
2.000000
2.000000
2.000000
2.000000
2.000000
2.000000
2.000000
2.000000
2.000000
2.000000
2.000000
2.000000
2.000000
2.000000
2.000000
2.000000
2.000000
2.000000
2.000000
2.000000
2.000000
2.000000
2.000000
2.000000
2.000000
2.000000
2.000000
2.000000
2.000000
2.000000
2.000000
2.000000
2.000000
2.000000
2.000000
2.000000
2.000000
2.000000
2.000000
2.000000
2.000000
2.000000
2.000000
2.000000
2.000000
2.000000
2.000000
2.000000
2.000000
2.000000
2.000000
2.000000
2.000000
2.000000
2.000000
2.000000
2.000000
2.000000
2.000000
2.000000
2.000000
2.000000
2.000000
2.000000
2.000000
2.000000
2.000000
2.000000
2.000000
2.000000
2.000000
2.000000
2.000000
2.000000
2.000000
2.000000
2.000000
2.000000
2.000000
2.000000
2.000000
2.000000
2.000000
2.000000
2.000000
2.000000
2.000000
2.000000
2.000000
2.000000
2.000000
2.000000
2.000000
2.000000
2.000000
2.000000
2.000000
2.000000
2.000000
2.000000
2.000000
2.000000
2.000000
2.000000
2.000000
2.000000
2.000000
2.000000
2.000000
2.000000
2.000000
2.000000
2.000000
2.000000
2.000000
2.000000
2.000000
2.000000
2.000000
2.000000
2.000000
2.000000
2.000000
2.000000
2.000000
2.000000
2.000000
2.000000
2.000000
2.000000
2.000000
2.000000
2.000000
2.000000
2.000000
2.000000
2.000000
2.000000
2.000000
2.000000
2.000000
2.000000
2.000000
2.000000
2.000000
2.000000
2.000000
2.000000
2.000000
2.000000
2.000000
2.000000
2.000000
2.000000
2.000000
2.000000
2.000000
2.000000
2.000000
2.000000
2.000000
2.000000
2.000000
2.000000
2.000000
2.000000
2.000000
2.000000
2.000000
2.000000
2.000000
2.000000
2.000000
2.000000
2.000000
2.000000
