2.184679
2.086667
2.028469
2.028469
2.086667
2.184679
2.312757
2.454779
2.603461
2.745407
2.876043
2.984796
3.069876
3.123559
3.146846
3.134815
3.091175
3.013646
2.908407
2.775504
2.623160
2.453217
2.275282
2.092189
1.913930
1.743168
1.588868
1.451980
1.338766
1.247029
1.179293
1.130196
1.099435
1.080435
1.072268
1.069232
1.071144
1.073879
1.078102
1.081005
1.083717
1.084349
1.084218
1.082211
1.079903
1.077189
1.076326
1.078753
1.087975
1.107358
1.141629
1.195245
1.272431
1.376066
1.507051
1.664338
1.844546
2.043013
2.253512
2.469594
2.684090
2.890423
3.081879
3.252849
3.397949
3.513202
3.595060
3.641549
3.651216
3.624238
3.561308
3.464721
3.337195
3.182929
3.006365
2.813218
2.609160
2.400814
2.194336
1.996353
1.812409
1.647840
1.506097
1.389700
1.298650
1.231889
1.186114
1.157946
1.142856
1.137490
1.138084
1.142606
1.148654
1.155557
1.162026
1.168383
1.174123
1.180309
1.187098
1.196257
1.208652
1.226786
1.252196
1.287897
1.335618
1.398102
1.476243
1.571374
1.682542
1.808996
1.947727
2.096157
2.249834
2.405186
2.557230
2.702282
2.835626
2.954159
3.054005
3.133104
3.188780
3.220280
3.226306
3.207513
3.164009
3.097814
3.010334
2.904781
2.783625
2.650973
2.509993
2.365258
2.220136
2.079097
1.945080
1.821773
1.711000
1.615025
1.534045
1.468616
1.417336
1.379408
1.352498
1.335296
1.325404
1.321762
1.322491
1.327136
1.334510
1.344794
1.357434
1.373133
1.391822
1.414557
1.441573
1.474067
1.512328
1.557418
1.609376
1.668827
1.735272
1.808669
1.887829
1.971993
2.059334
2.148530
2.237333
2.324142
2.406596
2.483125
2.551560
2.610642
2.658635
2.694802
2.718005
2.728147
2.724772
2.708462
2.679436
2.638917
2.587719
2.527592
2.459798
2.386433
2.309003
2.229720
2.150091
2.072187
1.997259
1.926999
1.862194
1.803988
1.752597
1.708582
1.671632
1.641833
1.618516
1.601500
1.589981
1.583717
1.581952
1.584532
1.590849
1.600887
1.614203
1.630904
1.650664
1.673650
1.699578
1.728592
1.760368
1.794948
1.831900
1.871113
1.912003
1.954293
1.997251
2.040453
2.083063
2.124569
2.164097
2.201133
2.234846
2.264802
2.290298
2.311051
2.326552
2.336724
2.341289
2.340407
2.334043
2.322587
2.306230
2.285564
2.260964
2.233167
2.202667
2.170279
2.136540
2.102265
2.067960
2.034367
2.001898
1.971166
1.942447
1.916198
1.892541
1.871774
1.853882
1.839026
1.827081
1.818108
1.811912
1.808490
1.807609
1.809234
1.813116
1.819203
1.827244
1.837174
1.848739
1.861862
1.876279
1.891894
1.908430
1.925768
1.943614
1.961826
1.980099
1.998275
2.016044
2.033246
2.049581
2.064901
2.078936
2.091568
2.102571
2.111874
2.119310
2.124867
2.128446
2.130101
2.129803
2.127671
2.123742
2.118194
2.111120
2.102741
2.093192
2.082723
2.071490
2.059753
2.047673
2.035502
2.023386
2.011555
2.000129
1.989302
1.979162
1.969861
1.961449
1.954037
1.947636
1.942318
1.938061
1.934901
1.932789
1.931733
1.931658
1.932550
1.934319
1.936931
1.940284
1.944332
1.948964
1.954123
1.959695
1.965617
1.971772
1.978098
1.984478
1.990850
1.997106
2.003188
2.008997
2.014486
2.019567
2.024208
2.028336
2.031934
2.034950
2.037382
2.039199
2.040416
2.041023
2.041051
2.040508
2.039441
2.037874
2.035865
2.033449
2.030695
2.027643
2.024367
2.020911
2.017348
2.013722
2.010102
2.006526
2.003058
1.999729
1.996591
1.993669
1.991003
1.988607
1.986512
1.984721
1.983253
1.982102
1.981277
1.980763
1.980559
1.980645
1.981011
1.981631
1.982490
1.983557
1.984814
1.986226
1.987773
1.989420
1.991146
1.992916
1.994710
1.996495
1.998253
1.999954
2.001583
2.003116
2.004539
2.005834
2.006994
2.008002
2.008858
2.009553
2.010087
2.010458
2.010672
2.010731
2.010644
2.010417
2.010064
2.009592
2.009018
2.008352
2.007612
2.006808
2.005959
2.005077
2.004177
2.003272
2.002378
2.001502
2.000661
1.999860
1.999113
1.998423
1.997799
1.997246
1.996768
1.996366
1.996043
1.995798
1.995631
1.995538
1.995518
1.995566
1.995679
1.995849
1.996072
1.996341
1.996651
1.996993
1.997362
1.997749
1.998150
1.998557
1.998964
1.999365
1.999755
2.000129
2.000482
2.000810
2.001111
2.001380
2.001617
2.001820
2.001987
2.002118
2.002214
2.002275
2.002302
2.002297
2.002262
2.002198
2.002109
2.001997
2.001865
2.001716
2.001554
2.001381
2.001201
2.001015
2.000829
2.000643
2.000461
2.000285
2.000118
1.999960
1.999814
1.999681
1.999562
1.999458
1.999369
1.999296
1.999239
1.999197
1.999170
1.999158
1.999160
1.999174
1.999201
1.999238
1.999284
1.999339
1.999400
1.999467
1.999538
1.999611
1.999687
1.999762
1.999837
1.999910
1.999980
2.000047
2.000109
2.000166
2.000218
2.000263
2.000303
2.000336
2.000362
2.000382
2.000396
2.000404
2.000405
2.000402
2.000393
2.000379
2.000361
2.000340
2.000316
2.000289
2.000260
2.000229
2.000198
2.000166
2.000135
2.000104
2.000073
2.000045
2.000017
1.999992
1.999969
1.999948
1.999929
1.999913
1.999900
1.999889
1.999881
1.999875
1.999872
1.999871
1.999872
1.999875
1.999880
1.999886
1.999894
1.999903
1.999913
1.999923
1.999934
1.999946
1.999957
1.999968
1.999980
1.999990
2.000001
2.000010
2.000019
2.000027
2.000035
2.000041
2.000046
2.000050
2.000054
2.000056
2.000058
2.000058
2.000058
2.000057
2.000056
2.000053
2.000051
2.000047
2.000044
2.000040
2.000035
2.000031
2.000027
2.000022
2.000018
2.000014
2.000010
2.000006
2.000002
1.999999
1.999996
1.999993
1.999991
1.999989
1.999987
1.999986
1.999985
1.999984
1.999984
1.999984
1.999984
1.999985
1.999985
1.999986
1.999987
1.999988
1.999990
1.999991
1.999992
1.999994
1.999995
1.999997
1.999998
1.999999
2.000001
2.000002
2.000003
2.000004
2.000004
2.000005
2.000006
2.000006
2.000007
2.000007
2.000007
2.000007
2.000007
2.000007
2.000006
2.000006
2.000006
2.000005
2.000005
2.000004
2.000004
2.000003
2.000003
2.000002
2.000002
2.000001
2.000001
2.000001
2.000000
2.000000
2.000000
1.999999
1.999999
1.999999
1.999999
1.999999
1.999998
1.999998
1.999998
1.999998
1.999998
1.999998
1.999999
1.999999
1.999999
1.999999
1.999999
1.999999
1.999999
1.999999
2.000000
2.000000
2.000000
2.000000
2.000000
2.000000
2.000000
2.000000
2.000000
2.000001
2.000001
2.000001
2.000001
2.000001
2.000001
2.000001
2.000001
2.000001
2.000001
2.000001
2.000001
2.000000
2.000000
2.000000
2.000000
2.000000
2.000000
2.000000
2.000000
2.000000
2.000000
2.000000
2.000000
2.000000
2.000000
2.000000
2.000000
2.000000
2.000000
2.000000
2.000000
2.000000
2.000000
2.000000
2.000000
2.000000
2.000000
2.000000
2.000000
2.000000
2.000000
2.000000
2.000000
2.000000
2.000000
2.000000
2.000000
2.000000
2.000000
2.000000
2.000000
2.000000
2.000000
2.000000
2.000000
2.000000
2.000000
2.000000
2.000000
2.000000
2.000000
2.000000
2.000000
2.000000
2.000000
2.000000
2.000000
2.000000
2.000000
2.000000
2.000000
2.000000
2.000000
2.000000
2.000000
2.000000
2.000000
2.000000
2.000000
2.000000
2.000000
2.000000
2.000000
2.000000
2.000000
2.000000
2.000000
2.000000
2.000000
2.000000
2.000000
2.000000
2.000000
2.000000
2.000000
2.000000
2.000000
2.000000
2.000000
2.000000
2.000000
2.000000
2.000000
2.000000
2.000000
2.000000
2.000000
2.000000
2.000000
2.000000
2.000000
2.000000
2.000000
2.000000
2.000000
2.000000
2.000000
2.000000
2.000000
2.000000
2.000000
2.000000
2.000000
2.000000
2.000000
2.000000
2.000000
2.000000
2.000000
2.000000
2.000000
2.000000
2.000000
2.000000
2.000000
2.000000
2.000000
2.000000
2.000000
2.000000
2.000000
2.000000
2.000000
2.000000
2.000000
2.000000
2.000000
2.000000
2.000000
2.000000
2.000000
2.000000
2.000000
2.000000
2.000000
2.000000
2.000000
2.000000
2.000000
2.000000
2.000000
2.000000
2.000000
2.000000
2.000000
2.000000
2.000000
2.000000
2.000000
2.000000
2.000000
2.000000
2.000000
2.000000
2.000000
2.000000
2.000000
2.000000
2.000000
2.000000
2.000000
2.000000
2.000000
2.000000
2.000000
2.000000
2.000000
2.000000
2.000000
2.000000
2.000000
2.000000
2.000000
2.000000
2.000000
2.000000
2.000000
2.000000
2.000000
2.000000
2.000000
2.000000
2.000000
2.000000
2.000000
2.000000
2.000000
2.000000
2.000000
2.000000
2.000000
2.000000
2.000000
2.000000
2.000000
2.000000
2.000000
2.000000
2.000000
2.000000
2.000000
2.000000
2.000000
2.000000
2.000000
2.000000
2.000000
2.000000
2.000000
2.000000
2.000000
2.000000
2.000000
2.000000
2.000000
2.000000
2.000000
2.000000
2.000000
2.000000
2.000000
2.000000
2.000000
2.000000
2.000000
2.000000
2.000000
2.000000
2.000000
2.000000
2.000000
2.000000
2.000000
2.000000
2.000000
2.000000
2.000000
2.000000
2.000000
2.000000
2.000000
2.000000
2.000000
2.000000
2.000000
2.000000
2.000000
2.000000
2.000000
2.000000
2.000000
2.000000
2.000000
2.000000
2.000000
2.000000
2.000000
2.000000
2.000000
2.000000
2.000000
2.000000
2.000000
2.000000
2.000000
2.000000
2.000000
2.000000
2.000000
2.000000
2.000000
2.000000
2.000000
2.000000
2.000000
2.000000
2.000000
2.000000
2.000000
2.000000
2.000000
2.000000
2.000000
2.000000
2.000000
2.000000
2.000000
2.000000
2.000000
2.000000
2.000000
2.000000
2.000000
2.000000
2.000000
2.000000
2.000000
2.000000
2.000000
2.000000
2.000000
2.000000
2.000000
2.000000
2.000000
2.000000
2.000000
2.000000
2.000000
2.000000
2.000000
2.000000
2.000000
2.000000
2.000000
2.000000
2.000000
2.000000
2.000000
2.000000
2.000000
2.000000
2.000000
2.000000
2.000000
2.000000
2.000000
2.000000
2.000000
