2.172668
2.094635
2.048379
2.048379
2.094635
2.172668
2.272530
2.381468
2.491563
2.592295
2.678150
2.741127
2.778336
2.784462
2.759348
2.700418
2.610227
2.488847
2.341375
2.170268
1.982812
1.783379
1.580837
1.380694
1.192386
1.021192
0.875287
0.757264
0.671007
0.613271
0.581773
0.568335
0.568684
0.575253
0.586149
0.596460
0.606694
0.613672
0.619037
0.620252
0.619208
0.613462
0.604870
0.591158
0.574533
0.553784
0.532876
0.513865
0.505315
0.515658
0.559155
0.646188
0.784756
0.973571
1.209082
1.482293
1.785360
2.107297
2.439597
2.771439
3.095020
3.400614
3.681818
3.930558
4.142278
4.310918
4.434066
4.507892
4.532276
4.505707
4.430370
4.307018
4.140026
3.932234
3.689967
3.417850
3.123809
2.813851
2.497042
2.180260
1.873127
1.582717
1.318385
1.086317
0.894049
0.744555
0.640101
0.576136
0.546261
0.539433
0.547358
0.561517
0.577761
0.591795
0.602606
0.608346
0.609628
0.606126
0.599791
0.592133
0.587252
0.589620
0.606417
0.644942
0.713043
0.815696
0.955245
1.130100
1.336709
1.569281
1.821633
2.086573
2.357358
2.626833
2.888705
3.136581
3.365167
3.569256
3.744888
3.888304
3.997074
4.069027
4.103351
4.099497
4.058255
3.980638
3.868929
3.725550
3.554087
3.358144
3.142346
2.911181
2.669986
2.423775
2.178207
1.938395
1.709838
1.497197
1.305160
1.137136
0.996004
0.882737
0.797127
0.736700
0.697943
0.676037
0.666503
0.665088
0.668856
0.675705
0.684911
0.696598
0.712028
0.733169
0.762738
0.803747
0.859225
0.931712
1.022890
1.133359
1.262542
1.408850
1.569803
1.742334
1.922913
2.107825
2.293226
2.475371
2.650610
2.815580
2.967159
3.102632
3.219616
3.316209
3.390887
3.442643
3.470861
3.475440
3.456659
3.415278
3.352396
3.269540
3.168511
3.051465
2.920746
2.778964
2.628820
2.473177
2.314878
2.156816
2.001742
1.852331
1.710985
1.579893
1.460834
1.355244
1.264031
1.187690
1.126160
1.079039
1.045517
1.024682
1.015480
1.017039
1.028552
1.049535
1.079589
1.118588
1.166360
1.222858
1.287817
1.360958
1.441674
1.529283
1.622752
1.720996
1.822622
1.926258
2.030302
2.133259
2.233486
2.329532
2.419869
2.503227
2.578318
2.644161
2.699793
2.744592
2.777977
2.799717
2.809631
2.807888
2.794693
2.770588
2.736133
2.692191
2.639617
2.579532
2.513006
2.441337
2.365723
2.287543
2.208029
2.128546
2.050261
1.974427
1.902054
1.834200
1.771641
1.715170
1.665279
1.622467
1.586929
1.558878
1.538244
1.525000
1.518870
1.519654
1.526935
1.540404
1.559552
1.583997
1.613170
1.646634
1.683769
1.724091
1.766936
1.811783
1.857935
1.904851
1.951824
1.998319
2.043651
2.087320
2.128696
2.167352
2.202743
2.234543
2.262323
2.285879
2.304915
2.319366
2.329079
2.334133
2.334516
2.330444
2.322037
2.309635
2.293471
2.273985
2.251499
2.226524
2.199438
2.170795
2.140996
2.110602
2.080004
2.049738
2.020156
1.991740
1.964776
1.939671
1.916627
1.895961
1.877781
1.862308
1.849556
1.839652
1.832521
1.828206
1.826554
1.827537
1.830940
1.836676
1.844483
1.854234
1.865634
1.878528
1.892601
1.907687
1.923463
1.939761
1.956264
1.972815
1.989112
2.005018
2.020258
2.034724
2.048175
2.060540
2.071618
2.081380
2.089672
2.096508
2.101779
2.105547
2.107749
2.108488
2.107742
2.105655
2.102240
2.097673
2.091995
2.085405
2.077965
2.069887
2.061244
2.052253
2.042987
2.033659
2.024334
2.015213
2.006345
1.997913
1.989944
1.982598
1.975878
1.969916
1.964689
1.960301
1.956704
1.953974
1.952039
1.950951
1.950614
1.951062
1.952181
1.953986
1.956352
1.959281
1.962638
1.966420
1.970487
1.974831
1.979314
1.983930
1.988544
1.993154
1.997634
2.001989
2.006102
2.009990
2.013547
2.016802
2.019661
2.022166
2.024239
2.025930
2.027177
2.028042
2.028473
2.028544
2.028214
2.027565
2.026565
2.025302
2.023751
2.022003
2.020038
2.017949
2.015717
2.013435
2.011082
2.008750
2.006416
2.004166
2.001973
1.999918
1.997969
1.996200
1.994572
1.993154
1.991901
1.990873
1.990020
1.989396
1.988943
1.988712
1.988640
1.988770
1.989039
1.989484
1.990040
1.990740
1.991519
1.992408
1.993341
1.994349
1.995367
1.996426
1.997461
1.998507
1.999501
2.000478
2.001378
2.002240
2.003007
2.003720
2.004326
2.004867
2.005295
2.005654
2.005899
2.006076
2.006144
2.006152
2.006058
2.005913
2.005680
2.005409
2.005063
2.004695
2.004268
2.003833
2.003356
2.002887
2.002391
2.001917
2.001430
2.000977
2.000524
2.000115
1.999715
1.999368
1.999035
1.998761
1.998505
1.998310
1.998136
1.998021
1.997926
1.997888
1.997868
1.997901
1.997946
1.998038
1.998138
1.998278
1.998419
1.998594
1.998762
1.998958
1.999141
1.999343
1.999528
1.999727
1.999902
2.000086
2.000243
2.000405
2.000536
2.000669
2.000770
2.000872
2.000940
2.001008
2.001043
2.001079
2.001083
2.001088
2.001064
2.001043
2.000995
2.000952
2.000885
2.000826
2.000746
2.000676
2.000588
2.000513
2.000423
2.000348
2.000261
2.000190
2.000109
2.000046
1.999974
1.999921
1.999862
1.999821
1.999775
1.999748
1.999714
1.999701
1.999680
1.999679
1.999671
1.999681
1.999683
1.999702
1.999713
1.999739
1.999756
1.999788
1.999809
1.999843
1.999867
1.999902
1.999926
1.999960
1.999982
2.000014
2.000033
2.000061
2.000076
2.000100
2.000110
2.000129
2.000135
2.000148
2.000149
2.000158
2.000155
2.000159
2.000152
2.000152
2.000141
2.000139
2.000125
2.000120
2.000105
2.000099
2.000083
2.000076
2.000060
2.000053
2.000037
2.000031
2.000016
2.000011
1.999998
1.999994
1.999983
1.999981
1.999971
1.999971
1.999963
1.999964
1.999958
1.999961
1.999957
1.999961
1.999959
1.999964
1.999962
1.999969
1.999968
1.999975
1.999975
1.999982
1.999982
1.999989
1.999989
1.999996
1.999996
2.000003
2.000002
2.000008
2.000008
2.000013
2.000012
2.000017
2.000015
2.000019
2.000016
2.000020
2.000017
2.000020
2.000017
2.000019
2.000015
2.000017
2.000014
2.000015
2.000011
2.000013
2.000009
2.000010
2.000006
2.000007
2.000004
2.000005
2.000001
2.000003
1.999999
2.000001
1.999997
1.999999
1.999996
1.999998
1.999995
1.999997
1.999995
1.999997
1.999995
1.999997
1.999995
1.999997
1.999995
1.999998
1.999996
1.999998
1.999997
1.999999
1.999997
2.000000
1.999998
2.000000
1.999999
2.000001
1.999999
2.000002
2.000000
2.000002
2.000000
2.000002
2.000001
2.000003
2.000001
2.000003
2.000001
2.000003
2.000001
2.000003
2.000001
2.000002
2.000001
2.000002
2.000000
2.000002
2.000000
2.000002
2.000000
2.000001
2.000000
2.000001
2.000000
2.000001
1.999999
2.000001
1.999999
2.000000
1.999999
2.000000
1.999999
2.000000
1.999999
2.000000
1.999999
2.000000
1.999999
2.000000
1.999999
2.000000
1.999999
2.000000
1.999999
2.000000
1.999999
2.000000
1.999999
2.000000
1.999999
2.000000
2.000000
2.000001
2.000000
2.000001
2.000000
2.000001
2.000000
2.000001
2.000000
2.000001
2.000000
2.000001
2.000000
2.000001
2.000000
2.000001
2.000000
2.000000
2.000000
2.000000
2.000000
2.000000
2.000000
2.000000
2.000000
2.000000
2.000000
2.000000
2.000000
2.000000
2.000000
2.000000
2.000000
2.000000
2.000000
2.000000
2.000000
2.000000
2.000000
2.000000
2.000000
2.000000
2.000000
2.000000
2.000000
2.000000
2.000000
2.000000
2.000000
2.000000
2.000000
2.000000
2.000000
2.000000
2.000000
2.000000
2.000000
2.000000
2.000000
2.000000
2.000000
2.000000
2.000000
2.000000
2.000000
2.000000
2.000000
2.000000
2.000000
2.000000
2.000000
2.000000
2.000000
2.000000
2.000000
2.000000
2.000000
2.000000
2.000000
2.000000
2.000000
2.000000
2.000000
2.000000
2.000000
2.000000
2.000000
2.000000
2.000000
2.000000
2.000000
2.000000
2.000000
2.000000
2.000000
2.000000
2.000000
2.000000
2.000000
2.000000
2.000000
2.000000
2.000000
2.000000
2.000000
2.000000
2.000000
2.000000
2.000000
2.000000
2.000000
2.000000
2.000000
2.000000
2.000000
2.000000
2.000000
2.000000
2.000000
2.000000
2.000000
2.000000
2.000000
2.000000
2.000000
2.000000
2.000000
2.000000
2.000000
2.000000
2.000000
2.000000
2.000000
2.000000
2.000000
2.000000
2.000000
2.000000
2.000000
2.000000
2.000000
2.000000
2.000000
2.000000
2.000000
2.000000
2.000000
2.000000
2.000000
2.000000
2.000000
2.000000
2.000000
2.000000
2.000000
2.000000
2.000000
2.000000
2.000000
2.000000
2.000000
2.000000
2.000000
2.000000
2.000000
2.000000
2.000000
2.000000
2.000000
2.000000
2.000000
2.000000
2.000000
2.000000
2.000000
2.000000
2.000000
2.000000
2.000000
2.000000
2.000000
2.000000
2.000000
2.000000
2.000000
2.000000
2.000000
2.000000
2.000000
2.000000
2.000000
2.000000
2.000000
2.000000
2.000000
2.000000
2.000000
2.000000
2.000000
2.000000
2.000000
2.000000
2.000000
2.000000
2.000000
2.000000
2.000000
2.000000
2.000000
2.000000
2.000000
2.000000
2.000000
2.000000
2.000000
2.000000
2.000000
2.000000
2.000000
2.000000
2.000000
2.000000
2.000000
2.000000
2.000000
2.000000
2.000000
2.000000
2.000000
2.000000
2.000000
2.000000
2.000000
2.000000
2.000000
2.000000
2.000000
2.000000
2.000000
2.000000
2.000000
2.000000
2.000000
2.000000
2.000000
2.000000
2.000000
2.000000
2.000000
2.000000
2.000000
2.000000
2.000000
2.000000
2.000000
2.000000
2.000000
2.000000
2.000000
2.000000
2.000000
2.000000
2.000000
2.000000
2.000000
2.000000
2.000000
2.000000
2.000000
2.000000
2.000000
2.000000
2.000000
2.000000
2.000000
2.000000
2.000000
2.000000
2.000000
2.000000
2.000000
2.000000
2.000000
2.000000
2.000000
2.000000
1.999999
1.999999
1.999999
1.999999
1.999999
1.999999
1.999999
1.999999
1.999999
1.999999
