2.204840
2.112533
2.057351
2.057351
2.112533
2.204840
2.324629
2.456021
2.591878
2.718977
2.832923
2.923284
2.988484
3.020926
3.021875
2.986547
2.918968
2.817029
2.687306
2.530074
2.354074
2.161472
1.962556
1.760612
1.566509
1.383447
1.221351
1.081458
0.970557
0.885701
0.828837
0.792539
0.775475
0.768975
0.772007
0.777532
0.786250
0.793061
0.799920
0.802944
0.804590
0.801628
0.796662
0.787066
0.775816
0.761501
0.748399
0.737677
0.736419
0.749750
0.787758
0.857359
0.966349
1.116156
1.306686
1.532160
1.786901
2.061661
2.348862
2.638578
2.923348
3.193968
3.444123
3.666092
3.855286
4.005919
4.115479
4.180368
4.200331
4.174052
4.103554
3.989762
3.836857
3.647817
3.428732
3.184316
2.922184
2.648335
2.371378
2.097975
1.836973
1.594764
1.379232
1.194926
1.046687
0.934720
0.858270
0.811719
0.789475
0.783642
0.788714
0.798885
0.811189
0.822533
0.832027
0.838439
0.842177
0.843333
0.843415
0.843926
0.847781
0.858267
0.879906
0.917431
0.975769
1.058852
1.169135
1.307006
1.470846
1.657327
1.861819
2.078904
2.302676
2.527148
2.746385
2.954805
3.147202
3.318983
3.466127
3.585377
3.674153
3.730720
3.754059
3.744010
3.701115
3.626737
3.522874
3.392257
3.238142
3.064386
2.875218
2.675289
2.469425
2.262649
2.059896
1.866005
1.685376
1.521923
1.378656
1.257637
1.159575
1.083967
1.028942
0.991829
0.969287
0.958103
0.955189
0.958251
0.965427
0.975828
0.988950
1.005201
1.025210
1.050375
1.082077
1.122223
1.172348
1.234144
1.308520
1.396194
1.496832
1.609794
1.733393
1.865773
2.004240
2.146189
2.288438
2.428146
2.562124
2.687722
2.802114
2.903154
2.988633
3.057110
3.107147
3.138120
3.149430
3.141300
3.113966
3.068461
3.005788
2.927687
2.835806
2.732446
2.619720
2.500295
2.376531
2.251221
2.126715
2.005654
1.890091
1.782217
1.683498
1.595410
1.518607
1.453702
1.400498
1.358831
1.327863
1.306970
1.295064
1.291466
1.295200
1.305819
1.322643
1.345530
1.374082
1.408367
1.448120
1.493439
1.544002
1.599758
1.660172
1.724930
1.793211
1.864408
1.937433
2.011443
2.085165
2.157633
2.227514
2.293843
2.355357
2.411220
2.460351
2.502143
2.535783
2.560965
2.577201
2.584518
2.582775
2.572340
2.553405
2.526653
2.492568
2.452097
2.405951
2.355265
2.300895
2.244070
2.185696
2.126998
2.068829
2.012313
1.958159
1.907305
1.860248
1.817687
1.779868
1.747237
1.719798
1.697767
1.680951
1.669392
1.662759
1.660987
1.663667
1.670675
1.681570
1.696199
1.714104
1.735115
1.758758
1.784839
1.812865
1.842611
1.873558
1.905452
1.937752
1.970181
2.002192
2.033506
2.063587
2.092180
2.118789
2.143207
2.165004
2.184050
2.200001
2.212820
2.222270
2.228419
2.231140
2.230611
2.226812
2.220023
2.210323
2.198077
2.183443
2.166851
2.148512
2.128894
2.108235
2.087010
2.065455
2.044029
2.022938
2.002598
1.983167
1.965003
1.948201
1.933047
1.919570
1.907983
1.898248
1.890510
1.884668
1.880808
1.878779
1.878616
1.880129
1.883312
1.887947
1.893999
1.901229
1.909582
1.918807
1.928837
1.939415
1.950470
1.961747
1.973177
1.984512
1.995692
2.006486
2.016848
2.026567
2.035618
2.043820
2.051172
2.057522
2.062901
2.067189
2.070449
2.072594
2.073717
2.073766
2.072859
2.070973
2.068252
2.064695
2.060464
2.055577
2.050204
2.044375
2.038264
2.031904
2.025467
2.018981
2.012609
2.006369
2.000412
1.994743
1.989492
1.984650
1.980327
1.976495
1.973245
1.970531
1.968424
1.966862
1.965897
1.965454
1.965569
1.966153
1.967232
1.968709
1.970597
1.972794
1.975309
1.978037
1.980981
1.984037
1.987210
1.990396
1.993603
1.996734
1.999798
2.002706
2.005475
2.008023
2.010374
2.012456
2.014301
2.015847
2.017133
2.018109
2.018819
2.019225
2.019377
2.019245
2.018885
2.018273
2.017472
2.016461
2.015306
2.013991
2.012581
2.011064
2.009504
2.007888
2.006278
2.004661
2.003095
2.001565
2.000125
1.998756
1.997507
1.996355
1.995345
1.994450
1.993708
1.993089
1.992627
1.992287
1.992099
1.992025
1.992091
1.992258
1.992545
1.992915
1.993385
1.993914
1.994520
1.995161
1.995854
1.996558
1.997291
1.998012
1.998739
1.999435
2.000117
2.000752
2.001356
2.001901
2.002403
2.002836
2.003220
2.003530
2.003787
2.003970
2.004100
2.004160
2.004171
2.004117
2.004021
2.003869
2.003684
2.003453
2.003199
2.002910
2.002610
2.002284
2.001959
2.001620
2.001290
2.000956
2.000640
2.000330
2.000044
1.999771
1.999527
1.999300
1.999108
1.998934
1.998797
1.998680
1.998598
1.998537
1.998509
1.998499
1.998520
1.998555
1.998618
1.998691
1.998787
1.998889
1.999008
1.999129
1.999262
1.999393
1.999531
1.999663
1.999798
1.999923
2.000048
2.000160
2.000269
2.000362
2.000451
2.000524
2.000590
2.000640
2.000683
2.000710
2.000730
2.000736
2.000735
2.000721
2.000702
2.000671
2.000637
2.000594
2.000549
2.000497
2.000445
2.000387
2.000332
2.000273
2.000218
2.000161
2.000110
2.000057
2.000012
1.999966
1.999928
1.999891
1.999861
1.999833
1.999813
1.999794
1.999783
1.999773
1.999770
1.999769
1.999774
1.999780
1.999791
1.999802
1.999818
1.999834
1.999853
1.999872
1.999893
1.999912
1.999934
1.999953
1.999974
1.999992
2.000011
2.000027
2.000043
2.000056
2.000069
2.000079
2.000088
2.000095
2.000101
2.000104
2.000106
2.000106
2.000106
2.000103
2.000100
2.000095
2.000090
2.000083
2.000077
2.000069
2.000062
2.000054
2.000046
2.000038
2.000030
2.000022
2.000016
2.000008
2.000002
1.999996
1.999991
1.999986
1.999982
1.999978
1.999976
1.999974
1.999973
1.999971
1.999971
1.999971
1.999972
1.999972
1.999974
1.999975
1.999978
1.999980
1.999982
1.999984
1.999987
1.999990
1.999993
1.999995
1.999997
1.999999
2.000002
2.000004
2.000006
2.000007
2.000009
2.000010
2.000011
2.000011
2.000012
2.000012
2.000013
2.000012
2.000013
2.000012
2.000012
2.000011
2.000011
2.000010
2.000009
2.000008
2.000007
2.000006
2.000005
2.000004
2.000004
2.000002
2.000002
2.000001
2.000000
2.000000
1.999999
1.999998
1.999998
1.999998
1.999998
1.999997
1.999997
1.999997
1.999997
1.999997
1.999997
1.999997
1.999997
1.999997
1.999998
1.999998
1.999998
1.999998
1.999999
1.999999
1.999999
1.999999
2.000000
2.000000
2.000000
2.000000
2.000001
2.000001
2.000001
2.000001
2.000001
2.000001
2.000001
2.000001
2.000001
2.000001
2.000001
2.000001
2.000001
2.000001
2.000001
2.000001
2.000001
2.000001
2.000001
2.000001
2.000001
2.000000
2.000000
2.000000
2.000000
2.000000
2.000000
2.000000
2.000000
2.000000
2.000000
2.000000
2.000000
2.000000
2.000000
2.000000
2.000000
2.000000
2.000000
2.000000
2.000000
2.000000
2.000000
2.000000
2.000000
2.000000
2.000000
2.000000
2.000000
2.000000
2.000000
2.000000
2.000000
2.000000
2.000000
2.000000
2.000000
2.000000
2.000000
2.000000
2.000000
2.000000
2.000000
2.000000
2.000000
2.000000
2.000000
2.000000
2.000000
2.000000
2.000000
2.000000
2.000000
2.000000
2.000000
2.000000
2.000000
2.000000
2.000000
2.000000
2.000000
2.000000
2.000000
2.000000
2.000000
2.000000
2.000000
2.000000
2.000000
2.000000
2.000000
2.000000
2.000000
2.000000
2.000000
2.000000
2.000000
2.000000
2.000000
2.000000
2.000000
2.000000
2.000000
2.000000
2.000000
2.000000
2.000000
2.000000
2.000000
2.000000
2.000000
2.000000
2.000000
2.000000
2.000000
2.000000
2.000000
2.000000
2.000000
2.000000
2.000000
2.000000
2.000000
2.000000
2.000000
2.000000
2.000000
2.000000
2.000000
2.000000
2.000000
2.000000
2.000000
2.000000
2.000000
2.000000
2.000000
2.000000
2.000000
2.000000
2.000000
2.000000
2.000000
2.000000
2.000000
2.000000
2.000000
2.000000
2.000000
2.000000
2.000000
2.000000
2.000000
2.000000
2.000000
2.000000
2.000000
2.000000
2.000000
2.000000
2.000000
2.000000
2.000000
2.000000
2.000000
2.000000
2.000000
2.000000
2.000000
2.000000
2.000000
2.000000
2.000000
2.000000
2.000000
2.000000
2.000000
2.000000
2.000000
2.000000
2.000000
2.000000
2.000000
2.000000
2.000000
2.000000
2.000000
2.000000
2.000000
2.000000
2.000000
2.000000
2.000000
2.000000
2.000000
2.000000
2.000000
2.000000
2.000000
2.000000
2.000000
2.000000
2.000000
2.000000
2.000000
2.000000
2.000000
2.000000
2.000000
2.000000
2.000000
2.000000
2.000000
2.000000
2.000000
2.000000
2.000000
2.000000
2.000000
2.000000
2.000000
2.000000
2.000000
2.000000
2.000000
2.000000
2.000000
2.000000
2.000000
2.000000
2.000000
2.000000
2.000000
2.000000
2.000000
2.000000
2.000000
2.000000
2.000000
2.000000
2.000000
2.000000
2.000000
2.000000
2.000000
2.000000
2.000000
2.000000
2.000000
2.000000
2.000000
2.000000
2.000000
2.000000
2.000000
2.000000
2.000000
2.000000
2.000000
2.000000
2.000000
2.000000
2.000000
2.000000
2.000000
2.000000
2.000000
2.000000
2.000000
2.000000
2.000000
2.000000
2.000000
2.000000
2.000000
2.000000
2.000000
2.000000
2.000000
2.000000
2.000000
2.000000
2.000000
2.000000
2.000000
2.000000
2.000000
2.000000
2.000000
2.000000
2.000000
2.000000
2.000000
2.000000
2.000000
2.000000
2.000000
2.000000
2.000000
2.000000
2.000000
2.000000
2.000000
2.000000
2.000000
2.000000
2.000000
2.000000
2.000000
2.000000
2.000000
2.000000
2.000000
2.000000
2.000000
2.000000
2.000000
2.000000
2.000000
2.000000
2.000000
2.000000
2.000000
2.000000
2.000000
2.000000
2.000000
2.000000
2.000000
2.000000
2.000000
2.000000
2.000000
2.000000
2.000000
2.000000
2.000000
2.000000
2.000000
2.000000
2.000000
2.000000
2.000000
2.000000
2.000000
2.000000
2.000000
2.000000
2.000000
2.000000
2.000000
