2.162419
2.088260
2.044390
2.044390
2.088260
2.162419
2.256851
2.359601
2.462573
2.555946
2.633947
2.689209
2.718531
2.717199
2.684714
2.619083
2.522511
2.395645
2.243234
2.068319
1.877846
1.676789
1.473697
1.274698
1.088912
0.922205
0.782311
0.672110
0.594512
0.545835
0.522320
0.515447
0.520259
0.529721
0.541910
0.552685
0.562566
0.569005
0.573530
0.574047
0.572218
0.565888
0.556607
0.542263
0.524718
0.502847
0.480345
0.459518
0.449208
0.458974
0.504420
0.596990
0.744154
0.943539
1.190501
1.475386
1.789858
2.122709
2.465219
2.806506
3.138649
3.451923
3.739845
3.994363
4.210859
4.383308
4.509240
4.584868
4.610021
4.583230
4.506635
4.381036
4.210766
3.998715
3.751171
3.472819
3.171555
2.853462
2.527596
2.200939
1.883157
1.581503
1.305502
1.061722
0.858183
0.698669
0.586354
0.517466
0.485543
0.478682
0.487548
0.502879
0.520137
0.534838
0.545922
0.551484
0.552132
0.547474
0.539475
0.529650
0.522322
0.522363
0.537764
0.576793
0.648179
0.757057
0.905341
1.090647
1.308736
1.553200
1.817479
2.094044
2.375992
2.655975
2.927641
3.184476
3.421171
3.632433
3.814310
3.962974
4.076017
4.151209
4.187766
4.185086
4.143996
4.065458
3.951797
3.805391
3.629874
3.428812
3.206887
2.968561
2.719245
2.463948
2.208434
1.957856
1.717885
1.493311
1.289122
1.109026
0.956404
0.832713
0.738331
0.671106
0.627635
0.602744
0.591481
0.588967
0.591828
0.597575
0.605343
0.615182
0.628520
0.647564
0.675490
0.715779
0.771981
0.846962
0.942579
1.059329
1.196426
1.351933
1.523055
1.706380
1.898120
2.094297
2.290895
2.483977
2.669787
2.844823
3.005899
3.150192
3.275284
3.379185
3.460355
3.517713
3.550638
3.558967
3.542980
3.503386
3.441292
3.358180
3.255869
3.136474
3.002369
2.856136
2.700517
2.538365
2.372588
2.206095
2.041736
1.882248
1.730184
1.587861
1.457283
1.340086
1.237469
1.150170
1.078426
1.022027
0.980359
0.952566
0.937647
0.934675
0.942826
0.961546
0.990438
1.029344
1.078119
1.136688
1.204794
1.282095
1.367941
1.461536
1.561764
1.667392
1.776927
1.888843
2.001436
2.113070
2.222013
2.326686
2.425492
2.517049
2.600016
2.673314
2.735945
2.787202
2.826477
2.853471
2.867985
2.870128
2.860101
2.838394
2.805571
2.762458
2.709922
2.649058
2.580965
2.506925
2.428182
2.346120
2.262033
2.177314
2.093216
2.011045
1.931926
1.856993
1.787161
1.723323
1.666125
1.616173
1.573817
1.539368
1.512886
1.494417
1.483777
1.480800
1.485119
1.496418
1.514202
1.538050
1.567379
1.601688
1.640328
1.682736
1.728207
1.776134
1.825777
1.876505
1.927567
1.978342
2.028101
2.076263
2.122162
2.165293
2.205080
2.241129
2.272984
2.300383
2.323010
2.340749
2.353437
2.361106
2.363743
2.361528
2.354587
2.343233
2.327712
2.308447
2.285781
2.260219
2.232170
2.202189
2.170719
2.138330
2.105465
2.072678
2.040378
2.009074
1.979113
1.950933
1.924801
1.901062
1.879889
1.861529
1.846054
1.833609
1.824169
1.817786
1.814344
1.813815
1.816008
1.820826
1.828020
1.837443
1.848802
1.861916
1.876466
1.892252
1.908943
1.926333
1.944095
1.962032
1.979830
1.997312
2.014193
2.030325
2.045457
2.059483
2.072193
2.083525
2.093319
2.101562
2.108141
2.113093
2.116355
2.118012
2.118045
2.116581
2.113644
2.109395
2.103889
2.097318
2.089758
2.081418
2.072389
2.062887
2.053009
2.042967
2.032851
2.022865
2.013083
2.003693
1.994747
1.986408
1.978704
1.971771
1.965609
1.960323
1.955886
1.952373
1.949730
1.948006
1.947121
1.947101
1.947844
1.949358
1.951524
1.954336
1.957665
1.961492
1.965683
1.970217
1.974956
1.979879
1.984853
1.989860
1.994773
1.999583
2.004173
2.008544
2.012591
2.016328
2.019663
2.022624
2.025133
2.027232
2.028857
2.030063
2.030801
2.031135
2.031028
2.030557
2.029693
2.028521
2.027020
2.025279
2.023282
2.021123
2.018787
2.016368
2.013852
2.011329
2.008785
2.006306
2.003873
2.001566
1.999361
1.997332
1.995449
1.993779
1.992282
1.991021
1.989950
1.989122
1.988485
1.988087
1.987870
1.987875
1.988042
1.988407
1.988904
1.989568
1.990330
1.991223
1.992178
1.993225
1.994297
1.995425
1.996541
1.997678
1.998772
1.999855
2.000866
2.001842
2.002724
2.003551
2.004269
2.004918
2.005449
2.005906
2.006241
2.006500
2.006641
2.006712
2.006672
2.006572
2.006372
2.006125
2.005794
2.005430
2.004998
2.004551
2.004053
2.003556
2.003026
2.002512
2.001979
2.001479
2.000973
2.000511
2.000055
1.999652
1.999264
1.998935
1.998626
1.998381
1.998158
1.997999
1.997863
1.997789
1.997736
1.997741
1.997762
1.997837
1.997921
1.998052
1.998187
1.998361
1.998531
1.998733
1.998925
1.999140
1.999339
1.999555
1.999749
1.999954
2.000131
2.000315
2.000468
2.000624
2.000746
2.000869
2.000957
2.001045
2.001097
2.001150
2.001167
2.001186
2.001172
2.001161
2.001119
2.001082
2.001018
2.000961
2.000880
2.000810
2.000718
2.000639
2.000542
2.000461
2.000365
2.000286
2.000195
2.000123
2.000041
1.999980
1.999909
1.999860
1.999803
1.999768
1.999725
1.999704
1.999675
1.999668
1.999653
1.999658
1.999655
1.999672
1.999678
1.999704
1.999719
1.999750
1.999771
1.999807
1.999830
1.999868
1.999893
1.999931
1.999955
1.999991
2.000012
2.000045
2.000062
2.000091
2.000104
2.000127
2.000135
2.000153
2.000155
2.000168
2.000166
2.000173
2.000167
2.000170
2.000159
2.000159
2.000145
2.000141
2.000125
2.000120
2.000102
2.000096
2.000078
2.000071
2.000053
2.000047
2.000030
2.000024
2.000008
2.000004
1.999990
1.999988
1.999975
1.999975
1.999965
1.999966
1.999958
1.999961
1.999955
1.999959
1.999955
1.999961
1.999957
1.999965
1.999962
1.999970
1.999969
1.999977
1.999976
1.999985
1.999984
1.999993
1.999992
2.000000
1.999999
2.000007
2.000005
2.000012
2.000010
2.000017
2.000014
2.000020
2.000017
2.000021
2.000018
2.000022
2.000018
2.000022
2.000017
2.000020
2.000015
2.000018
2.000013
2.000016
2.000011
2.000013
2.000008
2.000010
2.000005
2.000007
2.000002
2.000005
2.000000
2.000002
1.999998
2.000001
1.999996
1.999999
1.999995
1.999998
1.999994
1.999997
1.999994
1.999997
1.999994
1.999997
1.999994
1.999998
1.999995
1.999998
1.999995
1.999999
1.999996
2.000000
1.999997
2.000000
1.999998
2.000001
1.999999
2.000002
1.999999
2.000002
2.000000
2.000003
2.000000
2.000003
2.000000
2.000003
2.000001
2.000003
2.000001
2.000003
2.000001
2.000003
2.000000
2.000003
2.000000
2.000003
2.000000
2.000002
2.000000
2.000002
2.000000
2.000002
1.999999
2.000001
1.999999
2.000001
1.999999
2.000001
1.999999
2.000001
1.999999
2.000001
1.999999
2.000001
1.999999
2.000001
1.999999
2.000001
1.999999
2.000001
1.999999
2.000001
1.999999
2.000001
1.999999
2.000001
1.999999
2.000001
1.999999
2.000001
1.999999
2.000001
1.999999
2.000001
1.999999
2.000001
1.999999
2.000001
1.999999
2.000001
1.999999
2.000001
1.999999
2.000001
1.999999
2.000001
1.999999
2.000001
1.999999
2.000001
1.999999
2.000001
1.999999
2.000001
1.999999
2.000001
1.999999
2.000001
1.999999
2.000001
1.999999
2.000001
1.999999
2.000001
1.999999
2.000001
1.999999
2.000001
1.999999
2.000001
1.999999
2.000001
1.999999
2.000001
1.999999
2.000001
1.999999
2.000001
1.999999
2.000001
1.999999
2.000000
1.999999
2.000000
2.000000
2.000000
2.000000
2.000000
2.000000
2.000000
2.000000
2.000000
2.000000
2.000000
2.000000
2.000000
2.000000
2.000000
2.000000
2.000000
2.000000
2.000000
2.000000
2.000000
2.000000
2.000000
2.000000
2.000000
2.000000
2.000000
2.000000
2.000000
2.000000
2.000000
2.000000
2.000000
2.000000
2.000000
2.000000
2.000000
2.000000
2.000000
2.000000
2.000000
2.000000
2.000000
2.000000
2.000000
2.000000
2.000000
2.000000
2.000000
2.000000
2.000000
2.000000
2.000000
2.000000
2.000000
2.000000
2.000000
2.000000
2.000000
2.000000
2.000000
2.000000
2.000000
2.000000
2.000000
2.000000
2.000000
2.000000
2.000000
2.000000
2.000000
2.000000
2.000000
2.000000
2.000000
2.000000
2.000000
2.000000
2.000000
2.000000
2.000000
2.000000
2.000000
2.000000
2.000000
2.000000
2.000000
2.000000
2.000000
2.000000
2.000000
2.000000
2.000000
2.000000
2.000000
2.000000
2.000000
2.000000
2.000000
2.000000
2.000000
2.000000
2.000000
2.000000
2.000000
2.000000
2.000000
2.000000
2.000000
2.000000
2.000000
2.000000
2.000000
2.000000
2.000000
2.000000
2.000000
2.000000
2.000000
2.000000
2.000000
2.000000
2.000000
2.000000
2.000000
2.000000
2.000000
2.000000
2.000000
2.000000
2.000000
2.000000
2.000000
2.000000
2.000000
2.000000
2.000000
2.000000
2.000000
2.000000
2.000000
2.000000
2.000000
2.000000
2.000000
2.000000
2.000000
2.000000
2.000000
2.000000
2.000000
2.000000
2.000000
2.000000
2.000000
2.000000
2.000000
2.000000
2.000000
2.000000
2.000000
2.000000
2.000000
2.000000
2.000000
2.000000
2.000000
2.000000
2.000000
2.000000
2.000000
2.000000
2.000000
2.000000
2.000000
2.000000
2.000000
2.000000
2.000000
2.000000
2.000000
2.000000
2.000000
2.000000
2.000000
2.000000
2.000000
2.000000
2.000000
2.000000
2.000000
2.000000
2.000000
2.000000
2.000000
2.000000
2.000000
2.000000
2.000000
2.000000
2.000000
2.000000
2.000000
2.000000
2.000000
2.000000
2.000000
2.000000
2.000000
2.000000
2.000000
2.000000
2.000000
2.000000
2.000000
2.000000
2.000000
2.000000
2.000000
2.000000
2.000000
2.000000
2.000000
2.000000
2.000000
2.000000
1.999999
1.999999
1.999999
1.999999
1.999998
1.999998
1.999998
1.999997
1.999997
1.999996
1.999996
1.999996
1.999995
1.999995
1.999995
1.999995
1.999996
