2.186086
2.102717
2.053141
2.053141
2.102717
2.186086
2.293407
2.410776
2.530549
2.641204
2.737626
2.810907
2.858629
2.874628
2.859257
2.809117
2.727294
2.613043
2.471998
2.305797
2.122249
1.924897
1.723117
1.521579
1.330233
1.153579
1.000452
0.872992
0.776285
0.707374
0.665738
0.643543
0.637571
0.639683
0.648199
0.657270
0.667447
0.674747
0.680964
0.682989
0.682991
0.678163
0.670723
0.658201
0.643196
0.624376
0.605960
0.589647
0.583567
0.594802
0.636028
0.716279
0.843828
1.018592
1.238421
1.495342
1.782239
2.088567
2.406130
2.724284
3.035368
3.329733
3.601050
3.841277
4.045904
4.208883
4.327827
4.398913
4.422038
4.395685
4.322051
4.201879
4.039547
3.837876
3.603185
3.340069
3.056427
2.758211
2.454425
2.151835
1.859916
1.585499
1.337585
1.121808
0.944902
0.808777
0.714544
0.656947
0.629819
0.623225
0.630047
0.642727
0.657596
0.670703
0.681102
0.687094
0.689262
0.687396
0.683357
0.678643
0.676988
0.682382
0.701005
0.739071
0.803332
0.898428
1.026973
1.188252
1.379542
1.595924
1.831758
2.080399
2.335363
2.589826
2.837595
3.072498
3.289262
3.482845
3.649264
3.784896
3.887267
3.954321
3.985188
3.979424
3.937749
3.861271
3.752196
3.613030
3.447270
3.258592
3.051515
2.830577
2.600980
2.367748
2.136350
1.911829
1.699388
1.503473
1.328278
1.176766
1.051080
0.951582
0.877366
0.825713
0.793086
0.775195
0.768121
0.768365
0.773462
0.781780
0.792722
0.806510
0.824181
0.847444
0.878488
0.919830
0.973898
1.042869
1.128160
1.230444
1.349307
1.483558
1.631061
1.789204
1.954779
2.124452
2.294614
2.461813
2.622551
2.773690
2.912202
3.035545
3.141391
3.227979
3.293811
3.337997
3.359929
3.359608
3.337300
3.293856
3.230350
3.148383
3.049718
2.936567
2.811218
2.676317
2.534479
2.388570
2.241309
2.095539
1.953824
1.818715
1.692341
1.576675
1.473126
1.382835
1.306288
1.243680
1.194596
1.158460
1.134284
1.121171
1.118056
1.124194
1.138817
1.161556
1.192012
1.230125
1.275687
1.328700
1.388880
1.456038
1.529601
1.609033
1.693390
1.781772
1.872907
1.965623
2.058441
2.150061
2.238952
2.323839
2.403288
2.476182
2.541307
2.597813
2.644792
2.681735
2.708094
2.723737
2.728497
2.722623
2.706322
2.680198
2.644792
2.601016
2.549685
2.491946
2.428811
2.361577
2.291357
2.219502
2.147129
2.075540
2.005754
1.938929
1.875897
1.817590
1.764584
1.717535
1.676734
1.642550
1.614999
1.594198
1.579940
1.572153
1.570475
1.574712
1.584411
1.599310
1.618902
1.642881
1.670706
1.702034
1.736289
1.773092
1.811830
1.852092
1.893238
1.934835
1.976236
2.017010
2.056526
2.094385
2.130005
2.163050
2.193016
2.219659
2.242579
2.261647
2.276585
2.287390
2.293918
2.296296
2.294511
2.288815
2.279314
2.266372
2.250196
2.231237
2.209776
2.186325
2.161210
2.134970
2.107944
2.080667
2.053458
2.026818
2.001022
1.976509
1.953487
1.932320
1.913132
1.896200
1.881565
1.869414
1.859704
1.852542
1.847809
1.845542
1.845558
1.847838
1.852149
1.858428
1.866407
1.875992
1.886891
1.898990
1.911986
1.925756
1.939994
1.954579
1.969212
1.983782
1.998008
2.011796
2.024891
2.037225
2.048574
2.058905
2.068031
2.075955
2.082530
2.087802
2.091664
2.094202
2.095350
2.095230
2.093814
2.091258
2.087564
2.082912
2.077332
2.071021
2.064022
2.056546
2.048640
2.040516
2.032223
2.023962
2.015774
2.007847
2.000206
1.993020
1.986294
1.980174
1.974642
1.969821
1.965668
1.962281
1.959594
1.957683
1.956461
1.955980
1.956140
1.956973
1.958365
1.960335
1.962758
1.965645
1.968863
1.972419
1.976178
1.980144
1.984185
1.988306
1.992381
1.996420
2.000302
2.004046
2.007543
2.010818
2.013774
2.016446
2.018751
2.020734
2.022322
2.023574
2.024428
2.024950
2.025092
2.024928
2.024418
2.023644
2.022573
2.021291
2.019771
2.018103
2.016262
2.014337
2.012305
2.010255
2.008162
2.006111
2.004076
2.002137
2.000263
1.998530
1.996901
1.995446
1.994123
1.992995
1.992016
1.991242
1.990621
1.990204
1.989935
1.989858
1.989915
1.990146
1.990488
1.990979
1.991556
1.992252
1.993004
1.993843
1.994708
1.995630
1.996547
1.997490
1.998402
1.999314
2.000170
2.001003
2.001761
2.002479
2.003107
2.003683
2.004160
2.004579
2.004895
2.005150
2.005305
2.005402
2.005404
2.005355
2.005220
2.005044
2.004794
2.004516
2.004178
2.003824
2.003424
2.003023
2.002590
2.002169
2.001730
2.001315
2.000894
2.000506
2.000123
1.999781
1.999451
1.999169
1.998903
1.998689
1.998494
1.998351
1.998228
1.998156
1.998102
1.998097
1.998106
1.998159
1.998223
1.998325
1.998433
1.998572
1.998711
1.998875
1.999033
1.999211
1.999377
1.999556
1.999719
1.999891
2.000042
2.000197
2.000328
2.000460
2.000566
2.000672
2.000750
2.000826
2.000874
2.000921
2.000941
2.000959
2.000952
2.000944
2.000914
2.000884
2.000835
2.000788
2.000724
2.000665
2.000592
2.000526
2.000448
2.000380
2.000301
2.000235
2.000161
2.000099
2.000032
1.999979
1.999922
1.999879
1.999833
1.999802
1.999767
1.999748
1.999725
1.999718
1.999706
1.999709
1.999708
1.999720
1.999727
1.999746
1.999761
1.999785
1.999804
1.999832
1.999854
1.999884
1.999907
1.999936
1.999958
1.999987
2.000006
2.000032
2.000049
2.000070
2.000083
2.000101
2.000109
2.000123
2.000127
2.000135
2.000136
2.000140
2.000136
2.000137
2.000130
2.000128
2.000118
2.000113
2.000102
2.000096
2.000083
2.000076
2.000063
2.000055
2.000042
2.000035
2.000023
2.000016
2.000005
2.000000
1.999990
1.999987
1.999979
1.999976
1.999970
1.999969
1.999964
1.999965
1.999962
1.999964
1.999962
1.999966
1.999965
1.999969
1.999969
1.999974
1.999975
1.999980
1.999981
1.999987
1.999988
1.999993
1.999994
1.999999
2.000000
2.000005
2.000005
2.000009
2.000009
2.000013
2.000013
2.000015
2.000015
2.000017
2.000015
2.000017
2.000015
2.000017
2.000015
2.000016
2.000013
2.000014
2.000011
2.000012
2.000009
2.000009
2.000007
2.000007
2.000004
2.000005
2.000002
2.000003
2.000000
2.000001
1.999999
1.999999
1.999997
1.999998
1.999996
1.999997
1.999996
1.999997
1.999996
1.999997
1.999996
1.999997
1.999996
1.999997
1.999996
1.999998
1.999997
1.999998
1.999998
1.999999
1.999998
2.000000
1.999999
2.000000
2.000000
2.000001
2.000000
2.000001
2.000001
2.000002
2.000001
2.000002
2.000001
2.000002
2.000001
2.000002
2.000001
2.000002
2.000001
2.000002
2.000001
2.000002
2.000001
2.000001
2.000001
2.000001
2.000000
2.000001
2.000000
2.000001
2.000000
2.000000
2.000000
2.000000
2.000000
2.000000
2.000000
2.000000
1.999999
2.000000
1.999999
2.000000
1.999999
2.000000
1.999999
2.000000
1.999999
2.000000
2.000000
2.000000
2.000000
2.000000
2.000000
2.000000
2.000000
2.000000
2.000000
2.000000
2.000000
2.000000
2.000000
2.000000
2.000000
2.000000
2.000000
2.000000
2.000000
2.000000
2.000000
2.000000
2.000000
2.000000
2.000000
2.000000
2.000000
2.000000
2.000000
2.000000
2.000000
2.000000
2.000000
2.000000
2.000000
2.000000
2.000000
2.000000
2.000000
2.000000
2.000000
2.000000
2.000000
2.000000
2.000000
2.000000
2.000000
2.000000
2.000000
2.000000
2.000000
2.000000
2.000000
2.000000
2.000000
2.000000
2.000000
2.000000
2.000000
2.000000
2.000000
2.000000
2.000000
2.000000
2.000000
2.000000
2.000000
2.000000
2.000000
2.000000
2.000000
2.000000
2.000000
2.000000
2.000000
2.000000
2.000000
2.000000
2.000000
2.000000
2.000000
2.000000
2.000000
2.000000
2.000000
2.000000
2.000000
2.000000
2.000000
2.000000
2.000000
2.000000
2.000000
2.000000
2.000000
2.000000
2.000000
2.000000
2.000000
2.000000
2.000000
2.000000
2.000000
2.000000
2.000000
2.000000
2.000000
2.000000
2.000000
2.000000
2.000000
2.000000
2.000000
2.000000
2.000000
2.000000
2.000000
2.000000
2.000000
2.000000
2.000000
2.000000
2.000000
2.000000
2.000000
2.000000
2.000000
2.000000
2.000000
2.000000
2.000000
2.000000
2.000000
2.000000
2.000000
2.000000
2.000000
2.000000
2.000000
2.000000
2.000000
2.000000
2.000000
2.000000
2.000000
2.000000
2.000000
2.000000
2.000000
2.000000
2.000000
2.000000
2.000000
2.000000
2.000000
2.000000
2.000000
2.000000
2.000000
2.000000
2.000000
2.000000
2.000000
2.000000
2.000000
2.000000
2.000000
2.000000
2.000000
2.000000
2.000000
2.000000
2.000000
2.000000
2.000000
2.000000
2.000000
2.000000
2.000000
2.000000
2.000000
2.000000
2.000000
2.000000
2.000000
2.000000
2.000000
2.000000
2.000000
2.000000
2.000000
2.000000
2.000000
2.000000
2.000000
2.000000
2.000000
2.000000
2.000000
2.000000
2.000000
2.000000
2.000000
2.000000
2.000000
2.000000
2.000000
2.000000
2.000000
2.000000
2.000000
2.000000
2.000000
2.000000
2.000000
2.000000
2.000000
2.000000
2.000000
2.000000
2.000000
2.000000
2.000000
2.000000
2.000000
2.000000
2.000000
2.000000
2.000000
2.000000
2.000000
2.000000
2.000000
2.000000
2.000000
2.000000
2.000000
2.000000
2.000000
2.000000
2.000000
2.000000
2.000000
2.000000
2.000000
2.000000
2.000000
2.000000
2.000000
2.000000
2.000000
2.000000
2.000000
2.000000
2.000000
2.000000
2.000000
2.000000
2.000000
2.000000
2.000000
2.000000
2.000000
2.000000
2.000000
2.000000
2.000000
2.000000
2.000000
2.000000
2.000000
2.000000
2.000000
2.000000
2.000000
2.000000
2.000000
2.000000
2.000000
2.000000
2.000000
2.000000
2.000000
2.000000
2.000000
2.000000
2.000000
2.000000
2.000000
2.000000
2.000000
2.000000
2.000000
2.000000
2.000000
2.000000
2.000000
2.000000
2.000000
2.000000
2.000000
2.000000
2.000000
2.000000
2.000000
2.000000
2.000000
2.000000
