2.192601
2.093910
2.035135
2.035135
2.093910
2.192601
2.321534
2.464173
2.613399
2.755456
2.885998
2.994129
3.078323
3.130552
3.152113
3.137794
3.091617
3.011029
2.902542
2.765945
2.609823
2.435783
2.253826
2.066584
1.884488
1.710029
1.552648
1.413117
1.298146
1.205257
1.137284
1.088401
1.058481
1.040404
1.033424
1.031349
1.034266
1.037633
1.042440
1.045504
1.048290
1.048548
1.047929
1.044977
1.041609
1.037436
1.035114
1.035928
1.043920
1.062506
1.097088
1.152276
1.232846
1.341560
1.479433
1.644895
1.834392
2.042626
2.263206
2.489134
2.713189
2.928357
3.127972
3.306068
3.457375
3.577611
3.663389
3.712464
3.723570
3.696644
3.632593
3.533493
3.402304
3.243037
3.060412
2.859999
2.647804
2.430375
2.214290
2.006205
1.812210
1.637796
1.487060
1.362715
1.265315
1.193758
1.144933
1.115045
1.099448
1.094239
1.095524
1.100827
1.107726
1.115249
1.122180
1.128642
1.134264
1.139986
1.146147
1.154477
1.166088
1.183549
1.208717
1.244755
1.293731
1.358510
1.440198
1.540085
1.657217
1.790610
1.937098
2.093786
2.256031
2.419953
2.580413
2.733472
2.874307
2.999613
3.105457
3.189620
3.249406
3.283938
3.291932
3.273948
3.230135
3.162450
3.072368
2.963074
2.837141
2.698694
2.551053
2.398865
2.245715
2.096216
1.953593
1.821742
1.702815
1.599293
1.511657
1.440581
1.384793
1.343439
1.314132
1.295372
1.284619
1.280596
1.281294
1.286096
1.293749
1.304349
1.317345
1.333425
1.352582
1.375915
1.403755
1.437376
1.477173
1.524279
1.578812
1.641425
1.711638
1.789375
1.873396
1.962853
2.055818
2.150846
2.245569
2.338253
2.426421
2.508384
2.581868
2.645519
2.697518
2.737055
2.762934
2.775013
2.772799
2.756857
2.727394
2.685644
2.632437
2.569562
2.498330
2.420905
2.338876
2.254556
2.169562
2.086096
2.005537
1.929720
1.859556
1.796318
1.740319
1.692205
1.651708
1.618944
1.593232
1.574371
1.561506
1.554354
1.552098
1.554539
1.561019
1.571497
1.585494
1.603110
1.624002
1.648344
1.675843
1.706653
1.740440
1.777254
1.816641
1.858486
1.902173
1.947405
1.993404
2.039718
2.085452
2.130061
2.172610
2.212547
2.248983
2.281451
2.309194
2.331906
2.349032
2.360486
2.365955
2.365599
2.359365
2.347658
2.330663
2.309004
2.283060
2.253617
2.221186
2.186639
2.150543
2.113778
2.076884
2.040672
2.005587
1.972308
1.941139
1.912591
1.886804
1.864120
1.844525
1.828210
1.815040
1.805093
1.798152
1.794225
1.793051
1.794598
1.798589
1.804975
1.813473
1.824022
1.836339
1.850347
1.865755
1.882467
1.900179
1.918770
1.937919
1.957481
1.977121
1.996678
2.015813
2.034360
2.051991
2.068554
2.083751
2.097460
2.109431
2.119593
2.127756
2.133914
2.137946
2.139917
2.139784
2.137678
2.133628
2.127829
2.120369
2.111493
2.101334
2.090166
2.078149
2.065570
2.052594
2.039499
2.026438
2.013666
2.001309
1.989585
1.978583
1.968477
1.959317
1.951232
1.944229
1.938396
1.933702
1.930196
1.927819
1.926586
1.926412
1.927289
1.929114
1.931857
1.935402
1.939705
1.944640
1.950155
1.956117
1.962467
1.969073
1.975872
1.982735
1.989599
1.996342
2.002907
2.009183
2.015123
2.020629
2.025666
2.030156
2.034080
2.037379
2.040055
2.042067
2.043437
2.044147
2.044236
2.043705
2.042611
2.040970
2.038853
2.036291
2.033360
2.030102
2.026598
2.022892
2.019067
2.015165
2.011266
2.007408
2.003661
2.000058
1.996659
1.993486
1.990589
1.987978
1.985691
1.983729
1.982116
1.980842
1.979921
1.979334
1.979085
1.979147
1.979514
1.980156
1.981058
1.982186
1.983522
1.985026
1.986680
1.988444
1.990296
1.992197
1.994128
1.996051
1.997948
1.999785
2.001549
2.003208
2.004753
2.006160
2.007424
2.008525
2.009464
2.010227
2.010820
2.011236
2.011484
2.011563
2.011485
2.011255
2.010888
2.010392
2.009785
2.009077
2.008288
2.007429
2.006519
2.005571
2.004605
2.003630
2.002665
2.001719
2.000809
1.999941
1.999130
1.998380
1.997701
1.997096
1.996573
1.996131
1.995775
1.995501
1.995313
1.995204
1.995175
1.995219
1.995333
1.995509
1.995744
1.996029
1.996358
1.996723
1.997117
1.997532
1.997963
1.998401
1.998840
1.999272
1.999694
2.000098
2.000481
2.000837
2.001165
2.001458
2.001718
2.001940
2.002124
2.002270
2.002377
2.002447
2.002480
2.002478
2.002444
2.002378
2.002285
2.002167
2.002028
2.001869
2.001696
2.001511
2.001317
2.001118
2.000917
2.000717
2.000520
2.000330
2.000148
1.999977
1.999818
1.999673
1.999543
1.999429
1.999331
1.999250
1.999187
1.999140
1.999109
1.999094
1.999095
1.999108
1.999135
1.999174
1.999223
1.999281
1.999346
1.999417
1.999493
1.999572
1.999653
1.999735
1.999816
1.999894
1.999970
2.000043
2.000110
2.000172
2.000229
2.000279
2.000322
2.000358
2.000388
2.000410
2.000426
2.000435
2.000437
2.000434
2.000425
2.000411
2.000392
2.000370
2.000344
2.000315
2.000284
2.000252
2.000218
2.000184
2.000150
2.000116
2.000083
2.000052
2.000022
1.999995
1.999969
1.999946
1.999926
1.999908
1.999894
1.999882
1.999872
1.999866
1.999862
1.999861
1.999862
1.999865
1.999870
1.999876
1.999884
1.999894
1.999904
1.999916
1.999928
1.999940
1.999952
1.999964
1.999977
1.999988
1.999999
2.000010
2.000020
2.000028
2.000036
2.000043
2.000049
2.000054
2.000058
2.000060
2.000062
2.000063
2.000063
2.000062
2.000060
2.000058
2.000055
2.000052
2.000048
2.000043
2.000039
2.000034
2.000029
2.000025
2.000020
2.000015
2.000011
2.000007
2.000003
1.999999
1.999996
1.999993
1.999990
1.999988
1.999986
1.999985
1.999984
1.999983
1.999983
1.999983
1.999983
1.999983
1.999984
1.999985
1.999986
1.999987
1.999989
1.999990
1.999992
1.999993
1.999995
1.999996
1.999998
1.999999
2.000000
2.000002
2.000003
2.000004
2.000005
2.000005
2.000006
2.000007
2.000007
2.000007
2.000007
2.000007
2.000007
2.000007
2.000007
2.000007
2.000006
2.000006
2.000005
2.000005
2.000004
2.000004
2.000003
2.000003
2.000002
2.000002
2.000001
2.000001
2.000000
2.000000
2.000000
1.999999
1.999999
1.999999
1.999999
1.999998
1.999998
1.999998
1.999998
1.999998
1.999998
1.999998
1.999998
1.999998
1.999999
1.999999
1.999999
1.999999
1.999999
1.999999
2.000000
2.000000
2.000000
2.000000
2.000000
2.000000
2.000000
2.000000
2.000000
2.000001
2.000001
2.000001
2.000001
2.000001
2.000001
2.000001
2.000001
2.000001
2.000001
2.000001
2.000001
2.000001
2.000000
2.000000
2.000000
2.000000
2.000000
2.000000
2.000000
2.000000
2.000000
2.000000
2.000000
2.000000
2.000000
2.000000
2.000000
2.000000
2.000000
2.000000
2.000000
2.000000
2.000000
2.000000
2.000000
2.000000
2.000000
2.000000
2.000000
2.000000
2.000000
2.000000
2.000000
2.000000
2.000000
2.000000
2.000000
2.000000
2.000000
2.000000
2.000000
2.000000
2.000000
2.000000
2.000000
2.000000
2.000000
2.000000
2.000000
2.000000
2.000000
2.000000
2.000000
2.000000
2.000000
2.000000
2.000000
2.000000
2.000000
2.000000
2.000000
2.000000
2.000000
2.000000
2.000000
2.000000
2.000000
2.000000
2.000000
2.000000
2.000000
2.000000
2.000000
2.000000
2.000000
2.000000
2.000000
2.000000
2.000000
2.000000
2.000000
2.000000
2.000000
2.000000
2.000000
2.000000
2.000000
2.000000
2.000000
2.000000
2.000000
2.000000
2.000000
2.000000
2.000000
2.000000
2.000000
2.000000
2.000000
2.000000
2.000000
2.000000
2.000000
2.000000
2.000000
2.000000
2.000000
2.000000
2.000000
2.000000
2.000000
2.000000
2.000000
2.000000
2.000000
2.000000
2.000000
2.000000
2.000000
2.000000
2.000000
2.000000
2.000000
2.000000
2.000000
2.000000
2.000000
2.000000
2.000000
2.000000
2.000000
2.000000
2.000000
2.000000
2.000000
2.000000
2.000000
2.000000
2.000000
2.000000
2.000000
2.000000
2.000000
2.000000
2.000000
2.000000
2.000000
2.000000
2.000000
2.000000
2.000000
2.000000
2.000000
2.000000
2.000000
2.000000
2.000000
2.000000
2.000000
2.000000
2.000000
2.000000
2.000000
2.000000
2.000000
2.000000
2.000000
2.000000
2.000000
2.000000
2.000000
2.000000
2.000000
2.000000
2.000000
2.000000
2.000000
2.000000
2.000000
2.000000
2.000000
2.000000
2.000000
2.000000
2.000000
2.000000
2.000000
2.000000
2.000000
2.000000
2.000000
2.000000
2.000000
2.000000
2.000000
2.000000
2.000000
2.000000
2.000000
2.000000
2.000000
2.000000
2.000000
2.000000
2.000000
2.000000
2.000000
2.000000
2.000000
2.000000
2.000000
2.000000
2.000000
2.000000
2.000000
2.000000
2.000000
2.000000
2.000000
2.000000
2.000000
2.000000
2.000000
2.000000
2.000000
2.000000
2.000000
2.000000
2.000000
2.000000
2.000000
2.000000
2.000000
2.000000
2.000000
2.000000
2.000000
2.000000
2.000000
2.000000
2.000000
2.000000
2.000000
2.000000
2.000000
2.000000
2.000000
2.000000
2.000000
2.000000
2.000000
2.000000
2.000000
2.000000
2.000000
2.000000
2.000000
2.000000
2.000000
2.000000
2.000000
2.000000
2.000000
2.000000
2.000000
2.000000
2.000000
2.000000
2.000000
2.000000
2.000000
2.000000
2.000000
2.000000
2.000000
2.000000
2.000000
2.000000
2.000000
2.000000
2.000000
2.000000
2.000000
2.000000
2.000000
2.000000
2.000000
2.000000
2.000000
2.000000
2.000000
2.000000
2.000000
2.000000
2.000000
2.000000
2.000000
2.000000
2.000000
2.000000
2.000000
2.000000
2.000000
2.000000
2.000000
2.000000
2.000000
2.000000
2.000000
2.000000
2.000000
2.000000
2.000000
2.000000
2.000000
2.000000
2.000000
2.000000
2.000000
2.000000
2.000000
2.000000
2.000000
2.000000
2.000000
2.000000
2.000000
2.000000
2.000000
2.000000
2.000000
2.000000
2.000000
2.000000
2.000000
2.000000
2.000000
2.000000
2.000000
