2.191227
2.105679
2.054738
2.054738
2.105679
2.191227
2.301590
2.422381
2.546078
2.660742
2.761428
2.838857
2.890812
2.910776
2.899323
2.852714
2.774261
2.662886
2.524450
2.360256
2.178339
1.981903
1.780547
1.578600
1.386238
1.207644
1.051929
0.921029
0.820482
0.747375
0.701840
0.676154
0.667547
0.667702
0.675066
0.683450
0.693439
0.700744
0.707214
0.709524
0.709939
0.705521
0.698615
0.686683
0.672454
0.654557
0.637273
0.622161
0.617142
0.628798
0.669191
0.746831
0.869983
1.038981
1.252210
1.502165
1.782050
2.081558
2.392624
2.704723
3.010244
3.299601
3.566484
3.802889
4.004310
4.164726
4.281746
4.351569
4.374080
4.347782
4.274858
4.156065
3.995764
3.796786
3.565426
3.306284
3.027224
2.734192
2.436136
2.139787
1.854523
1.587074
1.346245
1.137429
0.966979
0.836380
0.746290
0.691272
0.665277
0.658831
0.665236
0.677328
0.691623
0.704339
0.714553
0.720648
0.723186
0.722011
0.718928
0.715430
0.715080
0.721687
0.741040
0.778964
0.841779
0.933967
1.058167
1.213969
1.398950
1.608558
1.837386
2.079043
2.327167
2.575096
2.816689
3.045885
3.257422
3.446342
3.608655
3.740805
3.840295
3.905132
3.934416
3.927755
3.885837
3.809817
3.701861
3.564519
3.401244
3.215745
3.012490
2.796038
2.571524
2.343976
2.118762
1.900893
1.695419
1.506682
1.338639
1.194054
1.074750
0.980859
0.911217
0.863063
0.832880
0.816614
0.810555
0.811494
0.817130
0.826012
0.837577
0.852089
0.870491
0.894406
0.925823
0.967091
1.020416
1.087846
1.170683
1.269617
1.384274
1.513604
1.655593
1.807810
1.967172
2.130511
2.294313
2.455258
2.609917
2.755254
2.888281
3.006541
3.107729
3.190150
3.252319
3.293401
3.312790
3.310533
3.286894
3.242759
3.179193
3.097828
3.000406
2.889162
2.766355
2.634640
2.496588
2.355059
2.212703
2.072332
1.936414
1.807431
1.687379
1.578126
1.480913
1.396752
1.325960
1.268624
1.224204
1.192087
1.171235
1.160786
1.159685
1.167250
1.182733
1.205817
1.236104
1.273561
1.317967
1.369348
1.427411
1.492000
1.562554
1.638592
1.719203
1.803559
1.890432
1.978729
2.067023
2.154090
2.238447
2.318889
2.394022
2.462795
2.524022
2.576910
2.620572
2.654547
2.678300
2.691738
2.694702
2.687469
2.670246
2.643659
2.608239
2.564912
2.514473
2.458074
2.396695
2.331626
2.263938
2.194962
2.125758
2.057595
1.991424
1.928355
1.869142
1.814665
1.765415
1.721997
1.684622
1.653617
1.628936
1.610670
1.598568
1.592553
1.592241
1.597452
1.607726
1.622826
1.642253
1.665735
1.692743
1.722973
1.755867
1.791086
1.828039
1.866355
1.905418
1.944836
1.983984
2.022470
2.059687
2.095271
2.128661
2.159554
2.187463
2.212174
2.233300
2.250737
2.264215
2.273753
2.279209
2.280728
2.278292
2.272167
2.262452
2.249514
2.233550
2.215009
2.194158
2.171501
2.147343
2.122213
2.096423
2.070495
2.044719
2.019579
1.995319
1.972360
1.950880
1.931226
1.913493
1.897945
1.884597
1.873627
1.864973
1.858737
1.854785
1.853156
1.853660
1.856281
1.860785
1.867119
1.875017
1.884395
1.894969
1.906639
1.919109
1.932272
1.945831
1.959681
1.973533
1.987291
2.000684
2.013633
2.025891
2.037405
2.047958
2.057528
2.065935
2.073193
2.079159
2.083886
2.087271
2.089404
2.090222
2.089849
2.088256
2.085600
2.081879
2.077275
2.071810
2.065680
2.058923
2.051741
2.044179
2.036441
2.028566
2.020753
2.013031
2.005584
1.998427
1.991725
1.985473
1.979813
1.974721
1.970312
1.966542
1.963502
1.961126
1.959484
1.958490
1.958194
1.958495
1.959426
1.960874
1.962858
1.965257
1.968082
1.971206
1.974636
1.978242
1.982032
1.985876
1.989785
1.993635
1.997439
2.001083
2.004587
2.007846
2.010887
2.013619
2.016077
2.018182
2.019979
2.021400
2.022502
2.023227
2.023641
2.023696
2.023466
2.022912
2.022114
2.021040
2.019775
2.018290
2.016672
2.014898
2.013053
2.011114
2.009166
2.007184
2.005250
2.003336
2.001520
1.999772
1.998161
1.996653
1.995313
1.994102
1.993077
1.992195
1.991507
1.990965
1.990614
1.990403
1.990371
1.990465
1.990720
1.991078
1.991573
1.992146
1.992828
1.993559
1.994369
1.995199
1.996079
1.996951
1.997844
1.998704
1.999561
2.000362
2.001139
2.001842
2.002506
2.003083
2.003609
2.004041
2.004416
2.004695
2.004915
2.005042
2.005113
2.005096
2.005031
2.004888
2.004705
2.004456
2.004180
2.003850
2.003506
2.003122
2.002738
2.002326
2.001926
2.001512
2.001121
2.000726
2.000364
2.000008
1.999692
1.999388
1.999129
1.998888
1.998694
1.998520
1.998395
1.998289
1.998230
1.998190
1.998193
1.998211
1.998269
1.998337
1.998439
1.998547
1.998683
1.998819
1.998977
1.999130
1.999299
1.999457
1.999626
1.999780
1.999940
2.000081
2.000225
2.000346
2.000467
2.000565
2.000660
2.000730
2.000797
2.000840
2.000879
2.000894
2.000906
2.000896
2.000885
2.000854
2.000823
2.000774
2.000727
2.000665
2.000607
2.000537
2.000474
2.000400
2.000335
2.000261
2.000198
2.000130
2.000072
2.000011
1.999961
1.999909
1.999870
1.999829
1.999800
1.999770
1.999753
1.999734
1.999728
1.999720
1.999724
1.999725
1.999737
1.999745
1.999764
1.999779
1.999803
1.999822
1.999849
1.999870
1.999898
1.999920
1.999947
1.999968
1.999994
2.000013
2.000036
2.000052
2.000072
2.000084
2.000099
2.000107
2.000118
2.000122
2.000129
2.000129
2.000132
2.000128
2.000128
2.000121
2.000118
2.000109
2.000104
2.000093
2.000087
2.000075
2.000068
2.000056
2.000048
2.000036
2.000029
2.000018
2.000012
2.000002
1.999997
1.999989
1.999985
1.999978
1.999976
1.999970
1.999969
1.999966
1.999966
1.999964
1.999966
1.999965
1.999968
1.999968
1.999971
1.999972
1.999976
1.999978
1.999982
1.999984
1.999988
1.999990
1.999994
1.999996
2.000000
2.000001
2.000005
2.000006
2.000009
2.000010
2.000013
2.000012
2.000015
2.000014
2.000016
2.000015
2.000016
2.000015
2.000015
2.000014
2.000014
2.000012
2.000012
2.000010
2.000010
2.000008
2.000008
2.000006
2.000006
2.000004
2.000004
2.000002
2.000002
2.000000
2.000000
1.999999
1.999999
1.999997
1.999998
1.999997
1.999997
1.999996
1.999997
1.999996
1.999997
1.999996
1.999997
1.999996
1.999997
1.999997
1.999998
1.999997
1.999998
1.999998
1.999999
1.999999
2.000000
1.999999
2.000000
2.000000
2.000001
2.000000
2.000001
2.000001
2.000001
2.000001
2.000002
2.000001
2.000002
2.000001
2.000002
2.000001
2.000002
2.000001
2.000002
2.000001
2.000001
2.000001
2.000001
2.000001
2.000001
2.000000
2.000001
2.000000
2.000001
2.000000
2.000000
2.000000
2.000000
2.000000
2.000000
2.000000
2.000000
2.000000
2.000000
2.000000
2.000000
2.000000
2.000000
2.000000
2.000000
2.000000
2.000000
2.000000
2.000000
2.000000
2.000000
2.000000
2.000000
2.000000
2.000000
2.000000
2.000000
2.000000
2.000000
2.000000
2.000000
2.000000
2.000000
2.000000
2.000000
2.000000
2.000000
2.000000
2.000000
2.000000
2.000000
2.000000
2.000000
2.000000
2.000000
2.000000
2.000000
2.000000
2.000000
2.000000
2.000000
2.000000
2.000000
2.000000
2.000000
2.000000
2.000000
2.000000
2.000000
2.000000
2.000000
2.000000
2.000000
2.000000
2.000000
2.000000
2.000000
2.000000
2.000000
2.000000
2.000000
2.000000
2.000000
2.000000
2.000000
2.000000
2.000000
2.000000
2.000000
2.000000
2.000000
2.000000
2.000000
2.000000
2.000000
2.000000
2.000000
2.000000
2.000000
2.000000
2.000000
2.000000
2.000000
2.000000
2.000000
2.000000
2.000000
2.000000
2.000000
2.000000
2.000000
2.000000
2.000000
2.000000
2.000000
2.000000
2.000000
2.000000
2.000000
2.000000
2.000000
2.000000
2.000000
2.000000
2.000000
2.000000
2.000000
2.000000
2.000000
2.000000
2.000000
2.000000
2.000000
2.000000
2.000000
2.000000
2.000000
2.000000
2.000000
2.000000
2.000000
2.000000
2.000000
2.000000
2.000000
2.000000
2.000000
2.000000
2.000000
2.000000
2.000000
2.000000
2.000000
2.000000
2.000000
2.000000
2.000000
2.000000
2.000000
2.000000
2.000000
2.000000
2.000000
2.000000
2.000000
2.000000
2.000000
2.000000
2.000000
2.000000
2.000000
2.000000
2.000000
2.000000
2.000000
2.000000
2.000000
2.000000
2.000000
2.000000
2.000000
2.000000
2.000000
2.000000
2.000000
2.000000
2.000000
2.000000
2.000000
2.000000
2.000000
2.000000
2.000000
2.000000
2.000000
2.000000
2.000000
2.000000
2.000000
2.000000
2.000000
2.000000
2.000000
2.000000
2.000000
2.000000
2.000000
2.000000
2.000000
2.000000
2.000000
2.000000
2.000000
2.000000
2.000000
2.000000
2.000000
2.000000
2.000000
2.000000
2.000000
2.000000
2.000000
2.000000
2.000000
2.000000
2.000000
2.000000
2.000000
2.000000
2.000000
2.000000
2.000000
2.000000
2.000000
2.000000
2.000000
2.000000
2.000000
2.000000
2.000000
2.000000
2.000000
2.000000
2.000000
2.000000
2.000000
2.000000
2.000000
2.000000
2.000000
2.000000
2.000000
2.000000
2.000000
2.000000
2.000000
2.000000
2.000000
2.000000
2.000000
2.000000
2.000000
2.000000
2.000000
2.000000
2.000000
2.000000
2.000000
2.000000
2.000000
2.000000
2.000000
2.000000
2.000000
2.000000
2.000000
2.000000
2.000000
2.000000
2.000000
2.000000
2.000000
2.000000
2.000000
2.000000
2.000000
2.000000
2.000000
2.000000
2.000000
2.000000
2.000000
2.000000
2.000000
2.000000
2.000000
2.000000
2.000000
2.000000
2.000000
2.000000
2.000000
2.000000
2.000000
2.000000
2.000000
2.000000
2.000000
2.000000
2.000000
2.000000
2.000000
2.000000
2.000000
2.000000
2.000000
2.000000
2.000000
2.000000
2.000000
2.000000
2.000000
2.000000
2.000000
2.000000
2.000000
2.000000
2.000000
2.000000
2.000000
2.000000
2.000000
2.000000
2.000000
