2.166616
2.090886
2.046052
2.046052
2.090886
2.166616
2.263252
2.368519
2.474392
2.570769
2.651978
2.710400
2.742954
2.744686
2.715232
2.652364
2.558425
2.433831
2.283468
2.110141
1.920927
1.720559
1.517708
1.318247
1.131418
0.962845
0.820434
0.706954
0.625721
0.573261
0.546436
0.536878
0.539897
0.548225
0.559940
0.570577
0.580646
0.587338
0.592229
0.593041
0.591532
0.585430
0.576410
0.562296
0.545096
0.523650
0.501773
0.481672
0.472077
0.482074
0.526691
0.616931
0.760519
0.955549
1.197827
1.477957
1.787803
2.116235
2.454620
2.792094
3.120787
3.430967
3.716188
3.968382
4.182962
4.353882
4.478701
4.553610
4.578462
4.551767
4.475688
4.351001
4.182061
3.971732
3.726323
3.450491
3.152148
2.837342
2.515139
2.192477
1.879009
1.581915
1.310658
1.071653
0.872733
0.717348
0.608295
0.541453
0.510373
0.503509
0.511974
0.526816
0.543658
0.558089
0.569064
0.574698
0.575602
0.571411
0.564088
0.555149
0.548829
0.549834
0.565811
0.604612
0.674596
0.780846
0.925480
1.106454
1.319817
1.559411
1.818826
2.090665
2.368087
2.643818
2.911528
3.164750
3.398181
3.606559
3.785930
3.932491
4.043827
4.117729
4.153403
4.150267
4.109133
4.030983
3.918126
3.772956
3.599091
3.400108
3.180670
2.945246
2.699222
2.447607
2.196125
1.949914
1.714578
1.494859
1.295626
1.120469
0.972567
0.853177
0.762430
0.698025
0.656505
0.632834
0.622264
0.620179
0.623396
0.629589
0.637959
0.648583
0.662824
0.682784
0.711442
0.752076
0.808011
0.881974
0.975752
1.089893
1.223707
1.375405
1.542329
1.721208
1.908363
2.099920
2.291934
2.480544
2.662037
2.832965
2.990167
3.130862
3.252647
3.353565
3.432084
3.487150
3.518145
3.524931
3.507786
3.467440
3.404997
3.321957
3.220132
3.101654
2.968885
2.824418
2.670982
2.511432
2.348655
2.185552
2.024938
1.869527
1.721815
1.584070
1.458208
1.345787
1.247891
1.165157
1.097697
1.045217
1.007016
0.982207
0.969763
0.968773
0.978421
0.998176
1.027642
1.066672
1.115108
1.172888
1.239750
1.315379
1.399143
1.490295
1.587754
1.690350
1.796630
1.905134
2.014201
2.122250
2.227590
2.328690
2.423984
2.512135
2.591823
2.662009
2.721710
2.770252
2.807041
2.831803
2.844348
2.844809
2.833389
2.810601
2.777006
2.733448
2.680788
2.620135
2.552575
2.479399
2.401834
2.321264
2.238959
2.156304
2.074518
1.994888
1.918495
1.846442
1.779590
1.718793
1.664632
1.617671
1.578193
1.546468
1.522499
1.506298
1.497641
1.496342
1.502013
1.514333
1.532804
1.557015
1.586388
1.620449
1.658558
1.700186
1.744643
1.791359
1.839611
1.888806
1.938211
1.987240
2.035184
2.081495
2.125522
2.166793
2.204745
2.239012
2.269150
2.294920
2.316017
2.332346
2.343747
2.350274
2.351913
2.348861
2.341243
2.329381
2.313519
2.294088
2.271422
2.246030
2.218310
2.188816
2.157975
2.126356
2.094379
2.062593
2.031384
2.001249
1.972513
1.945598
1.920747
1.898291
1.878378
1.861242
1.846931
1.835581
1.827146
1.821672
1.819029
1.819185
1.821938
1.827197
1.834704
1.844320
1.855751
1.868826
1.883227
1.898766
1.915117
1.932089
1.949359
1.966745
1.983941
2.000784
2.016994
2.032440
2.046875
2.060208
2.072232
2.082901
2.092056
2.099696
2.105711
2.110148
2.112943
2.114191
2.113871
2.112118
2.108952
2.104540
2.098932
2.092323
2.084784
2.076526
2.067632
2.058319
2.048674
2.038910
2.029107
2.019468
2.010057
2.001059
1.992516
1.984589
1.977298
1.970774
1.965009
1.960107
1.956032
1.952860
1.950527
1.949085
1.948447
1.948640
1.949559
1.951214
1.953483
1.956362
1.959721
1.963546
1.967701
1.972171
1.976817
1.981624
1.986458
1.991308
1.996048
2.000674
2.005069
2.009240
2.013084
2.016618
2.019753
2.022520
2.024842
2.026765
2.028225
2.029282
2.029883
2.030099
2.029889
2.029335
2.028405
2.027185
2.025653
2.023901
2.021909
2.019771
2.017471
2.015102
2.012648
2.010200
2.007739
2.005352
2.003016
2.000813
1.998714
1.996794
1.995018
1.993455
1.992062
1.990902
1.989925
1.989185
1.988630
1.988306
1.988155
1.988218
1.988432
1.988836
1.989363
1.990047
1.990821
1.991717
1.992667
1.993702
1.994755
1.995857
1.996943
1.998044
1.999098
2.000138
2.001104
2.002033
2.002867
2.003646
2.004317
2.004920
2.005406
2.005821
2.006116
2.006340
2.006448
2.006490
2.006425
2.006304
2.006088
2.005828
2.005488
2.005121
2.004689
2.004245
2.003754
2.003267
2.002749
2.002251
2.001736
2.001255
2.000770
2.000330
1.999897
1.999518
1.999153
1.998847
1.998561
1.998337
1.998136
1.997996
1.997879
1.997821
1.997783
1.997800
1.997833
1.997916
1.998008
1.998144
1.998282
1.998458
1.998628
1.998828
1.999017
1.999228
1.999422
1.999631
1.999817
2.000014
2.000183
2.000358
2.000502
2.000648
2.000761
2.000875
2.000955
2.001034
2.001079
2.001124
2.001135
2.001148
2.001129
2.001113
2.001068
2.001028
2.000963
2.000904
2.000823
2.000753
2.000662
2.000585
2.000490
2.000412
2.000319
2.000243
2.000156
2.000088
2.000010
1.999952
1.999886
1.999841
1.999788
1.999757
1.999718
1.999700
1.999675
1.999671
1.999659
1.999666
1.999665
1.999683
1.999692
1.999718
1.999734
1.999766
1.999787
1.999822
1.999846
1.999883
1.999907
1.999944
1.999967
2.000001
2.000022
2.000053
2.000069
2.000095
2.000107
2.000129
2.000136
2.000152
2.000154
2.000165
2.000162
2.000168
2.000161
2.000163
2.000152
2.000150
2.000137
2.000133
2.000117
2.000111
2.000094
2.000087
2.000070
2.000063
2.000046
2.000040
2.000024
2.000018
2.000003
2.000000
1.999987
1.999984
1.999973
1.999973
1.999964
1.999965
1.999958
1.999961
1.999955
1.999960
1.999956
1.999962
1.999959
1.999966
1.999965
1.999972
1.999971
1.999979
1.999979
1.999987
1.999986
1.999994
1.999994
2.000001
2.000000
2.000008
2.000006
2.000013
2.000011
2.000017
2.000014
2.000019
2.000017
2.000021
2.000018
2.000021
2.000017
2.000021
2.000016
2.000019
2.000015
2.000017
2.000012
2.000015
2.000010
2.000012
2.000007
2.000009
2.000004
2.000006
2.000002
2.000004
2.000000
2.000002
1.999998
2.000000
1.999996
1.999999
1.999995
1.999998
1.999994
1.999997
1.999994
1.999997
1.999994
1.999997
1.999995
1.999998
1.999995
1.999998
1.999996
1.999999
1.999997
2.000000
1.999997
2.000000
1.999998
2.000001
1.999999
2.000002
2.000000
2.000002
2.000000
2.000003
2.000000
2.000003
2.000001
2.000003
2.000001
2.000003
2.000001
2.000003
2.000001
2.000003
2.000001
2.000003
2.000000
2.000002
2.000000
2.000002
2.000000
2.000002
2.000000
2.000001
1.999999
2.000001
1.999999
2.000001
1.999999
2.000001
1.999999
2.000001
1.999999
2.000001
1.999999
2.000000
1.999999
2.000000
1.999999
2.000000
1.999999
2.000000
1.999999
2.000000
1.999999
2.000001
1.999999
2.000001
1.999999
2.000001
1.999999
2.000001
1.999999
2.000001
1.999999
2.000001
1.999999
2.000001
1.999999
2.000001
2.000000
2.000001
2.000000
2.000001
2.000000
2.000001
2.000000
2.000001
2.000000
2.000001
2.000000
2.000001
2.000000
2.000001
2.000000
2.000001
2.000000
2.000001
2.000000
2.000001
2.000000
2.000001
2.000000
2.000000
2.000000
2.000000
2.000000
2.000000
2.000000
2.000000
2.000000
2.000000
2.000000
2.000000
2.000000
2.000000
2.000000
2.000000
2.000000
2.000000
2.000000
2.000000
2.000000
2.000000
2.000000
2.000000
2.000000
2.000000
2.000000
2.000000
2.000000
2.000000
2.000000
2.000000
2.000000
2.000000
2.000000
2.000000
2.000000
2.000000
2.000000
2.000000
2.000000
2.000000
2.000000
2.000000
2.000000
2.000000
2.000000
2.000000
2.000000
2.000000
2.000000
2.000000
2.000000
2.000000
2.000000
2.000000
2.000000
2.000000
2.000000
2.000000
2.000000
2.000000
2.000000
2.000000
2.000000
2.000000
2.000000
2.000000
2.000000
2.000000
2.000000
2.000000
2.000000
2.000000
2.000000
2.000000
2.000000
2.000000
2.000000
2.000000
2.000000
2.000000
2.000000
2.000000
2.000000
2.000000
2.000000
2.000000
2.000000
2.000000
2.000000
2.000000
2.000000
2.000000
2.000000
2.000000
2.000000
2.000000
2.000000
2.000000
2.000000
2.000000
2.000000
2.000000
2.000000
2.000000
2.000000
2.000000
2.000000
2.000000
2.000000
2.000000
2.000000
2.000000
2.000000
2.000000
2.000000
2.000000
2.000000
2.000000
2.000000
2.000000
2.000000
2.000000
2.000000
2.000000
2.000000
2.000000
2.000000
2.000000
2.000000
2.000000
2.000000
2.000000
2.000000
2.000000
2.000000
2.000000
2.000000
2.000000
2.000000
2.000000
2.000000
2.000000
2.000000
2.000000
2.000000
2.000000
2.000000
2.000000
2.000000
2.000000
2.000000
2.000000
2.000000
2.000000
2.000000
2.000000
2.000000
2.000000
2.000000
2.000000
2.000000
2.000000
2.000000
2.000000
2.000000
2.000000
2.000000
2.000000
2.000000
2.000000
2.000000
2.000000
2.000000
2.000000
2.000000
2.000000
2.000000
2.000000
2.000000
2.000000
2.000000
2.000000
2.000000
2.000000
2.000000
2.000000
2.000000
2.000000
2.000000
2.000000
2.000000
2.000000
2.000000
2.000000
2.000000
2.000000
2.000000
2.000000
2.000000
2.000000
2.000000
2.000000
2.000000
2.000000
2.000000
2.000000
2.000000
2.000000
2.000000
2.000000
2.000000
2.000000
2.000000
2.000000
2.000000
2.000000
2.000000
2.000000
2.000000
2.000000
2.000000
2.000000
2.000000
2.000000
2.000000
2.000000
2.000000
2.000000
2.000000
2.000000
2.000000
2.000000
2.000000
2.000000
2.000000
2.000000
2.000000
2.000000
2.000000
2.000000
2.000000
2.000000
2.000000
2.000000
2.000000
2.000000
2.000000
2.000000
2.000000
1.999999
1.999999
1.999999
1.999999
1.999999
1.999999
1.999998
1.999998
1.999998
1.999998
1.999998
1.999998
1.999998
1.999998
1.999998
