2.074268
1.999895
1.958476
1.958476
1.999895
2.074268
2.170914
2.282401
2.399035
2.514825
2.621590
2.715234
2.789547
2.842659
2.870591
2.873831
2.850672
2.803865
2.733771
2.645073
2.539738
2.423795
2.300081
2.175111
2.051605
1.935503
1.828303
1.734364
1.653138
1.586956
1.533202
1.492652
1.461462
1.439901
1.423950
1.414225
1.407142
1.403961
1.401640
1.401993
1.402398
1.405031
1.407571
1.412449
1.417646
1.425874
1.435534
1.449739
1.467455
1.492256
1.523633
1.565379
1.617052
1.681968
1.758874
1.849698
1.951573
2.064546
2.184003
2.308398
2.431968
2.552415
2.663746
2.763852
2.847370
2.913137
2.957042
2.979361
2.977584
2.953645
2.906725
2.840380
2.755324
2.656453
2.545606
2.428490
2.307427
2.188173
2.072701
1.965935
1.868651
1.784208
1.711691
1.652704
1.604831
1.568433
1.540370
1.520600
1.506066
1.496948
1.490706
1.487953
1.486730
1.488025
1.490353
1.494951
1.500697
1.508990
1.519017
1.532313
1.548359
1.568810
1.593396
1.623809
1.659869
1.703083
1.753057
1.810782
1.875284
1.946737
2.023359
2.104421
2.187376
2.270802
2.351706
2.428387
2.497850
2.558590
2.608051
2.645319
2.668615
2.677883
2.672299
2.652771
2.619454
2.574163
2.517894
2.453162
2.381525
2.305854
2.227883
2.150414
2.074926
2.003734
1.937696
1.878355
1.825778
1.780689
1.742459
1.711195
1.685859
1.666260
1.651278
1.640705
1.633562
1.629783
1.628624
1.630203
1.634010
1.640325
1.648831
1.659917
1.673405
1.689738
1.708811
1.731055
1.756358
1.785056
1.816940
1.852158
1.890308
1.931273
1.974396
2.019265
2.064965
2.110830
2.155758
2.198937
2.239212
2.275777
2.307583
2.333990
2.354201
2.367876
2.374575
2.374338
2.367128
2.353378
2.333436
2.308073
2.277940
2.244041
2.207197
2.168501
2.128794
2.089103
2.050149
2.012769
1.977462
1.944806
1.915040
1.888478
1.865131
1.845098
1.828231
1.814498
1.803671
1.795665
1.790240
1.787311
1.786667
1.788251
1.791892
1.797563
1.805129
1.814578
1.825792
1.838751
1.853328
1.869473
1.887026
1.905884
1.925833
1.946705
1.968225
1.990156
2.012167
2.033969
2.055193
2.075525
2.094593
2.112096
2.127698
2.141152
2.152200
2.160683
2.166450
2.169457
2.169678
2.167192
2.162095
2.154580
2.144849
2.133184
2.119862
2.105216
2.089558
2.073236
2.056556
2.039843
2.023365
2.007394
1.992141
1.977811
1.964546
1.952482
1.941697
1.932265
1.924211
1.917559
1.912296
1.908411
1.905863
1.904620
1.904623
1.905824
1.908154
1.911553
1.915941
1.921249
1.927387
1.934274
1.941810
1.949899
1.958433
1.967304
1.976393
1.985585
1.994754
2.003782
2.012544
2.020925
2.028810
2.036095
2.042683
2.048491
2.053446
2.057496
2.060598
2.062732
2.063890
2.064086
2.063347
2.061719
2.059258
2.056038
2.052138
2.047650
2.042669
2.037298
2.031636
2.025786
2.019847
2.013912
2.008072
2.002407
1.996992
1.991892
1.987163
1.982852
1.978997
1.975629
1.972765
1.970421
1.968600
1.967301
1.966515
1.966229
1.966421
1.967068
1.968142
1.969610
1.971436
1.973582
1.976007
1.978668
1.981521
1.984521
1.987622
1.990779
1.993948
1.997084
2.000146
2.003094
2.005891
2.008504
2.010902
2.013059
2.014954
2.016569
2.017892
2.018916
2.019637
2.020058
2.020184
2.020027
2.019601
2.018924
2.018017
2.016904
2.015611
2.014166
2.012596
2.010931
2.009199
2.007429
2.005648
2.003883
2.002158
2.000495
1.998916
1.997437
1.996076
1.994845
1.993754
1.992812
1.992024
1.991393
1.990920
1.990603
1.990438
1.990420
1.990543
1.990796
1.991169
1.991653
1.992234
1.992899
1.993635
1.994428
1.995264
1.996130
1.997011
1.997896
1.998770
1.999622
2.000441
2.001217
2.001941
2.002606
2.003205
2.003731
2.004183
2.004556
2.004849
2.005062
2.005197
2.005254
2.005237
2.005151
2.004999
2.004788
2.004523
2.004212
2.003860
2.003476
2.003066
2.002637
2.002198
2.001753
2.001311
2.000878
2.000458
2.000058
1.999681
1.999332
1.999014
1.998730
1.998482
1.998272
1.998100
1.997966
1.997871
1.997813
1.997791
1.997804
1.997848
1.997923
1.998024
1.998149
1.998295
1.998458
1.998635
1.998823
1.999019
1.999218
1.999419
1.999617
1.999811
1.999998
2.000175
2.000341
2.000493
2.000631
2.000753
2.000858
2.000946
2.001016
2.001068
2.001104
2.001122
2.001125
2.001112
2.001085
2.001045
2.000993
2.000931
2.000860
2.000783
2.000699
2.000612
2.000521
2.000430
2.000339
2.000249
2.000162
2.000078
1.999999
1.999926
1.999859
1.999799
1.999746
1.999700
1.999662
1.999632
1.999609
1.999594
1.999587
1.999586
1.999591
1.999603
1.999620
1.999641
1.999667
1.999696
1.999729
1.999763
1.999799
1.999836
1.999873
1.999910
1.999946
1.999981
2.000014
2.000045
2.000074
2.000100
2.000123
2.000143
2.000160
2.000174
2.000184
2.000192
2.000196
2.000198
2.000196
2.000193
2.000186
2.000178
2.000168
2.000157
2.000144
2.000130
2.000115
2.000100
2.000084
2.000069
2.000053
2.000039
2.000024
2.000011
1.999998
1.999987
1.999976
1.999967
1.999959
1.999952
1.999946
1.999942
1.999939
1.999937
1.999937
1.999937
1.999938
1.999940
1.999943
1.999947
1.999951
1.999956
1.999961
1.999967
1.999972
1.999978
1.999983
1.999989
1.999994
1.999999
2.000004
2.000008
2.000013
2.000016
2.000019
2.000022
2.000024
2.000026
2.000027
2.000028
2.000028
2.000028
2.000028
2.000027
2.000026
2.000025
2.000023
2.000021
2.000020
2.000018
2.000015
2.000013
2.000011
2.000009
2.000007
2.000005
2.000003
2.000001
2.000000
1.999998
1.999997
1.999996
1.999995
1.999994
1.999993
1.999993
1.999992
1.999992
1.999992
1.999992
1.999992
1.999993
1.999993
1.999994
1.999994
1.999995
1.999996
1.999996
1.999997
1.999998
1.999998
1.999999
2.000000
2.000000
2.000001
2.000001
2.000002
2.000002
2.000002
2.000003
2.000003
2.000003
2.000003
2.000003
2.000003
2.000003
2.000003
2.000003
2.000003
2.000003
2.000003
2.000002
2.000002
2.000002
2.000002
2.000001
2.000001
2.000001
2.000001
2.000001
2.000000
2.000000
2.000000
2.000000
2.000000
2.000000
1.999999
1.999999
1.999999
1.999999
1.999999
1.999999
1.999999
1.999999
1.999999
1.999999
1.999999
1.999999
1.999999
2.000000
2.000000
2.000000
2.000000
2.000000
2.000000
2.000000
2.000000
2.000000
2.000000
2.000000
2.000000
2.000000
2.000000
2.000000
2.000000
2.000000
2.000000
2.000000
2.000000
2.000000
2.000000
2.000000
2.000000
2.000000
2.000000
2.000000
2.000000
2.000000
2.000000
2.000000
2.000000
2.000000
2.000000
2.000000
2.000000
2.000000
2.000000
2.000000
2.000000
2.000000
2.000000
2.000000
2.000000
2.000000
2.000000
2.000000
2.000000
2.000000
2.000000
2.000000
2.000000
2.000000
2.000000
2.000000
2.000000
2.000000
2.000000
2.000000
2.000000
2.000000
2.000000
2.000000
2.000000
2.000000
2.000000
2.000000
2.000000
2.000000
2.000000
2.000000
2.000000
2.000000
2.000000
2.000000
2.000000
2.000000
2.000000
2.000000
2.000000
2.000000
2.000000
2.000000
2.000000
2.000000
2.000000
2.000000
2.000000
2.000000
2.000000
2.000000
2.000000
2.000000
2.000000
2.000000
2.000000
2.000000
2.000000
2.000000
2.000000
2.000000
2.000000
2.000000
2.000000
2.000000
2.000000
2.000000
2.000000
2.000000
2.000000
2.000000
2.000000
2.000000
2.000000
2.000000
2.000000
2.000000
2.000000
2.000000
2.000000
2.000000
2.000000
2.000000
2.000000
2.000000
2.000000
2.000000
2.000000
2.000000
2.000000
2.000000
2.000000
2.000000
2.000000
2.000000
2.000000
2.000000
2.000000
2.000000
2.000000
2.000000
2.000000
2.000000
2.000000
2.000000
2.000000
2.000000
2.000000
2.000000
2.000000
2.000000
2.000000
2.000000
2.000000
2.000000
2.000000
2.000000
2.000000
2.000000
2.000000
2.000000
2.000000
2.000000
2.000000
2.000000
2.000000
2.000000
2.000000
2.000000
2.000000
2.000000
2.000000
2.000000
2.000000
2.000000
2.000000
2.000000
2.000000
2.000000
2.000000
2.000000
2.000000
2.000000
2.000000
2.000000
2.000000
2.000000
2.000000
2.000000
2.000000
2.000000
2.000000
2.000000
2.000000
2.000000
2.000000
2.000000
2.000000
2.000000
2.000000
2.000000
2.000000
2.000000
2.000000
2.000000
2.000000
2.000000
2.000000
2.000000
2.000000
2.000000
2.000000
2.000000
2.000000
2.000000
2.000000
2.000000
2.000000
2.000000
2.000000
2.000000
2.000000
2.000000
2.000000
2.000000
2.000000
2.000000
2.000000
2.000000
2.000000
2.000000
2.000000
2.000000
2.000000
2.000000
2.000000
2.000000
2.000000
2.000000
2.000000
2.000000
2.000000
2.000000
2.000000
2.000000
2.000000
2.000000
2.000000
2.000000
2.000000
2.000000
2.000000
2.000000
2.000000
2.000000
2.000000
2.000000
2.000000
2.000000
2.000000
2.000000
2.000000
2.000000
2.000000
2.000000
2.000000
2.000000
2.000000
2.000000
2.000000
2.000000
2.000000
2.000000
2.000000
2.000000
2.000000
2.000000
2.000000
2.000000
2.000000
2.000000
2.000000
2.000000
2.000000
2.000000
2.000000
2.000000
2.000000
2.000000
2.000000
2.000000
2.000000
2.000000
2.000000
2.000000
2.000000
2.000000
2.000000
2.000000
2.000000
2.000000
2.000000
2.000000
2.000000
2.000000
2.000000
2.000000
2.000000
2.000000
2.000000
2.000000
2.000000
2.000000
2.000000
2.000000
2.000000
2.000000
2.000000
2.000000
2.000000
2.000000
2.000000
2.000000
2.000000
2.000000
2.000000
2.000000
2.000000
2.000000
2.000000
2.000000
2.000000
2.000000
2.000000
2.000000
2.000000
2.000000
2.000000
2.000000
2.000000
2.000000
2.000000
2.000000
2.000000
2.000000
2.000000
2.000000
2.000000
2.000000
2.000000
2.000000
2.000000
2.000000
2.000000
2.000000
2.000000
2.000000
2.000000
2.000000
2.000000
2.000000
2.000000
2.000000
2.000000
