2.178223
2.098027
2.050430
2.050430
2.098027
2.178223
2.281112
2.393477
2.507511
2.612290
2.702456
2.769645
2.811152
2.821322
2.800198
2.744873
2.658112
2.539658
2.394819
2.225723
2.039859
1.841265
1.639006
1.438251
1.248633
1.075116
0.926135
0.804111
0.713430
0.651000
0.615284
0.598258
0.596067
0.600888
0.610896
0.620782
0.631063
0.638227
0.643978
0.645541
0.644926
0.639537
0.631386
0.618114
0.602099
0.582079
0.562138
0.544187
0.536623
0.547310
0.589839
0.674035
0.808061
0.991154
1.220345
1.487033
1.783664
2.099406
2.425878
2.752316
3.070975
3.372149
3.649472
3.894871
4.103815
4.270241
4.391753
4.464516
4.488424
4.461955
4.387308
4.265222
4.100083
3.894715
3.655448
3.386890
3.096963
2.791648
2.479994
2.168831
1.867735
1.583683
1.325902
1.100360
0.914290
0.770228
0.669963
0.608609
0.579849
0.573093
0.580551
0.594098
0.609785
0.623446
0.634096
0.639938
0.641576
0.638730
0.633321
0.626858
0.623296
0.626907
0.644454
0.682767
0.749242
0.848728
0.983719
1.153002
1.353381
1.579413
1.825130
2.083552
2.348034
2.611545
2.867830
3.110576
3.334498
3.534449
3.706460
3.846822
3.953088
4.023131
4.056115
4.051531
4.010143
3.932999
3.822351
3.680655
3.511464
3.318407
3.106071
2.878961
2.642367
2.401306
2.161366
1.927634
1.705502
1.499547
1.314270
1.152906
1.018043
0.910397
0.829466
0.772651
0.736415
0.716146
0.707603
0.706848
0.711150
0.718606
0.728551
0.741147
0.757567
0.779663
0.809930
0.851162
0.906132
0.977223
1.066012
1.173136
1.298098
1.439479
1.594948
1.761628
1.936119
2.114860
2.294100
2.470211
2.639601
2.798995
2.945307
3.075890
3.188380
3.280930
3.352027
3.400707
3.426359
3.428919
3.408664
3.366387
3.303180
3.220598
3.120428
3.004850
2.876186
2.737063
2.590151
2.438316
2.284357
2.131150
1.981380
1.837677
1.702340
1.577480
1.464731
1.365413
1.280264
1.209651
1.153363
1.110914
1.081410
1.063931
1.057414
1.061032
1.073993
1.095855
1.126221
1.164989
1.211972
1.267143
1.330229
1.400988
1.478828
1.563129
1.652897
1.747122
1.844464
1.943632
2.043076
2.141380
2.236947
2.328398
2.414242
2.493271
2.564227
2.626181
2.678195
2.719690
2.750099
2.769231
2.776913
2.773345
2.758735
2.733651
2.698645
2.654605
2.602368
2.543071
2.477760
2.407738
2.334171
2.258430
2.181704
2.105335
2.030436
1.958222
1.889636
1.825685
1.767064
1.714511
1.668435
1.629277
1.597156
1.572242
1.554400
1.543582
1.539469
1.541859
1.550317
1.564547
1.584040
1.608443
1.637197
1.669904
1.705960
1.744925
1.786156
1.829178
1.873318
1.918080
1.962783
2.006933
2.049869
2.091134
2.130117
2.166430
2.199545
2.229169
2.254888
2.276527
2.293799
2.306667
2.314979
2.318838
2.318230
2.313389
2.304430
2.291703
2.275432
2.256064
2.233903
2.209465
2.183106
2.155376
2.126651
2.097483
2.068235
2.039428
2.011384
1.984567
1.959231
1.935765
1.914339
1.895252
1.878584
1.864540
1.853109
1.844409
1.838344
1.834954
1.834072
1.835672
1.839529
1.845567
1.853518
1.863270
1.874527
1.887151
1.900831
1.915418
1.930597
1.946219
1.961974
1.977725
1.993178
2.008214
2.022566
2.036145
2.048715
2.060222
2.070471
2.079448
2.087000
2.093157
2.097810
2.101032
2.102758
2.103102
2.102038
2.099716
2.096146
2.091504
2.085829
2.079319
2.072028
2.064169
2.055804
2.047149
2.038265
2.029364
2.020497
2.011863
2.003499
1.995584
1.988134
1.981304
1.975088
1.969613
1.964848
1.960895
1.957697
1.955329
1.953714
1.952903
1.952797
1.953431
1.954688
1.956586
1.958998
1.961932
1.965252
1.968959
1.972915
1.977117
1.981430
1.985851
1.990250
1.994629
1.998865
2.002968
2.006825
2.010457
2.013760
2.016768
2.019390
2.021670
2.023532
2.025031
2.026103
2.026814
2.027112
2.027074
2.026656
2.025944
2.024901
2.023620
2.022070
2.020345
2.018421
2.016393
2.014236
2.012044
2.009794
2.007575
2.005361
2.003239
2.001178
1.999257
1.997442
1.995806
1.994309
1.993016
1.991881
1.990964
1.990213
1.989681
1.989312
1.989151
1.989140
1.989319
1.989625
1.990096
1.990666
1.991371
1.992143
1.993017
1.993926
1.994903
1.995882
1.996896
1.997882
1.998874
1.999811
2.000729
2.001570
2.002372
2.003080
2.003734
2.004285
2.004773
2.005151
2.005465
2.005669
2.005810
2.005848
2.005828
2.005714
2.005554
2.005310
2.005034
2.004688
2.004323
2.003905
2.003483
2.003022
2.002572
2.002098
2.001648
2.001187
2.000762
2.000337
1.999957
1.999586
1.999266
1.998962
1.998714
1.998485
1.998313
1.998161
1.998065
1.997989
1.997967
1.997960
1.998003
1.998057
1.998155
1.998259
1.998401
1.998542
1.998713
1.998879
1.999068
1.999244
1.999438
1.999614
1.999802
1.999967
2.000139
2.000285
2.000435
2.000555
2.000677
2.000768
2.000858
2.000918
2.000976
2.001004
2.001032
2.001031
2.001030
2.001002
2.000977
2.000928
2.000883
2.000817
2.000757
2.000680
2.000611
2.000527
2.000455
2.000369
2.000297
2.000215
2.000148
2.000073
2.000014
1.999948
1.999900
1.999846
1.999810
1.999769
1.999745
1.999716
1.999705
1.999689
1.999690
1.999685
1.999696
1.999701
1.999720
1.999732
1.999758
1.999776
1.999807
1.999828
1.999861
1.999884
1.999917
1.999940
1.999972
1.999993
2.000022
2.000041
2.000066
2.000080
2.000101
2.000111
2.000127
2.000132
2.000144
2.000144
2.000151
2.000147
2.000150
2.000143
2.000142
2.000132
2.000128
2.000115
2.000110
2.000096
2.000089
2.000074
2.000067
2.000052
2.000045
2.000031
2.000024
2.000011
2.000006
1.999994
1.999990
1.999980
1.999978
1.999970
1.999970
1.999963
1.999964
1.999960
1.999962
1.999959
1.999963
1.999961
1.999966
1.999965
1.999971
1.999971
1.999977
1.999978
1.999984
1.999985
1.999991
1.999992
1.999998
1.999998
2.000004
2.000004
2.000009
2.000009
2.000013
2.000012
2.000016
2.000015
2.000018
2.000016
2.000019
2.000017
2.000019
2.000016
2.000018
2.000015
2.000016
2.000013
2.000014
2.000010
2.000011
2.000008
2.000009
2.000005
2.000006
2.000003
2.000004
2.000001
2.000002
1.999999
2.000000
1.999997
1.999999
1.999996
1.999998
1.999996
1.999997
1.999995
1.999997
1.999995
1.999997
1.999995
1.999997
1.999996
1.999998
1.999996
1.999998
1.999997
1.999999
1.999998
2.000000
1.999999
2.000000
1.999999
2.000001
2.000000
2.000001
2.000000
2.000002
2.000001
2.000002
2.000001
2.000002
2.000001
2.000002
2.000001
2.000002
2.000001
2.000002
2.000001
2.000002
2.000001
2.000002
2.000001
2.000002
2.000000
2.000001
2.000000
2.000001
2.000000
2.000001
2.000000
2.000001
2.000000
2.000000
1.999999
2.000000
1.999999
2.000000
1.999999
2.000000
1.999999
2.000000
1.999999
2.000000
1.999999
2.000000
1.999999
2.000000
1.999999
2.000000
1.999999
2.000000
2.000000
2.000000
2.000000
2.000000
2.000000
2.000000
2.000000
2.000000
2.000000
2.000000
2.000000
2.000000
2.000000
2.000000
2.000000
2.000000
2.000000
2.000000
2.000000
2.000000
2.000000
2.000000
2.000000
2.000000
2.000000
2.000000
2.000000
2.000000
2.000000
2.000000
2.000000
2.000000
2.000000
2.000000
2.000000
2.000000
2.000000
2.000000
2.000000
2.000000
2.000000
2.000000
2.000000
2.000000
2.000000
2.000000
2.000000
2.000000
2.000000
2.000000
2.000000
2.000000
2.000000
2.000000
2.000000
2.000000
2.000000
2.000000
2.000000
2.000000
2.000000
2.000000
2.000000
2.000000
2.000000
2.000000
2.000000
2.000000
2.000000
2.000000
2.000000
2.000000
2.000000
2.000000
2.000000
2.000000
2.000000
2.000000
2.000000
2.000000
2.000000
2.000000
2.000000
2.000000
2.000000
2.000000
2.000000
2.000000
2.000000
2.000000
2.000000
2.000000
2.000000
2.000000
2.000000
2.000000
2.000000
2.000000
2.000000
2.000000
2.000000
2.000000
2.000000
2.000000
2.000000
2.000000
2.000000
2.000000
2.000000
2.000000
2.000000
2.000000
2.000000
2.000000
2.000000
2.000000
2.000000
2.000000
2.000000
2.000000
2.000000
2.000000
2.000000
2.000000
2.000000
2.000000
2.000000
2.000000
2.000000
2.000000
2.000000
2.000000
2.000000
2.000000
2.000000
2.000000
2.000000
2.000000
2.000000
2.000000
2.000000
2.000000
2.000000
2.000000
2.000000
2.000000
2.000000
2.000000
2.000000
2.000000
2.000000
2.000000
2.000000
2.000000
2.000000
2.000000
2.000000
2.000000
2.000000
2.000000
2.000000
2.000000
2.000000
2.000000
2.000000
2.000000
2.000000
2.000000
2.000000
2.000000
2.000000
2.000000
2.000000
2.000000
2.000000
2.000000
2.000000
2.000000
2.000000
2.000000
2.000000
2.000000
2.000000
2.000000
2.000000
2.000000
2.000000
2.000000
2.000000
2.000000
2.000000
2.000000
2.000000
2.000000
2.000000
2.000000
2.000000
2.000000
2.000000
2.000000
2.000000
2.000000
2.000000
2.000000
2.000000
2.000000
2.000000
2.000000
2.000000
2.000000
2.000000
2.000000
2.000000
2.000000
2.000000
2.000000
2.000000
2.000000
2.000000
2.000000
2.000000
2.000000
2.000000
2.000000
2.000000
2.000000
2.000000
2.000000
2.000000
2.000000
2.000000
2.000000
2.000000
2.000000
2.000000
2.000000
2.000000
2.000000
2.000000
2.000000
2.000000
2.000000
2.000000
2.000000
2.000000
2.000000
2.000000
2.000000
2.000000
2.000000
2.000000
2.000000
2.000000
2.000000
2.000000
2.000000
2.000000
2.000000
2.000000
2.000000
2.000000
2.000000
2.000000
2.000000
2.000000
2.000000
2.000000
2.000000
2.000000
2.000000
2.000000
2.000000
2.000000
2.000000
2.000000
2.000000
2.000000
2.000000
2.000000
2.000000
2.000000
2.000000
2.000000
2.000000
2.000000
2.000000
2.000000
2.000000
2.000000
2.000000
2.000000
2.000000
2.000000
2.000000
2.000000
2.000000
2.000000
2.000000
2.000000
2.000000
2.000000
2.000000
