2.192989
2.106666
2.055240
2.055240
2.106666
2.192989
2.304431
2.426435
2.551522
2.667606
2.769803
2.848701
2.902156
2.923526
2.913465
2.868110
2.790858
2.680511
2.543010
2.379542
2.198222
2.002134
1.800956
1.598898
1.406216
1.226981
1.070402
0.938339
0.836486
0.761937
0.715049
0.688133
0.678583
0.678024
0.684953
0.693068
0.702967
0.710256
0.716802
0.719207
0.719767
0.715501
0.708793
0.697086
0.683151
0.665604
0.648741
0.634073
0.629444
0.641259
0.681366
0.758091
0.879680
1.046605
1.257437
1.504847
1.782154
2.079145
2.387807
2.697660
3.001112
3.288606
3.553834
3.788813
3.989033
4.148490
4.264786
4.334133
4.356408
4.330125
4.257457
4.139173
3.979620
3.781640
3.551513
3.293844
3.016482
2.725372
2.429437
2.135398
1.852591
1.587711
1.349482
1.143211
0.975105
0.846500
0.757894
0.703798
0.678211
0.671823
0.678082
0.689965
0.704052
0.716625
0.726770
0.732902
0.735572
0.734648
0.731909
0.728847
0.728963
0.736002
0.755613
0.793490
0.855800
0.946965
1.069625
1.223470
1.406180
1.613334
1.839610
2.078714
2.324327
2.569853
2.809167
3.036254
3.245856
3.433048
3.593836
3.724691
3.823109
3.887119
3.915810
3.908813
3.866799
3.790945
3.683400
3.546732
3.384375
3.200053
2.998211
2.783420
2.560786
2.335337
2.112405
1.896985
1.694069
1.507959
1.342520
1.200446
1.083439
0.991553
0.923538
0.876623
0.847306
0.831616
0.825918
0.827104
0.832929
0.842003
0.853777
0.868527
0.887165
0.911283
0.942801
0.984012
1.037046
1.103906
1.185853
1.283581
1.396727
1.524289
1.664296
1.814380
1.971502
2.132553
2.294055
2.452737
2.605195
2.748430
2.879471
2.995892
3.095397
3.176315
3.237167
3.277137
3.295622
3.292686
3.268588
3.224234
3.160679
3.079569
2.982638
2.872129
2.750287
2.619773
2.483138
2.343239
2.202699
2.064318
1.930523
1.803773
1.686010
1.579064
1.484112
1.402123
1.333353
1.277852
1.235041
1.204295
1.184565
1.175003
1.174560
1.182577
1.198315
1.221473
1.251655
1.288840
1.332800
1.383570
1.440853
1.504506
1.573972
1.648789
1.728056
1.810970
1.896321
1.983043
2.069725
2.155173
2.237919
2.316786
2.390392
2.457710
2.517565
2.569184
2.611689
2.644634
2.667490
2.680179
2.682540
2.674866
2.657360
2.630656
2.595281
2.552165
2.502095
2.446225
2.385522
2.321272
2.254531
2.186620
2.118579
2.051663
1.986797
1.925075
1.867223
1.814098
1.766166
1.724011
1.687820
1.657903
1.634195
1.616777
1.605389
1.599949
1.600070
1.605575
1.616006
1.631133
1.650462
1.673731
1.700418
1.730231
1.762619
1.797257
1.833562
1.871177
1.909494
1.948135
1.986483
2.024160
2.060566
2.095352
2.127962
2.158105
2.185300
2.209343
2.229853
2.246732
2.259715
2.268828
2.273930
2.275170
2.272531
2.266281
2.256516
2.243607
2.227743
2.209377
2.188764
2.166410
2.142611
2.117890
2.092553
2.067113
2.041852
2.017247
1.993531
1.971120
1.950180
1.931052
1.913822
1.898749
1.885840
1.875270
1.866969
1.861039
1.857343
1.855919
1.856573
1.859295
1.863848
1.870183
1.878034
1.887324
1.897770
1.909275
1.921549
1.934489
1.947801
1.961386
1.974959
1.988428
2.001527
2.014180
2.026145
2.037373
2.047650
2.056958
2.065119
2.072149
2.077909
2.082453
2.085680
2.087680
2.088392
2.087940
2.086295
2.083613
2.079893
2.075315
2.069900
2.063842
2.057176
2.050105
2.042670
2.035072
2.027349
2.019695
2.012140
2.004862
1.997876
1.991342
1.985255
1.979753
1.974812
1.970544
1.966903
1.963980
1.961708
1.960154
1.959234
1.958997
1.959341
1.960300
1.961761
1.963745
1.966130
1.968929
1.972015
1.975397
1.978946
1.982670
1.986444
1.990275
1.994045
1.997766
2.001326
2.004745
2.007921
2.010882
2.013536
2.015921
2.017957
2.019692
2.021057
2.022110
2.022792
2.023171
2.023199
2.022948
2.022382
2.021579
2.020507
2.019249
2.017779
2.016182
2.014433
2.012618
2.010713
2.008802
2.006860
2.004967
2.003097
2.001324
1.999620
1.998051
1.996586
1.995285
1.994112
1.993122
1.992272
1.991613
1.991097
1.990768
1.990575
1.990558
1.990663
1.990924
1.991287
1.991782
1.992352
1.993027
1.993750
1.994548
1.995366
1.996230
1.997086
1.997961
1.998803
1.999639
2.000422
2.001178
2.001863
2.002507
2.003067
2.003576
2.003993
2.004353
2.004620
2.004829
2.004946
2.005009
2.004987
2.004917
2.004771
2.004587
2.004339
2.004064
2.003738
2.003398
2.003020
2.002641
2.002237
2.001845
2.001440
2.001057
2.000672
2.000319
1.999972
1.999665
1.999370
1.999120
1.998887
1.998700
1.998533
1.998413
1.998313
1.998259
1.998222
1.998228
1.998249
1.998308
1.998377
1.998480
1.998587
1.998722
1.998856
1.999012
1.999162
1.999328
1.999484
1.999649
1.999800
1.999956
2.000093
2.000233
2.000351
2.000468
2.000563
2.000654
2.000722
2.000786
2.000826
2.000863
2.000877
2.000887
2.000877
2.000864
2.000833
2.000801
2.000752
2.000706
2.000645
2.000588
2.000519
2.000456
2.000384
2.000320
2.000248
2.000187
2.000120
2.000064
2.000004
1.999956
1.999906
1.999868
1.999828
1.999801
1.999772
1.999756
1.999738
1.999732
1.999725
1.999729
1.999731
1.999743
1.999752
1.999771
1.999786
1.999809
1.999828
1.999854
1.999875
1.999903
1.999924
1.999951
1.999972
1.999997
2.000015
2.000038
2.000053
2.000072
2.000084
2.000098
2.000106
2.000117
2.000120
2.000127
2.000127
2.000129
2.000126
2.000125
2.000118
2.000115
2.000106
2.000101
2.000091
2.000084
2.000072
2.000065
2.000053
2.000046
2.000035
2.000027
2.000017
2.000011
2.000001
1.999996
1.999988
1.999984
1.999978
1.999975
1.999971
1.999970
1.999966
1.999967
1.999965
1.999966
1.999966
1.999968
1.999969
1.999972
1.999973
1.999977
1.999978
1.999983
1.999984
1.999989
1.999991
1.999995
1.999996
2.000000
2.000002
2.000005
2.000006
2.000009
2.000010
2.000012
2.000012
2.000014
2.000014
2.000015
2.000015
2.000016
2.000014
2.000015
2.000014
2.000014
2.000012
2.000012
2.000010
2.000010
2.000008
2.000008
2.000006
2.000006
2.000004
2.000003
2.000002
2.000002
2.000000
2.000000
1.999999
1.999999
1.999997
1.999998
1.999997
1.999997
1.999996
1.999997
1.999996
1.999997
1.999996
1.999997
1.999997
1.999997
1.999997
1.999998
1.999998
1.999998
1.999998
1.999999
1.999999
2.000000
1.999999
2.000000
2.000000
2.000001
2.000000
2.000001
2.000001
2.000001
2.000001
2.000002
2.000001
2.000002
2.000001
2.000002
2.000001
2.000002
2.000001
2.000001
2.000001
2.000001
2.000001
2.000001
2.000001
2.000001
2.000000
2.000001
2.000000
2.000000
2.000000
2.000000
2.000000
2.000000
2.000000
2.000000
2.000000
2.000000
2.000000
2.000000
2.000000
2.000000
2.000000
2.000000
2.000000
2.000000
2.000000
2.000000
2.000000
2.000000
2.000000
2.000000
2.000000
2.000000
2.000000
2.000000
2.000000
2.000000
2.000000
2.000000
2.000000
2.000000
2.000000
2.000000
2.000000
2.000000
2.000000
2.000000
2.000000
2.000000
2.000000
2.000000
2.000000
2.000000
2.000000
2.000000
2.000000
2.000000
2.000000
2.000000
2.000000
2.000000
2.000000
2.000000
2.000000
2.000000
2.000000
2.000000
2.000000
2.000000
2.000000
2.000000
2.000000
2.000000
2.000000
2.000000
2.000000
2.000000
2.000000
2.000000
2.000000
2.000000
2.000000
2.000000
2.000000
2.000000
2.000000
2.000000
2.000000
2.000000
2.000000
2.000000
2.000000
2.000000
2.000000
2.000000
2.000000
2.000000
2.000000
2.000000
2.000000
2.000000
2.000000
2.000000
2.000000
2.000000
2.000000
2.000000
2.000000
2.000000
2.000000
2.000000
2.000000
2.000000
2.000000
2.000000
2.000000
2.000000
2.000000
2.000000
2.000000
2.000000
2.000000
2.000000
2.000000
2.000000
2.000000
2.000000
2.000000
2.000000
2.000000
2.000000
2.000000
2.000000
2.000000
2.000000
2.000000
2.000000
2.000000
2.000000
2.000000
2.000000
2.000000
2.000000
2.000000
2.000000
2.000000
2.000000
2.000000
2.000000
2.000000
2.000000
2.000000
2.000000
2.000000
2.000000
2.000000
2.000000
2.000000
2.000000
2.000000
2.000000
2.000000
2.000000
2.000000
2.000000
2.000000
2.000000
2.000000
2.000000
2.000000
2.000000
2.000000
2.000000
2.000000
2.000000
2.000000
2.000000
2.000000
2.000000
2.000000
2.000000
2.000000
2.000000
2.000000
2.000000
2.000000
2.000000
2.000000
2.000000
2.000000
2.000000
2.000000
2.000000
2.000000
2.000000
2.000000
2.000000
2.000000
2.000000
2.000000
2.000000
2.000000
2.000000
2.000000
2.000000
2.000000
2.000000
2.000000
2.000000
2.000000
2.000000
2.000000
2.000000
2.000000
2.000000
2.000000
2.000000
2.000000
2.000000
2.000000
2.000000
2.000000
2.000000
2.000000
2.000000
2.000000
2.000000
2.000000
2.000000
2.000000
2.000000
2.000000
2.000000
2.000000
2.000000
2.000000
2.000000
2.000000
2.000000
2.000000
2.000000
2.000000
2.000000
2.000000
2.000000
2.000000
2.000000
2.000000
2.000000
2.000000
2.000000
2.000000
2.000000
2.000000
2.000000
2.000000
2.000000
2.000000
2.000000
2.000000
2.000000
2.000000
2.000000
2.000000
2.000000
2.000000
2.000000
2.000000
2.000000
2.000000
2.000000
2.000000
2.000000
2.000000
2.000000
2.000000
2.000000
2.000000
2.000000
2.000000
2.000000
2.000000
2.000000
2.000000
2.000000
2.000000
2.000000
2.000000
2.000000
2.000000
2.000000
2.000000
2.000000
2.000000
2.000000
2.000000
2.000000
2.000000
2.000000
2.000000
2.000000
2.000000
2.000000
2.000000
2.000000
2.000000
2.000000
2.000000
2.000000
2.000000
2.000000
2.000000
2.000000
2.000000
2.000000
2.000000
2.000000
2.000000
2.000000
2.000000
2.000000
2.000000
2.000000
2.000000
2.000000
2.000000
2.000000
2.000000
2.000000
2.000000
2.000000
2.000000
2.000000
2.000000
2.000000
