2.124452
2.036773
1.986188
1.986188
2.036773
2.124452
2.238885
2.368200
2.503717
2.635669
2.757484
2.861809
2.944470
3.000702
3.028873
3.026843
2.995489
2.935164
2.849031
2.739607
2.611889
2.469991
2.320030
2.166864
2.016704
1.874005
1.743769
1.628760
1.531533
1.452307
1.390780
1.344981
1.312682
1.291166
1.277780
1.270396
1.266854
1.266089
1.266574
1.268171
1.269773
1.271901
1.273690
1.276182
1.278776
1.283121
1.289102
1.299215
1.314109
1.337267
1.370068
1.416555
1.478021
1.557789
1.655569
1.772475
1.905561
2.053274
2.210259
2.373088
2.535143
2.692387
2.838181
2.968985
3.079088
3.166227
3.226227
3.258560
3.260916
3.234695
3.179532
3.098730
2.993724
2.869468
2.728840
2.577966
2.420561
2.263184
2.109512
1.965532
1.833785
1.718565
1.620254
1.540709
1.477881
1.431479
1.397890
1.375921
1.361759
1.354500
1.351014
1.351172
1.352710
1.356222
1.360145
1.365582
1.371493
1.379343
1.388530
1.400846
1.416125
1.436471
1.462106
1.495313
1.536442
1.587572
1.648661
1.721000
1.803569
1.896402
1.997206
2.104719
2.215559
2.327572
2.436820
2.540873
2.635858
2.719671
2.789034
2.842632
2.878154
2.895360
2.893104
2.872335
2.833105
2.777505
2.706660
2.623606
2.530270
2.430288
2.325981
2.221114
2.117888
2.019651
1.927946
1.845204
1.771909
1.709313
1.656774
1.614494
1.581026
1.555969
1.537589
1.525383
1.517771
1.514473
1.514278
1.517240
1.522550
1.530575
1.540848
1.553968
1.569723
1.588851
1.611286
1.637793
1.668323
1.703522
1.743200
1.787729
1.836617
1.889835
1.946487
2.006095
2.067364
2.129436
2.190732
2.250181
2.306115
2.357464
2.402694
2.440954
2.471033
2.492471
2.504523
2.507222
2.500351
2.484464
2.459863
2.427572
2.388322
2.343490
2.294090
2.241679
2.187361
2.132674
2.078616
2.026514
1.977092
1.931328
1.889580
1.852428
1.819864
1.792119
1.768907
1.750222
1.735628
1.725013
1.717913
1.714213
1.713501
1.715715
1.720530
1.727950
1.737730
1.749921
1.764325
1.781004
1.799768
1.820645
1.843408
1.868011
1.894155
1.921695
1.950240
1.979539
2.009112
2.038621
2.067524
2.095433
2.121791
2.146214
2.168186
2.187387
2.203397
2.216011
2.224952
2.230166
2.231545
2.229201
2.223198
2.213810
2.201253
2.185931
2.168176
2.148476
2.127226
2.104944
2.082034
2.058990
2.036173
2.014010
1.992785
1.972827
1.954324
1.937503
1.922454
1.909308
1.898073
1.888805
1.881452
1.876016
1.872405
1.870589
1.870456
1.871955
1.874964
1.879420
1.885194
1.892212
1.900336
1.909481
1.919498
1.930284
1.941681
1.953568
1.965774
1.978164
1.990558
2.002813
2.014748
2.026221
2.037060
2.047138
2.056301
2.064448
2.071460
2.077269
2.081798
2.085022
2.086913
2.087492
2.086777
2.084833
2.081723
2.077551
2.072413
2.066442
2.059756
2.052504
2.044816
2.036843
2.028714
2.020570
2.012529
2.004715
1.997224
1.990158
1.983589
1.977591
1.972212
1.967500
1.963478
1.960170
1.957576
1.955701
1.954527
1.954039
1.954206
1.954999
1.956375
1.958293
1.960702
1.963554
1.966789
1.970355
1.974188
1.978232
1.982421
1.986699
1.991002
1.995273
1.999454
2.003492
2.007335
2.010939
2.014260
2.017262
2.019914
2.022193
2.024077
2.025557
2.026625
2.027285
2.027540
2.027407
2.026901
2.026048
2.024874
2.023412
2.021696
2.019763
2.017651
2.015401
2.013051
2.010641
2.008208
2.005790
2.003420
2.001130
1.998948
1.996900
1.995009
1.993292
1.991765
1.990440
1.989324
1.988423
1.987736
1.987264
1.987000
1.986939
1.987070
1.987383
1.987862
1.988493
1.989260
1.990145
1.991130
1.992197
1.993325
1.994498
1.995695
1.996900
1.998094
1.999261
2.000387
2.001457
2.002459
2.003382
2.004217
2.004955
2.005592
2.006123
2.006546
2.006860
2.007066
2.007166
2.007165
2.007067
2.006879
2.006607
2.006261
2.005849
2.005381
2.004865
2.004313
2.003733
2.003135
2.002530
2.001925
2.001330
2.000753
2.000200
1.999678
1.999193
1.998750
1.998352
1.998003
1.997704
1.997458
1.997264
1.997122
1.997032
1.996992
1.996999
1.997050
1.997143
1.997273
1.997437
1.997630
1.997848
1.998085
1.998339
1.998603
1.998875
1.999148
1.999420
1.999686
1.999943
2.000188
2.000418
2.000630
2.000822
2.000993
2.001142
2.001267
2.001369
2.001446
2.001499
2.001530
2.001538
2.001525
2.001493
2.001442
2.001375
2.001294
2.001200
2.001096
2.000984
2.000865
2.000743
2.000618
2.000493
2.000370
2.000250
2.000135
2.000026
1.999924
1.999830
1.999745
1.999670
1.999606
1.999551
1.999507
1.999474
1.999451
1.999438
1.999435
1.999440
1.999454
1.999475
1.999503
1.999537
1.999576
1.999619
1.999665
1.999714
1.999764
1.999814
1.999865
1.999914
1.999962
2.000008
2.000051
2.000091
2.000128
2.000160
2.000189
2.000213
2.000233
2.000249
2.000260
2.000267
2.000270
2.000269
2.000265
2.000257
2.000247
2.000234
2.000219
2.000201
2.000183
2.000163
2.000142
2.000121
2.000100
2.000079
2.000058
2.000038
2.000020
2.000002
1.999986
1.999971
1.999958
1.999946
1.999937
1.999929
1.999922
1.999918
1.999915
1.999913
1.999914
1.999915
1.999918
1.999922
1.999926
1.999932
1.999938
1.999945
1.999952
1.999960
1.999968
1.999975
1.999983
1.999990
1.999997
2.000004
2.000010
2.000016
2.000021
2.000025
2.000029
2.000032
2.000035
2.000037
2.000038
2.000039
2.000039
2.000038
2.000038
2.000036
2.000035
2.000032
2.000030
2.000028
2.000025
2.000022
2.000019
2.000016
2.000013
2.000010
2.000007
2.000005
2.000002
2.000000
1.999998
1.999996
1.999994
1.999993
1.999992
1.999991
1.999990
1.999990
1.999989
1.999989
1.999989
1.999990
1.999990
1.999990
1.999991
1.999992
1.999993
1.999994
1.999995
1.999995
1.999996
1.999997
1.999998
1.999999
2.000000
2.000001
2.000001
2.000002
2.000003
2.000003
2.000004
2.000004
2.000004
2.000004
2.000005
2.000005
2.000005
2.000004
2.000004
2.000004
2.000004
2.000004
2.000003
2.000003
2.000003
2.000002
2.000002
2.000002
2.000001
2.000001
2.000001
2.000000
2.000000
2.000000
2.000000
2.000000
1.999999
1.999999
1.999999
1.999999
1.999999
1.999999
1.999999
1.999999
1.999999
1.999999
1.999999
1.999999
1.999999
1.999999
1.999999
1.999999
1.999999
2.000000
2.000000
2.000000
2.000000
2.000000
2.000000
2.000000
2.000000
2.000000
2.000000
2.000000
2.000000
2.000000
2.000000
2.000000
2.000000
2.000000
2.000000
2.000000
2.000000
2.000000
2.000000
2.000000
2.000000
2.000000
2.000000
2.000000
2.000000
2.000000
2.000000
2.000000
2.000000
2.000000
2.000000
2.000000
2.000000
2.000000
2.000000
2.000000
2.000000
2.000000
2.000000
2.000000
2.000000
2.000000
2.000000
2.000000
2.000000
2.000000
2.000000
2.000000
2.000000
2.000000
2.000000
2.000000
2.000000
2.000000
2.000000
2.000000
2.000000
2.000000
2.000000
2.000000
2.000000
2.000000
2.000000
2.000000
2.000000
2.000000
2.000000
2.000000
2.000000
2.000000
2.000000
2.000000
2.000000
2.000000
2.000000
2.000000
2.000000
2.000000
2.000000
2.000000
2.000000
2.000000
2.000000
2.000000
2.000000
2.000000
2.000000
2.000000
2.000000
2.000000
2.000000
2.000000
2.000000
2.000000
2.000000
2.000000
2.000000
2.000000
2.000000
2.000000
2.000000
2.000000
2.000000
2.000000
2.000000
2.000000
2.000000
2.000000
2.000000
2.000000
2.000000
2.000000
2.000000
2.000000
2.000000
2.000000
2.000000
2.000000
2.000000
2.000000
2.000000
2.000000
2.000000
2.000000
2.000000
2.000000
2.000000
2.000000
2.000000
2.000000
2.000000
2.000000
2.000000
2.000000
2.000000
2.000000
2.000000
2.000000
2.000000
2.000000
2.000000
2.000000
2.000000
2.000000
2.000000
2.000000
2.000000
2.000000
2.000000
2.000000
2.000000
2.000000
2.000000
2.000000
2.000000
2.000000
2.000000
2.000000
2.000000
2.000000
2.000000
2.000000
2.000000
2.000000
2.000000
2.000000
2.000000
2.000000
2.000000
2.000000
2.000000
2.000000
2.000000
2.000000
2.000000
2.000000
2.000000
2.000000
2.000000
2.000000
2.000000
2.000000
2.000000
2.000000
2.000000
2.000000
2.000000
2.000000
2.000000
2.000000
2.000000
2.000000
2.000000
2.000000
2.000000
2.000000
2.000000
2.000000
2.000000
2.000000
2.000000
2.000000
2.000000
2.000000
2.000000
2.000000
2.000000
2.000000
2.000000
2.000000
2.000000
2.000000
2.000000
2.000000
2.000000
2.000000
2.000000
2.000000
2.000000
2.000000
2.000000
2.000000
2.000000
2.000000
2.000000
2.000000
2.000000
2.000000
2.000000
2.000000
2.000000
2.000000
2.000000
2.000000
2.000000
2.000000
2.000000
2.000000
2.000000
2.000000
2.000000
2.000000
2.000000
2.000000
2.000000
2.000000
2.000000
2.000000
2.000000
2.000000
2.000000
2.000000
2.000000
2.000000
2.000000
2.000000
2.000000
2.000000
2.000000
2.000000
2.000000
2.000000
2.000000
2.000000
2.000000
2.000000
2.000000
2.000000
2.000000
2.000000
2.000000
2.000000
2.000000
2.000000
2.000000
2.000000
2.000000
2.000000
2.000000
2.000000
2.000000
2.000000
2.000000
2.000000
2.000000
2.000000
2.000000
2.000000
2.000000
2.000000
2.000000
2.000000
2.000000
2.000000
2.000000
2.000000
2.000000
2.000000
2.000000
2.000000
2.000000
2.000000
2.000000
2.000000
2.000000
2.000000
2.000000
2.000000
2.000000
2.000000
2.000000
2.000000
2.000000
2.000000
2.000000
2.000000
2.000000
2.000000
2.000000
2.000000
2.000000
2.000000
2.000000
2.000000
2.000000
2.000000
2.000000
2.000000
2.000000
2.000000
2.000000
2.000000
2.000000
2.000000
2.000000
2.000000
2.000000
2.000000
2.000000
2.000000
2.000000
2.000000
2.000000
2.000000
2.000000
2.000000
2.000000
2.000000
2.000000
2.000000
2.000000
2.000000
2.000000
2.000000
2.000000
2.000000
2.000000
2.000000
