2.168923
2.092321
2.046949
2.046949
2.092321
2.168923
2.266782
2.373442
2.480918
2.578951
2.661927
2.722084
2.756412
2.759821
2.732024
2.670662
2.578157
2.454795
2.305540
2.133066
1.944529
1.744523
1.541793
1.342073
1.154675
0.985093
0.841331
0.726095
0.642918
0.588423
0.559805
0.548770
0.550782
0.558457
0.569878
0.580408
0.590554
0.597366
0.602445
0.603413
0.602081
0.596111
0.587247
0.573277
0.556285
0.535094
0.513577
0.493884
0.484685
0.494811
0.538992
0.627991
0.769650
0.962306
1.202011
1.479518
1.786799
2.112777
2.448867
2.784218
3.110985
3.419438
3.703148
3.954042
4.167548
4.337612
4.461804
4.536308
4.560987
4.534342
4.458545
4.334363
4.166160
3.956789
3.712567
3.438137
3.141417
2.828441
2.508274
2.187832
1.876758
1.582192
1.313558
1.077185
0.880796
0.727661
0.620372
0.554635
0.524014
0.517158
0.525413
0.539992
0.556606
0.570887
0.581800
0.587474
0.588522
0.584590
0.577642
0.569190
0.563420
0.564947
0.581239
0.619927
0.689176
0.794032
0.936707
1.115335
1.326120
1.563042
1.819776
2.089001
2.363913
2.637281
2.902789
3.153996
3.385602
3.592367
3.770332
3.915713
4.026087
4.099260
4.134430
4.131030
4.089861
4.011917
3.899498
3.755008
3.582053
3.384221
3.166160
2.932346
2.688147
2.438575
2.189329
1.945538
1.712768
1.495731
1.299229
1.126785
0.981464
0.864415
0.775636
0.712758
0.672296
0.649297
0.639116
0.637280
0.640702
0.647145
0.655837
0.666877
0.681586
0.702014
0.731039
0.771833
0.827604
0.901007
0.993790
1.106522
1.238560
1.388194
1.552834
1.729290
1.913937
2.102963
2.292461
2.478613
2.657729
2.826394
2.981460
3.120173
3.240135
3.339410
3.416469
3.470275
3.500212
3.506154
3.488381
3.447634
3.385014
3.302032
3.200496
3.082546
2.950539
2.807074
2.654870
2.496785
2.335690
2.174484
2.015960
1.862815
1.717513
1.582294
1.459022
1.349211
1.253877
1.173603
1.108435
1.058036
1.021660
0.998409
0.987243
0.987266
0.997663
1.017922
1.047644
1.086690
1.134897
1.192208
1.258360
1.333052
1.415661
1.505468
1.601407
1.702343
1.806847
1.913490
2.020636
2.126736
2.230118
2.329281
2.422673
2.508983
2.586903
2.655415
2.713546
2.760640
2.796108
2.819692
2.831208
2.830799
2.818672
2.795350
2.761393
2.717654
2.664991
2.604519
2.537317
2.464680
2.387824
2.308133
2.226862
2.145389
2.064915
1.986714
1.911842
1.841384
1.776170
1.717029
1.664512
1.619154
1.581207
1.550917
1.528258
1.513226
1.505576
1.505116
1.511444
1.524245
1.543014
1.567352
1.596683
1.630547
1.668312
1.709465
1.753327
1.799346
1.846810
1.895144
1.943627
1.991692
2.038639
2.083939
2.126950
2.167214
2.204179
2.237492
2.266715
2.291624
2.311916
2.327509
2.338244
2.344186
2.345323
2.341858
2.333914
2.321822
2.305820
2.286344
2.263722
2.238467
2.210968
2.181779
2.151319
2.120152
2.088689
2.057473
2.026877
1.997394
1.969333
1.943111
1.918955
1.897190
1.877949
1.861461
1.847760
1.836979
1.829060
1.824049
1.821804
1.822296
1.825318
1.830779
1.838420
1.848106
1.859542
1.872564
1.886854
1.902232
1.918374
1.935098
1.952083
1.969156
1.986012
2.002499
2.018339
2.033410
2.047467
2.060426
2.072084
2.082401
2.091219
2.098544
2.104266
2.108438
2.110996
2.112039
2.111546
2.109655
2.106384
2.101902
2.096258
2.089647
2.082137
2.073940
2.065134
2.055938
2.046432
2.036830
2.027207
2.017763
2.008558
1.999776
1.991453
1.983750
1.976680
1.970374
1.964819
1.960118
1.956231
1.953234
1.951059
1.949759
1.949243
1.949540
1.950542
1.952261
1.954573
1.957477
1.960841
1.964655
1.968781
1.973207
1.977794
1.982531
1.987284
1.992044
1.996686
2.001209
2.005496
2.009559
2.013292
2.016718
2.019746
2.022411
2.024635
2.026467
2.027843
2.028823
2.029355
2.029513
2.029254
2.028660
2.027700
2.026461
2.024918
2.023165
2.021181
2.019059
2.016783
2.014446
2.012029
2.009624
2.007211
2.004876
2.002594
2.000448
1.998406
1.996544
1.994826
1.993319
1.991981
1.990873
1.989945
1.989251
1.988737
1.988450
1.988331
1.988422
1.988659
1.989080
1.989619
1.990312
1.991089
1.991984
1.992928
1.993955
1.994995
1.996081
1.997148
1.998229
1.999260
2.000276
2.001217
2.002121
2.002929
2.003683
2.004328
2.004907
2.005370
2.005763
2.006038
2.006243
2.006335
2.006363
2.006286
2.006155
2.005931
2.005667
2.005324
2.004955
2.004525
2.004084
2.003598
2.003117
2.002607
2.002118
2.001614
2.001143
2.000670
2.000242
1.999822
1.999455
1.999103
1.998809
1.998535
1.998323
1.998132
1.998002
1.997894
1.997844
1.997813
1.997837
1.997875
1.997962
1.998057
1.998195
1.998335
1.998510
1.998680
1.998879
1.999066
1.999274
1.999464
1.999670
1.999852
2.000044
2.000208
2.000378
2.000517
2.000658
2.000766
2.000875
2.000950
2.001025
2.001066
2.001107
2.001116
2.001126
2.001104
2.001086
2.001040
2.000999
2.000933
2.000874
2.000793
2.000723
2.000633
2.000557
2.000464
2.000386
2.000295
2.000222
2.000137
2.000071
1.999995
1.999939
1.999876
1.999833
1.999782
1.999752
1.999716
1.999700
1.999676
1.999673
1.999663
1.999671
1.999672
1.999690
1.999700
1.999726
1.999742
1.999774
1.999795
1.999831
1.999854
1.999891
1.999915
1.999950
1.999973
2.000006
2.000026
2.000056
2.000072
2.000097
2.000109
2.000129
2.000136
2.000151
2.000152
2.000162
2.000159
2.000165
2.000157
2.000159
2.000148
2.000146
2.000132
2.000128
2.000112
2.000106
2.000090
2.000083
2.000066
2.000059
2.000043
2.000036
2.000021
2.000015
2.000001
1.999997
1.999985
1.999983
1.999972
1.999972
1.999963
1.999965
1.999958
1.999961
1.999956
1.999960
1.999957
1.999963
1.999961
1.999967
1.999966
1.999973
1.999973
1.999980
1.999980
1.999988
1.999987
1.999995
1.999995
2.000002
2.000001
2.000008
2.000007
2.000013
2.000011
2.000017
2.000015
2.000019
2.000017
2.000021
2.000017
2.000021
2.000017
2.000020
2.000016
2.000019
2.000014
2.000016
2.000012
2.000014
2.000009
2.000011
2.000007
2.000008
2.000004
2.000006
2.000002
2.000003
1.999999
2.000001
1.999998
2.000000
1.999996
1.999998
1.999995
1.999998
1.999995
1.999997
1.999994
1.999997
1.999995
1.999997
1.999995
1.999998
1.999995
1.999998
1.999996
1.999999
1.999997
2.000000
1.999998
2.000000
1.999998
2.000001
1.999999
2.000002
2.000000
2.000002
2.000000
2.000002
2.000001
2.000003
2.000001
2.000003
2.000001
2.000003
2.000001
2.000003
2.000001
2.000003
2.000001
2.000002
2.000000
2.000002
2.000000
2.000002
2.000000
2.000002
2.000000
2.000001
1.999999
2.000001
1.999999
2.000001
1.999999
2.000001
1.999999
2.000001
1.999999
2.000000
1.999999
2.000000
1.999999
2.000000
1.999999
2.000000
1.999999
2.000000
1.999999
2.000000
1.999999
2.000000
1.999999
2.000001
1.999999
2.000001
1.999999
2.000001
1.999999
2.000001
1.999999
2.000001
2.000000
2.000001
2.000000
2.000001
2.000000
2.000001
2.000000
2.000001
2.000000
2.000001
2.000000
2.000001
2.000000
2.000001
2.000000
2.000001
2.000000
2.000001
2.000000
2.000001
2.000000
2.000000
2.000000
2.000000
2.000000
2.000000
2.000000
2.000000
2.000000
2.000000
2.000000
2.000000
2.000000
2.000000
2.000000
2.000000
2.000000
2.000000
2.000000
2.000000
2.000000
2.000000
2.000000
2.000000
2.000000
2.000000
2.000000
2.000000
2.000000
2.000000
2.000000
2.000000
2.000000
2.000000
2.000000
2.000000
2.000000
2.000000
2.000000
2.000000
2.000000
2.000000
2.000000
2.000000
2.000000
2.000000
2.000000
2.000000
2.000000
2.000000
2.000000
2.000000
2.000000
2.000000
2.000000
2.000000
2.000000
2.000000
2.000000
2.000000
2.000000
2.000000
2.000000
2.000000
2.000000
2.000000
2.000000
2.000000
2.000000
2.000000
2.000000
2.000000
2.000000
2.000000
2.000000
2.000000
2.000000
2.000000
2.000000
2.000000
2.000000
2.000000
2.000000
2.000000
2.000000
2.000000
2.000000
2.000000
2.000000
2.000000
2.000000
2.000000
2.000000
2.000000
2.000000
2.000000
2.000000
2.000000
2.000000
2.000000
2.000000
2.000000
2.000000
2.000000
2.000000
2.000000
2.000000
2.000000
2.000000
2.000000
2.000000
2.000000
2.000000
2.000000
2.000000
2.000000
2.000000
2.000000
2.000000
2.000000
2.000000
2.000000
2.000000
2.000000
2.000000
2.000000
2.000000
2.000000
2.000000
2.000000
2.000000
2.000000
2.000000
2.000000
2.000000
2.000000
2.000000
2.000000
2.000000
2.000000
2.000000
2.000000
2.000000
2.000000
2.000000
2.000000
2.000000
2.000000
2.000000
2.000000
2.000000
2.000000
2.000000
2.000000
2.000000
2.000000
2.000000
2.000000
2.000000
2.000000
2.000000
2.000000
2.000000
2.000000
2.000000
2.000000
2.000000
2.000000
2.000000
2.000000
2.000000
2.000000
2.000000
2.000000
2.000000
2.000000
2.000000
2.000000
2.000000
2.000000
2.000000
2.000000
2.000000
2.000000
2.000000
2.000000
2.000000
2.000000
2.000000
2.000000
2.000000
2.000000
2.000000
2.000000
2.000000
2.000000
2.000000
2.000000
2.000000
2.000000
2.000000
2.000000
2.000000
2.000000
2.000000
2.000000
2.000000
2.000000
2.000000
2.000000
2.000000
2.000000
2.000000
2.000000
2.000000
2.000000
2.000000
2.000000
2.000000
2.000000
2.000000
2.000000
2.000000
2.000000
2.000000
2.000000
2.000000
2.000000
2.000000
2.000000
2.000000
2.000000
2.000000
2.000000
2.000000
2.000000
2.000000
2.000000
2.000000
2.000000
2.000000
2.000000
2.000000
2.000000
2.000000
2.000000
2.000000
2.000000
2.000000
2.000000
2.000000
2.000000
2.000000
2.000000
2.000000
2.000000
2.000000
2.000000
2.000000
1.999999
1.999999
1.999999
1.999999
1.999999
1.999999
1.999999
1.999998
1.999998
1.999998
1.999998
1.999998
1.999998
