2.198298
2.109519
2.056550
2.056550
2.109519
2.198298
2.313167
2.439021
2.568522
2.689111
2.796107
2.879673
2.937901
2.963753
2.958133
2.916798
2.843404
2.736375
2.601918
2.440838
2.261514
2.066647
1.866171
1.663914
1.470390
1.289313
1.130196
0.994653
0.888851
0.809888
0.758802
0.728013
0.715434
0.712534
0.717988
0.725158
0.734684
0.741857
0.748596
0.751280
0.752293
0.748530
0.742487
0.731559
0.718626
0.702277
0.686835
0.673661
0.670323
0.682691
0.721918
0.795751
0.912320
1.072512
1.275470
1.514450
1.783161
2.071729
2.372304
2.674590
2.971049
3.252237
3.511851
3.741989
3.938122
4.094309
4.208125
4.275835
4.297281
4.271025
4.199199
4.082614
3.925571
3.730947
3.504970
3.252270
2.980626
2.695993
2.407196
2.120925
1.846358
1.590071
1.360501
1.162661
1.002258
0.880159
0.796355
0.745243
0.720980
0.714799
0.720589
0.731800
0.745201
0.757303
0.767209
0.773458
0.776555
0.776449
0.774827
0.773179
0.774789
0.783210
0.803644
0.841379
0.902091
0.990007
1.107732
1.255259
1.430573
1.629686
1.847548
2.078193
2.315457
2.552963
2.784655
3.004672
3.207774
3.389152
3.544802
3.671290
3.766085
3.827298
3.853980
3.845836
3.803491
3.728188
3.622021
3.487619
3.328351
3.147991
2.950907
2.741703
2.525385
2.306985
2.091694
1.884456
1.690054
1.512649
1.355794
1.221938
1.112398
1.026984
0.964179
0.921221
0.894654
0.880799
0.876245
0.878211
0.884618
0.894277
0.906664
0.922108
0.941408
0.966071
0.997799
1.038719
1.090715
1.155661
1.234678
1.328475
1.436712
1.558535
1.692098
1.835237
1.985053
2.138635
2.292618
2.443896
2.589146
2.725501
2.850044
2.960452
3.054461
3.130488
3.187066
3.223453
3.239047
3.233970
3.208477
3.163519
3.100135
3.020009
2.924844
2.816910
2.698406
2.572000
2.440177
2.305777
2.171328
2.039577
1.912817
1.793413
1.683127
1.583657
1.495974
1.420902
1.358505
1.308735
1.270892
1.244335
1.227985
1.221053
1.222513
1.231787
1.248159
1.271393
1.301089
1.337264
1.379673
1.428378
1.483071
1.543649
1.609563
1.680412
1.755329
1.833591
1.914037
1.995692
2.077199
2.157456
2.235046
2.308879
2.377617
2.440309
2.495816
2.543431
2.582301
2.612036
2.632123
2.642526
2.643093
2.634148
2.615891
2.588978
2.553922
2.511663
2.462961
2.408966
2.350605
2.289149
2.225595
2.161233
2.097031
2.034198
1.973574
1.916194
1.862692
1.813862
1.770078
1.731867
1.699335
1.672752
1.651991
1.637116
1.627829
1.624052
1.625382
1.631663
1.642439
1.657511
1.676397
1.698872
1.724433
1.752829
1.783531
1.816257
1.850449
1.885792
1.921706
1.957855
1.993650
2.028754
2.062592
2.094855
2.125010
2.152802
2.177769
2.199739
2.218344
2.233515
2.244996
2.252832
2.256886
2.257323
2.254123
2.247563
2.237731
2.224999
2.209543
2.191809
2.172035
2.150715
2.128119
2.104757
2.080903
2.057053
2.033455
2.010565
1.988583
1.967903
1.948660
1.931174
1.915506
1.901895
1.890328
1.880967
1.873728
1.868705
1.865753
1.864909
1.865979
1.868953
1.873601
1.879880
1.887532
1.896492
1.906485
1.917431
1.929050
1.941253
1.953761
1.966488
1.979163
1.991710
2.003873
2.015593
2.026638
2.036971
2.046388
2.054883
2.062285
2.068620
2.073753
2.077746
2.080501
2.082113
2.082521
2.081851
2.080074
2.077344
2.073658
2.069192
2.063962
2.058157
2.051807
2.045106
2.038090
2.030950
2.023718
2.016579
2.009554
2.002813
1.996364
1.990358
1.984786
1.979775
1.975298
1.971460
1.968213
1.965641
1.963677
1.962384
1.961678
1.961605
1.962067
1.963095
1.964581
1.966544
1.968870
1.971568
1.974522
1.977738
1.981097
1.984605
1.988147
1.991729
1.995242
1.998697
2.001992
2.005145
2.008063
2.010771
2.013186
2.015345
2.017174
2.018718
2.019915
2.020819
2.021378
2.021655
2.021607
2.021302
2.020708
2.019896
2.018839
2.017615
2.016201
2.014673
2.013012
2.011296
2.009504
2.007712
2.005900
2.004139
2.002407
2.000770
1.999203
1.997767
1.996432
1.995253
1.994197
1.993312
1.992562
1.991988
1.991548
1.991282
1.991144
1.991166
1.991301
1.991579
1.991949
1.992438
1.992996
1.993647
1.994340
1.995099
1.995873
1.996685
1.997488
1.998304
1.999087
1.999861
2.000583
2.001277
2.001904
2.002489
2.002996
2.003452
2.003823
2.004139
2.004369
2.004544
2.004635
2.004674
2.004636
2.004554
2.004402
2.004216
2.003972
2.003704
2.003391
2.003066
2.002708
2.002350
2.001972
2.001604
2.001227
2.000872
2.000517
2.000192
1.999875
1.999594
1.999328
1.999102
1.998894
1.998729
1.998583
1.998480
1.998397
1.998355
1.998330
1.998343
1.998372
1.998433
1.998505
1.998606
1.998712
1.998841
1.998971
1.999118
1.999261
1.999416
1.999562
1.999715
1.999856
1.999999
2.000126
2.000253
2.000361
2.000466
2.000552
2.000632
2.000692
2.000747
2.000782
2.000811
2.000821
2.000826
2.000814
2.000798
2.000767
2.000734
2.000687
2.000640
2.000582
2.000527
2.000463
2.000403
2.000336
2.000275
2.000210
2.000152
2.000091
2.000039
1.999986
1.999942
1.999897
1.999863
1.999828
1.999803
1.999779
1.999765
1.999751
1.999747
1.999742
1.999747
1.999750
1.999762
1.999773
1.999790
1.999806
1.999828
1.999846
1.999871
1.999891
1.999916
1.999937
1.999961
1.999981
2.000004
2.000021
2.000041
2.000055
2.000072
2.000082
2.000095
2.000102
2.000111
2.000114
2.000119
2.000119
2.000120
2.000116
2.000115
2.000109
2.000105
2.000097
2.000091
2.000082
2.000075
2.000064
2.000057
2.000047
2.000039
2.000029
2.000022
2.000013
2.000007
1.999999
1.999994
1.999987
1.999983
1.999978
1.999975
1.999972
1.999971
1.999968
1.999968
1.999967
1.999969
1.999968
1.999971
1.999971
1.999974
1.999976
1.999979
1.999981
1.999985
1.999987
1.999990
1.999992
1.999996
1.999998
2.000001
2.000003
2.000006
2.000007
2.000009
2.000010
2.000012
2.000012
2.000014
2.000013
2.000014
2.000014
2.000014
2.000013
2.000014
2.000012
2.000012
2.000011
2.000011
2.000009
2.000009
2.000007
2.000007
2.000005
2.000005
2.000003
2.000003
2.000001
2.000001
2.000000
2.000000
1.999999
1.999998
1.999998
1.999998
1.999997
1.999997
1.999997
1.999997
1.999996
1.999997
1.999997
1.999997
1.999997
1.999998
1.999997
1.999998
1.999998
1.999999
1.999999
1.999999
1.999999
2.000000
2.000000
2.000000
2.000000
2.000001
2.000001
2.000001
2.000001
2.000001
2.000001
2.000001
2.000001
2.000001
2.000001
2.000001
2.000001
2.000001
2.000001
2.000001
2.000001
2.000001
2.000001
2.000001
2.000001
2.000001
2.000000
2.000001
2.000000
2.000000
2.000000
2.000000
2.000000
2.000000
2.000000
2.000000
2.000000
2.000000
2.000000
2.000000
2.000000
2.000000
2.000000
2.000000
2.000000
2.000000
2.000000
2.000000
2.000000
2.000000
2.000000
2.000000
2.000000
2.000000
2.000000
2.000000
2.000000
2.000000
2.000000
2.000000
2.000000
2.000000
2.000000
2.000000
2.000000
2.000000
2.000000
2.000000
2.000000
2.000000
2.000000
2.000000
2.000000
2.000000
2.000000
2.000000
2.000000
2.000000
2.000000
2.000000
2.000000
2.000000
2.000000
2.000000
2.000000
2.000000
2.000000
2.000000
2.000000
2.000000
2.000000
2.000000
2.000000
2.000000
2.000000
2.000000
2.000000
2.000000
2.000000
2.000000
2.000000
2.000000
2.000000
2.000000
2.000000
2.000000
2.000000
2.000000
2.000000
2.000000
2.000000
2.000000
2.000000
2.000000
2.000000
2.000000
2.000000
2.000000
2.000000
2.000000
2.000000
2.000000
2.000000
2.000000
2.000000
2.000000
2.000000
2.000000
2.000000
2.000000
2.000000
2.000000
2.000000
2.000000
2.000000
2.000000
2.000000
2.000000
2.000000
2.000000
2.000000
2.000000
2.000000
2.000000
2.000000
2.000000
2.000000
2.000000
2.000000
2.000000
2.000000
2.000000
2.000000
2.000000
2.000000
2.000000
2.000000
2.000000
2.000000
2.000000
2.000000
2.000000
2.000000
2.000000
2.000000
2.000000
2.000000
2.000000
2.000000
2.000000
2.000000
2.000000
2.000000
2.000000
2.000000
2.000000
2.000000
2.000000
2.000000
2.000000
2.000000
2.000000
2.000000
2.000000
2.000000
2.000000
2.000000
2.000000
2.000000
2.000000
2.000000
2.000000
2.000000
2.000000
2.000000
2.000000
2.000000
2.000000
2.000000
2.000000
2.000000
2.000000
2.000000
2.000000
2.000000
2.000000
2.000000
2.000000
2.000000
2.000000
2.000000
2.000000
2.000000
2.000000
2.000000
2.000000
2.000000
2.000000
2.000000
2.000000
2.000000
2.000000
2.000000
2.000000
2.000000
2.000000
2.000000
2.000000
2.000000
2.000000
2.000000
2.000000
2.000000
2.000000
2.000000
2.000000
2.000000
2.000000
2.000000
2.000000
2.000000
2.000000
2.000000
2.000000
2.000000
2.000000
2.000000
2.000000
2.000000
2.000000
2.000000
2.000000
2.000000
2.000000
2.000000
2.000000
2.000000
2.000000
2.000000
2.000000
2.000000
2.000000
2.000000
2.000000
2.000000
2.000000
2.000000
2.000000
2.000000
2.000000
2.000000
2.000000
2.000000
2.000000
2.000000
2.000000
2.000000
2.000000
2.000000
2.000000
2.000000
2.000000
2.000000
2.000000
2.000000
2.000000
2.000000
2.000000
2.000000
2.000000
2.000000
2.000000
2.000000
2.000000
2.000000
2.000000
2.000000
2.000000
2.000000
2.000000
2.000000
2.000000
2.000000
2.000000
2.000000
2.000000
2.000000
2.000000
2.000000
2.000000
2.000000
2.000000
2.000000
2.000000
2.000000
2.000000
2.000000
2.000000
2.000000
2.000000
2.000000
2.000000
2.000000
2.000000
2.000000
2.000000
2.000000
2.000000
2.000000
2.000000
2.000000
2.000000
2.000000
2.000000
2.000000
2.000000
2.000000
2.000000
2.000000
2.000000
2.000000
2.000000
2.000000
2.000000
2.000000
2.000000
2.000000
2.000000
2.000000
2.000000
2.000000
2.000000
2.000000
2.000000
2.000000
2.000000
