2.182823
2.100790
2.052048
2.052048
2.100790
2.182823
2.288278
2.403544
2.520905
2.629093
2.722889
2.793615
2.838731
2.852287
2.834504
2.782192
2.698298
2.582285
2.439647
2.272229
2.087703
1.889820
1.687824
1.486593
1.295943
1.120568
0.969133
0.843900
0.749666
0.683428
0.644248
0.624217
0.619844
0.623118
0.632289
0.641729
0.651975
0.659236
0.665271
0.667109
0.666853
0.661784
0.654035
0.641182
0.625735
0.606390
0.587315
0.570299
0.563587
0.574583
0.616343
0.698229
0.828488
1.006759
1.230555
1.491630
1.782680
2.093033
2.414413
2.736119
3.050455
3.347746
3.621647
3.864099
4.070587
4.235051
4.355106
4.426918
4.450387
4.423990
4.349927
4.228938
4.065408
3.862154
3.625504
3.360056
3.073721
2.772464
2.465308
2.159048
1.863205
1.584672
1.332552
1.112623
0.931837
0.792364
0.695598
0.636425
0.608608
0.601938
0.609022
0.622064
0.637279
0.650621
0.661128
0.667057
0.669001
0.666718
0.662100
0.656649
0.654193
0.658840
0.677013
0.715175
0.780349
0.877264
1.008498
1.173133
1.368254
1.588718
1.828748
2.081551
2.340574
2.598902
2.850313
3.088576
3.308408
3.504724
3.673546
3.811212
3.915261
3.983604
4.015387
4.010136
3.968593
3.891836
3.782094
3.641849
3.474624
3.284073
3.074747
2.851168
2.618578
2.381998
2.146949
1.918495
1.701921
1.501732
1.322256
1.166573
1.037015
0.934092
0.857063
0.803251
0.769114
0.750224
0.742530
0.742351
0.747113
0.755073
0.765608
0.778914
0.796086
0.818890
0.849641
0.890968
0.945440
1.015318
1.102087
1.206407
1.327834
1.465083
1.615939
1.777681
1.947018
2.120522
2.294522
2.465492
2.629893
2.784527
2.926342
3.052750
3.161407
3.250515
3.318570
3.364648
3.388142
3.389024
3.367565
3.324590
3.261181
3.178921
3.079583
2.965365
2.838571
2.701839
2.557809
2.409348
2.259210
2.110256
1.965101
1.826334
1.696158
1.576606
1.469186
1.375114
1.294982
1.229056
1.177003
1.138281
1.111937
1.097060
1.092585
1.097730
1.111715
1.134141
1.164610
1.203042
1.249240
1.303192
1.364620
1.433312
1.508687
1.590176
1.676813
1.767653
1.861396
1.956820
2.052416
2.146836
2.238522
2.326153
2.408273
2.483725
2.551277
2.610046
2.659111
2.697933
2.725956
2.743024
2.748968
2.744015
2.728373
2.702632
2.667339
2.623394
2.571624
2.513172
2.449066
2.380605
2.308927
2.235393
2.161149
2.087518
2.015558
1.946454
1.881083
1.820411
1.765063
1.715731
1.672753
1.636527
1.607112
1.584645
1.568947
1.559954
1.557320
1.560846
1.570086
1.584762
1.604365
1.628570
1.656827
1.688769
1.723811
1.761546
1.801350
1.842784
1.885196
1.928127
1.970914
2.013101
2.054045
2.093322
2.130339
2.164738
2.196005
2.223876
2.247945
2.268063
2.283951
2.295591
2.302835
2.305801
2.304475
2.299103
2.289795
2.276909
2.260660
2.241497
2.219713
2.195821
2.170159
2.143272
2.115515
2.087430
2.059355
2.031801
2.005059
1.979583
1.955598
1.933478
1.913366
1.895549
1.880082
1.867161
1.856755
1.848976
1.843712
1.841003
1.840671
1.842693
1.846841
1.853044
1.861035
1.870711
1.881779
1.894115
1.907412
1.921537
1.936179
1.951206
1.966314
1.981382
1.996122
2.010431
2.024049
2.036899
2.048753
2.059568
2.069154
2.077509
2.084481
2.090111
2.094291
2.097102
2.098478
2.098538
2.097256
2.094784
2.091128
2.086469
2.080837
2.074432
2.067301
2.059656
2.051550
2.043198
2.034652
2.026120
2.017646
2.009423
2.001480
1.993991
1.986965
1.980553
1.974740
1.969652
1.965250
1.961634
1.958741
1.956648
1.955270
1.954660
1.954718
1.955476
1.956820
1.958768
1.961194
1.964107
1.967374
1.970998
1.974844
1.978913
1.983071
1.987320
1.991532
1.995714
1.999745
2.003639
2.007285
2.010707
2.013806
2.016616
2.019050
2.021154
2.022853
2.024204
2.025145
2.025742
2.025945
2.025829
2.025353
2.024601
2.023538
2.022253
2.020717
2.019022
2.017143
2.015173
2.013086
2.010976
2.008815
2.006694
2.004584
2.002568
2.000616
1.998805
1.997100
1.995570
1.994176
1.992981
1.991939
1.991107
1.990434
1.989972
1.989663
1.989554
1.989584
1.989796
1.990125
1.990610
1.991186
1.991887
1.992649
1.993505
1.994389
1.995335
1.996279
1.997252
1.998196
1.999141
2.000031
2.000900
2.001692
2.002444
2.003105
2.003714
2.004221
2.004667
2.005009
2.005287
2.005462
2.005576
2.005591
2.005554
2.005426
2.005256
2.005008
2.004729
2.004387
2.004028
2.003620
2.003209
2.002765
2.002331
2.001877
2.001447
2.001009
2.000606
2.000205
1.999848
1.999501
1.999203
1.998922
1.998694
1.998485
1.998331
1.998196
1.998115
1.998052
1.998040
1.998044
1.998093
1.998153
1.998254
1.998360
1.998501
1.998641
1.998809
1.998970
1.999153
1.999324
1.999509
1.999678
1.999856
2.000013
2.000175
2.000312
2.000452
2.000564
2.000676
2.000759
2.000841
2.000894
2.000945
2.000968
2.000990
2.000985
2.000980
2.000951
2.000923
2.000873
2.000827
2.000762
2.000703
2.000627
2.000560
2.000480
2.000410
2.000328
2.000260
2.000182
2.000119
2.000048
1.999993
1.999932
1.999887
1.999837
1.999804
1.999767
1.999746
1.999721
1.999712
1.999699
1.999701
1.999698
1.999710
1.999716
1.999735
1.999749
1.999774
1.999793
1.999822
1.999844
1.999875
1.999898
1.999929
1.999951
1.999981
2.000001
2.000028
2.000046
2.000069
2.000082
2.000101
2.000110
2.000125
2.000129
2.000139
2.000139
2.000145
2.000141
2.000143
2.000135
2.000134
2.000124
2.000120
2.000107
2.000101
2.000088
2.000081
2.000067
2.000060
2.000046
2.000039
2.000026
2.000019
2.000008
2.000002
1.999992
1.999988
1.999979
1.999977
1.999970
1.999969
1.999964
1.999965
1.999961
1.999963
1.999961
1.999965
1.999963
1.999968
1.999968
1.999973
1.999973
1.999979
1.999980
1.999985
1.999987
1.999992
1.999993
1.999999
1.999999
2.000004
2.000005
2.000009
2.000009
2.000013
2.000012
2.000016
2.000015
2.000017
2.000016
2.000018
2.000016
2.000018
2.000015
2.000016
2.000014
2.000015
2.000012
2.000013
2.000010
2.000010
2.000007
2.000008
2.000005
2.000005
2.000003
2.000003
2.000000
2.000001
1.999999
1.999999
1.999997
1.999998
1.999996
1.999997
1.999996
1.999997
1.999995
1.999997
1.999995
1.999997
1.999996
1.999997
1.999996
1.999998
1.999997
1.999998
1.999997
1.999999
1.999998
2.000000
1.999999
2.000000
2.000000
2.000001
2.000000
2.000001
2.000000
2.000002
2.000001
2.000002
2.000001
2.000002
2.000001
2.000002
2.000001
2.000002
2.000001
2.000002
2.000001
2.000002
2.000001
2.000002
2.000001
2.000001
2.000000
2.000001
2.000000
2.000001
2.000000
2.000001
2.000000
2.000000
2.000000
2.000000
2.000000
2.000000
1.999999
2.000000
1.999999
2.000000
1.999999
2.000000
1.999999
2.000000
1.999999
2.000000
1.999999
2.000000
2.000000
2.000000
2.000000
2.000000
2.000000
2.000000
2.000000
2.000000
2.000000
2.000000
2.000000
2.000000
2.000000
2.000000
2.000000
2.000000
2.000000
2.000000
2.000000
2.000000
2.000000
2.000000
2.000000
2.000000
2.000000
2.000000
2.000000
2.000000
2.000000
2.000000
2.000000
2.000000
2.000000
2.000000
2.000000
2.000000
2.000000
2.000000
2.000000
2.000000
2.000000
2.000000
2.000000
2.000000
2.000000
2.000000
2.000000
2.000000
2.000000
2.000000
2.000000
2.000000
2.000000
2.000000
2.000000
2.000000
2.000000
2.000000
2.000000
2.000000
2.000000
2.000000
2.000000
2.000000
2.000000
2.000000
2.000000
2.000000
2.000000
2.000000
2.000000
2.000000
2.000000
2.000000
2.000000
2.000000
2.000000
2.000000
2.000000
2.000000
2.000000
2.000000
2.000000
2.000000
2.000000
2.000000
2.000000
2.000000
2.000000
2.000000
2.000000
2.000000
2.000000
2.000000
2.000000
2.000000
2.000000
2.000000
2.000000
2.000000
2.000000
2.000000
2.000000
2.000000
2.000000
2.000000
2.000000
2.000000
2.000000
2.000000
2.000000
2.000000
2.000000
2.000000
2.000000
2.000000
2.000000
2.000000
2.000000
2.000000
2.000000
2.000000
2.000000
2.000000
2.000000
2.000000
2.000000
2.000000
2.000000
2.000000
2.000000
2.000000
2.000000
2.000000
2.000000
2.000000
2.000000
2.000000
2.000000
2.000000
2.000000
2.000000
2.000000
2.000000
2.000000
2.000000
2.000000
2.000000
2.000000
2.000000
2.000000
2.000000
2.000000
2.000000
2.000000
2.000000
2.000000
2.000000
2.000000
2.000000
2.000000
2.000000
2.000000
2.000000
2.000000
2.000000
2.000000
2.000000
2.000000
2.000000
2.000000
2.000000
2.000000
2.000000
2.000000
2.000000
2.000000
2.000000
2.000000
2.000000
2.000000
2.000000
2.000000
2.000000
2.000000
2.000000
2.000000
2.000000
2.000000
2.000000
2.000000
2.000000
2.000000
2.000000
2.000000
2.000000
2.000000
2.000000
2.000000
2.000000
2.000000
2.000000
2.000000
2.000000
2.000000
2.000000
2.000000
2.000000
2.000000
2.000000
2.000000
2.000000
2.000000
2.000000
2.000000
2.000000
2.000000
2.000000
2.000000
2.000000
2.000000
2.000000
2.000000
2.000000
2.000000
2.000000
2.000000
2.000000
2.000000
2.000000
2.000000
2.000000
2.000000
2.000000
2.000000
2.000000
2.000000
2.000000
2.000000
2.000000
2.000000
2.000000
2.000000
2.000000
2.000000
2.000000
2.000000
2.000000
2.000000
2.000000
2.000000
2.000000
2.000000
2.000000
2.000000
2.000000
2.000000
2.000000
2.000000
2.000000
2.000000
2.000000
2.000000
2.000000
2.000000
2.000000
2.000000
2.000000
2.000000
2.000000
2.000000
2.000000
2.000000
2.000000
2.000000
2.000000
2.000000
2.000000
2.000000
2.000000
2.000000
2.000000
2.000000
2.000000
2.000000
2.000000
2.000000
2.000000
2.000000
2.000000
2.000000
2.000000
2.000000
2.000000
2.000000
2.000000
2.000000
2.000000
2.000000
2.000000
2.000000
2.000000
2.000000
2.000000
2.000000
2.000000
