2.165516
2.090200
2.045620
2.045620
2.090200
2.165516
2.261573
2.366178
2.471288
2.566878
2.647245
2.704840
2.736548
2.737479
2.707233
2.643644
2.549019
2.423834
2.272939
2.099200
1.909661
1.709116
1.506205
1.306867
1.120311
0.952223
0.810464
0.697833
0.617539
0.566059
0.540096
0.531242
0.534735
0.543368
0.555214
0.565895
0.575920
0.582551
0.587349
0.588084
0.586492
0.580328
0.571237
0.557059
0.539764
0.518202
0.496158
0.475864
0.466082
0.476017
0.520847
0.611688
0.756204
0.952369
1.195873
1.477251
1.788312
2.117907
2.457378
2.795857
3.125460
3.436456
3.722389
3.975197
4.190284
4.361608
4.486721
4.561821
4.586753
4.560034
4.483820
4.358893
4.189603
3.978822
3.732851
3.456355
3.157243
2.841572
2.518404
2.194691
1.880088
1.581796
1.309293
1.069037
0.868909
0.712447
0.602546
0.535174
0.503874
0.497008
0.505576
0.520545
0.537496
0.551998
0.563001
0.568617
0.569453
0.565139
0.557638
0.548467
0.541885
0.542638
0.558466
0.597323
0.667666
0.774592
0.920171
1.102271
1.316867
1.557735
1.818425
2.091506
2.370117
2.646968
2.915720
3.169895
3.404186
3.613326
3.793360
3.940477
4.052265
4.126509
4.162418
4.159405
4.118285
4.040035
3.926969
3.781475
3.607177
3.407648
3.187556
2.951370
2.704480
2.451897
2.199355
1.951996
1.715443
1.494449
1.293918
1.117468
0.968333
0.847822
0.756130
0.690993
0.648964
0.624974
0.614220
0.612019
0.615141
0.621216
0.629430
0.639853
0.653863
0.673591
0.702066
0.742617
0.798625
0.872854
0.967111
1.081929
1.216595
1.369284
1.537301
1.717340
1.905693
2.098458
2.291671
2.481452
2.664076
2.836081
2.994298
3.135937
3.258589
3.360289
3.439503
3.495169
3.526669
3.533858
3.517015
3.476863
3.414509
3.331446
3.229489
3.110765
2.977640
2.832704
2.678689
2.518451
2.354880
2.190882
2.029281
1.872796
1.723940
1.584994
1.457897
1.344230
1.245105
1.161186
1.092618
1.039129
1.000038
0.974466
0.961393
0.959902
0.969174
0.988674
1.018004
1.057013
1.105548
1.163542
1.230736
1.306807
1.391118
1.482911
1.581094
1.684483
1.791613
1.901007
2.010994
2.119977
2.226254
2.328285
2.424492
2.513527
2.594066
2.665059
2.725518
2.774761
2.812190
2.837525
2.850574
2.851463
2.840394
2.817876
2.784469
2.741012
2.688370
2.627646
2.559931
2.486515
2.408627
2.327652
2.244868
2.161661
2.079259
1.998956
1.921843
1.849033
1.781401
1.719809
1.664859
1.617123
1.576903
1.544478
1.519868
1.503091
1.493933
1.492214
1.497550
1.509622
1.527931
1.552064
1.581442
1.615582
1.653843
1.695686
1.740418
1.787459
1.836081
1.885682
1.935524
1.985011
2.033431
2.080226
2.124741
2.166495
2.204923
2.239651
2.270232
2.296421
2.317911
2.334600
2.346328
2.353144
2.355034
2.352191
2.344739
2.332999
2.317215
2.297817
2.275140
2.249693
2.221877
2.192247
2.161233
2.129405
2.097190
2.065136
2.033638
2.003195
1.974137
1.946891
1.921706
1.898917
1.878679
1.861228
1.846618
1.834989
1.826299
1.820596
1.817752
1.817738
1.820355
1.825507
1.832941
1.842515
1.853936
1.867028
1.881475
1.897085
1.913530
1.930616
1.948019
1.965552
1.982907
1.999919
2.016305
2.031931
2.046548
2.060060
2.072262
2.083102
2.092422
2.100216
2.106374
2.110941
2.113855
2.115204
2.114972
2.113291
2.110179
2.105805
2.100220
2.093616
2.086067
2.077784
2.068851
2.059486
2.049777
2.039938
2.030052
2.020320
2.010811
2.001710
1.993062
1.985028
1.977630
1.971000
1.965133
1.960133
1.955965
1.952707
1.950296
1.948783
1.948083
1.948224
1.949100
1.950721
1.952966
1.955830
1.959184
1.963012
1.967179
1.971668
1.976340
1.981179
1.986051
1.990943
1.995729
2.000403
2.004849
2.009073
2.012969
2.016556
2.019743
2.022560
2.024929
2.026897
2.028400
2.029494
2.030129
2.030374
2.030190
2.029656
2.028742
2.027533
2.026008
2.024257
2.022262
2.020118
2.017807
2.015425
2.012953
2.010486
2.008002
2.005591
2.003229
2.000999
1.998872
1.996924
1.995120
1.993529
1.992110
1.990924
1.989923
1.989161
1.988585
1.988243
1.988075
1.988124
1.988327
1.988722
1.989241
1.989921
1.990693
1.991588
1.992540
1.993579
1.994638
1.995747
1.996841
1.997952
1.999016
2.000068
2.001046
2.001987
2.002834
2.003625
2.004308
2.004923
2.005421
2.005846
2.006151
2.006384
2.006500
2.006549
2.006491
2.006375
2.006162
2.005906
2.005568
2.005201
2.004768
2.004323
2.003830
2.003341
2.002819
2.002317
2.001797
2.001311
2.000821
2.000375
1.999936
1.999550
1.999179
1.998868
1.998576
1.998347
1.998140
1.997995
1.997873
1.997811
1.997769
1.997784
1.997814
1.997895
1.997985
1.998120
1.998257
1.998432
1.998603
1.998804
1.998993
1.999206
1.999401
1.999612
1.999800
1.999999
2.000170
2.000348
2.000494
2.000643
2.000758
2.000874
2.000956
2.001037
2.001084
2.001131
2.001144
2.001158
2.001141
2.001126
2.001082
2.001042
2.000977
2.000919
2.000838
2.000767
2.000676
2.000599
2.000504
2.000424
2.000330
2.000254
2.000166
2.000097
2.000017
1.999959
1.999891
1.999845
1.999791
1.999759
1.999719
1.999701
1.999675
1.999670
1.999657
1.999664
1.999663
1.999680
1.999688
1.999714
1.999730
1.999762
1.999783
1.999818
1.999842
1.999879
1.999904
1.999941
1.999964
1.999999
2.000019
2.000051
2.000067
2.000094
2.000107
2.000128
2.000136
2.000152
2.000154
2.000166
2.000163
2.000169
2.000162
2.000165
2.000154
2.000153
2.000139
2.000135
2.000119
2.000113
2.000096
2.000090
2.000072
2.000065
2.000048
2.000041
2.000025
2.000020
2.000005
2.000001
1.999987
1.999985
1.999974
1.999973
1.999964
1.999965
1.999958
1.999961
1.999955
1.999960
1.999956
1.999962
1.999959
1.999966
1.999964
1.999972
1.999971
1.999979
1.999978
1.999986
1.999986
1.999994
1.999993
2.000001
2.000000
2.000007
2.000006
2.000013
2.000011
2.000017
2.000014
2.000020
2.000017
2.000021
2.000018
2.000022
2.000018
2.000021
2.000017
2.000019
2.000015
2.000017
2.000013
2.000015
2.000010
2.000012
2.000007
2.000009
2.000005
2.000007
2.000002
2.000004
2.000000
2.000002
1.999998
2.000000
1.999996
1.999999
1.999995
1.999998
1.999994
1.999997
1.999994
1.999997
1.999994
1.999997
1.999995
1.999998
1.999995
1.999998
1.999996
1.999999
1.999997
2.000000
1.999997
2.000000
1.999998
2.000001
1.999999
2.000002
1.999999
2.000002
2.000000
2.000003
2.000000
2.000003
2.000001
2.000003
2.000001
2.000003
2.000001
2.000003
2.000001
2.000003
2.000001
2.000003
2.000000
2.000002
2.000000
2.000002
2.000000
2.000002
2.000000
2.000001
1.999999
2.000001
1.999999
2.000001
1.999999
2.000001
1.999999
2.000001
1.999999
2.000001
1.999999
2.000001
1.999999
2.000000
1.999999
2.000000
1.999999
2.000001
1.999999
2.000001
1.999999
2.000001
1.999999
2.000001
1.999999
2.000001
1.999999
2.000001
1.999999
2.000001
1.999999
2.000001
1.999999
2.000001
1.999999
2.000001
1.999999
2.000001
1.999999
2.000001
2.000000
2.000001
2.000000
2.000001
2.000000
2.000001
2.000000
2.000001
1.999999
2.000001
1.999999
2.000001
1.999999
2.000001
1.999999
2.000001
1.999999
2.000001
1.999999
2.000001
1.999999
2.000000
1.999999
2.000000
1.999999
2.000000
1.999999
2.000000
2.000000
2.000000
2.000000
2.000000
2.000000
2.000000
2.000000
2.000000
2.000000
2.000000
2.000000
2.000000
2.000000
2.000000
2.000000
2.000000
2.000000
2.000000
2.000000
2.000000
2.000000
2.000000
2.000000
2.000000
2.000000
2.000000
2.000000
2.000000
2.000000
2.000000
2.000000
2.000000
2.000000
2.000000
2.000000
2.000000
2.000000
2.000000
2.000000
2.000000
2.000000
2.000000
2.000000
2.000000
2.000000
2.000000
2.000000
2.000000
2.000000
2.000000
2.000000
2.000000
2.000000
2.000000
2.000000
2.000000
2.000000
2.000000
2.000000
2.000000
2.000000
2.000000
2.000000
2.000000
2.000000
2.000000
2.000000
2.000000
2.000000
2.000000
2.000000
2.000000
2.000000
2.000000
2.000000
2.000000
2.000000
2.000000
2.000000
2.000000
2.000000
2.000000
2.000000
2.000000
2.000000
2.000000
2.000000
2.000000
2.000000
2.000000
2.000000
2.000000
2.000000
2.000000
2.000000
2.000000
2.000000
2.000000
2.000000
2.000000
2.000000
2.000000
2.000000
2.000000
2.000000
2.000000
2.000000
2.000000
2.000000
2.000000
2.000000
2.000000
2.000000
2.000000
2.000000
2.000000
2.000000
2.000000
2.000000
2.000000
2.000000
2.000000
2.000000
2.000000
2.000000
2.000000
2.000000
2.000000
2.000000
2.000000
2.000000
2.000000
2.000000
2.000000
2.000000
2.000000
2.000000
2.000000
2.000000
2.000000
2.000000
2.000000
2.000000
2.000000
2.000000
2.000000
2.000000
2.000000
2.000000
2.000000
2.000000
2.000000
2.000000
2.000000
2.000000
2.000000
2.000000
2.000000
2.000000
2.000000
2.000000
2.000000
2.000000
2.000000
2.000000
2.000000
2.000000
2.000000
2.000000
2.000000
2.000000
2.000000
2.000000
2.000000
2.000000
2.000000
2.000000
2.000000
2.000000
2.000000
2.000000
2.000000
2.000000
2.000000
2.000000
2.000000
2.000000
2.000000
2.000000
2.000000
2.000000
2.000000
2.000000
2.000000
2.000000
2.000000
2.000000
2.000000
2.000000
2.000000
2.000000
2.000000
2.000000
2.000000
2.000000
2.000000
2.000000
2.000000
2.000000
2.000000
2.000000
2.000000
2.000000
2.000000
2.000000
2.000000
2.000000
2.000000
2.000000
2.000000
2.000000
2.000000
2.000000
2.000000
2.000000
2.000000
2.000000
2.000000
2.000000
2.000000
2.000000
2.000000
2.000000
2.000000
2.000000
2.000000
2.000000
2.000000
2.000000
2.000000
2.000000
1.999999
1.999999
1.999999
1.999999
1.999999
1.999998
1.999998
1.999998
1.999998
1.999997
1.999997
1.999997
1.999997
1.999997
1.999997
