2.208880
2.113037
2.055661
2.055661
2.113037
2.208880
2.333616
2.470638
2.612989
2.746832
2.868030
2.965598
3.038263
3.077912
3.086130
3.057632
2.996772
2.900947
2.777055
2.624876
2.453460
2.264467
2.068476
1.868258
1.674957
1.491272
1.327436
1.184310
1.069170
0.979022
0.916604
0.874724
0.852794
0.842193
0.842194
0.845538
0.852937
0.859035
0.865730
0.868998
0.871257
0.869276
0.865644
0.857837
0.848788
0.837193
0.827110
0.819564
0.820933
0.835606
0.872363
0.937243
1.037412
1.174804
1.350019
1.558503
1.795303
2.052117
2.321704
2.594753
2.863878
3.120306
3.357659
3.568552
3.748266
3.891299
3.994971
4.055942
4.073760
4.047351
3.978523
3.868424
3.721001
3.539434
3.329553
3.096243
2.846812
2.587372
2.326141
2.069773
1.826560
1.602662
1.405103
1.237862
1.104605
1.004882
0.937113
0.895913
0.875991
0.870556
0.874715
0.883599
0.894491
0.904854
0.913760
0.920315
0.924759
0.927397
0.929458
0.932484
0.938900
0.951724
0.974669
1.011903
1.067474
1.144969
1.246543
1.372958
1.522944
1.693936
1.881791
2.081806
2.288414
2.496174
2.699327
2.892697
3.071141
3.230378
3.366376
3.476135
3.557018
3.607508
3.626497
3.614017
3.570496
3.497463
3.396781
3.271320
3.124170
2.959296
2.780714
2.593132
2.401093
2.209586
2.023152
1.846454
1.683333
1.537344
1.410768
1.305202
1.220646
1.156329
1.110064
1.079419
1.061234
1.052882
1.051625
1.055722
1.063530
1.074494
1.088110
1.104883
1.125238
1.150469
1.181604
1.220331
1.267796
1.325510
1.394125
1.474363
1.565862
1.668201
1.779851
1.899300
2.024090
2.151982
2.280020
2.405693
2.525991
2.638545
2.740655
2.830403
2.905662
2.965178
3.007555
3.032320
3.038886
3.027595
2.998666
2.953218
2.892206
2.817430
2.730449
2.633583
2.528815
2.418777
2.305644
2.192106
2.080259
1.972566
1.870750
1.776760
1.691680
1.616721
1.552174
1.498448
1.455091
1.421871
1.397856
1.382499
1.374745
1.374071
1.379575
1.390960
1.407597
1.429444
1.456107
1.487710
1.523964
1.565009
1.610501
1.660448
1.714328
1.771915
1.832440
1.895423
1.959856
2.025044
2.089816
2.153356
2.214434
2.272233
2.325582
2.373777
2.415814
2.451197
2.479173
2.499522
2.511793
2.516080
2.512253
2.500723
2.481668
2.455788
2.423530
2.385826
2.343326
2.297119
2.247972
2.197042
2.145115
2.093320
2.042370
1.993272
1.946586
1.903129
1.863250
1.827538
1.796117
1.769346
1.747144
1.729678
1.716708
1.708266
1.704011
1.703894
1.707524
1.714814
1.725353
1.739035
1.755443
1.774454
1.795641
1.818861
1.843668
1.869890
1.897061
1.924979
1.953158
1.981377
2.009142
2.036227
2.062151
2.086707
2.109451
2.130218
2.148624
2.164571
2.177756
2.188165
2.195588
2.200109
2.201617
2.200291
2.196119
2.189370
2.180118
2.168706
2.155277
2.140228
2.123744
2.106250
2.087953
2.069277
2.050423
2.031794
2.013559
1.996080
1.979478
1.964060
1.949892
1.937215
1.926035
1.916531
1.908651
1.902514
1.898019
1.895235
1.894019
1.894398
1.896199
1.899415
1.903850
1.909475
1.916077
1.923612
1.931858
1.940758
1.950091
1.959794
1.969647
1.979592
1.989415
1.999066
2.008346
2.017216
2.025498
2.033171
2.040080
2.046229
2.051490
2.055890
2.059334
2.061875
2.063446
2.064129
2.063886
2.062820
2.060919
2.058307
2.054992
2.051112
2.046690
2.041873
2.036690
2.031291
2.025708
2.020087
2.014455
2.008948
2.003586
1.998491
1.993672
1.989232
1.985167
1.981564
1.978401
1.975748
1.973569
1.971915
1.970736
1.970070
1.969854
1.970112
1.970771
1.971845
1.973255
1.975006
1.977015
1.979281
1.981720
1.984328
1.987022
1.989799
1.992577
1.995355
1.998057
2.000686
2.003172
2.005522
2.007676
2.009647
2.011382
2.012901
2.014162
2.015190
2.015951
2.016478
2.016745
2.016791
2.016597
2.016207
2.015607
2.014845
2.013912
2.012857
2.011675
2.010416
2.009075
2.007701
2.006290
2.004889
2.003494
2.002146
2.000839
1.999613
1.998458
1.997407
1.996449
1.995612
1.994882
1.994283
1.993794
1.993438
1.993192
1.993072
1.993054
1.993151
1.993335
1.993619
1.993974
1.994408
1.994893
1.995437
1.996012
1.996623
1.997244
1.997882
1.998510
1.999136
1.999735
2.000316
2.000856
2.001364
2.001821
2.002236
2.002594
2.002904
2.003153
2.003353
2.003491
2.003581
2.003613
2.003602
2.003537
2.003435
2.003289
2.003113
2.002901
2.002669
2.002411
2.002142
2.001857
2.001570
2.001276
2.000989
2.000704
2.000433
2.000170
1.999928
1.999699
1.999496
1.999310
1.999151
1.999013
1.998902
1.998813
1.998751
1.998709
1.998694
1.998696
1.998721
1.998762
1.998822
1.998894
1.998981
1.999075
1.999181
1.999290
1.999407
1.999523
1.999642
1.999757
1.999872
1.999980
2.000084
2.000180
2.000269
2.000348
2.000420
2.000480
2.000532
2.000572
2.000604
2.000624
2.000636
2.000637
2.000632
2.000617
2.000596
2.000568
2.000535
2.000496
2.000455
2.000408
2.000362
2.000312
2.000263
2.000213
2.000165
2.000117
2.000072
2.000029
1.999990
1.999953
1.999920
1.999891
1.999866
1.999845
1.999828
1.999815
1.999806
1.999800
1.999799
1.999800
1.999805
1.999812
1.999823
1.999834
1.999848
1.999863
1.999880
1.999897
1.999915
1.999933
1.999951
1.999968
1.999985
2.000001
2.000016
2.000030
2.000043
2.000054
2.000064
2.000072
2.000080
2.000085
2.000089
2.000091
2.000092
2.000092
2.000091
2.000088
2.000085
2.000080
2.000075
2.000069
2.000063
2.000057
2.000050
2.000043
2.000036
2.000029
2.000023
2.000016
2.000010
2.000004
1.999999
1.999994
1.999990
1.999986
1.999983
1.999980
1.999978
1.999976
1.999975
1.999975
1.999975
1.999975
1.999976
1.999977
1.999978
1.999980
1.999982
1.999983
1.999986
1.999988
1.999990
1.999992
1.999995
1.999997
1.999999
2.000001
2.000002
2.000004
2.000006
2.000007
2.000008
2.000009
2.000010
2.000010
2.000011
2.000011
2.000011
2.000011
2.000011
2.000010
2.000010
2.000009
2.000009
2.000008
2.000007
2.000006
2.000006
2.000005
2.000004
2.000003
2.000003
2.000002
2.000001
2.000000
2.000000
1.999999
1.999999
1.999998
1.999998
1.999998
1.999998
1.999998
1.999997
1.999997
1.999997
1.999997
1.999998
1.999998
1.999998
1.999998
1.999998
1.999998
1.999999
1.999999
1.999999
1.999999
2.000000
2.000000
2.000000
2.000000
2.000000
2.000000
2.000001
2.000001
2.000001
2.000001
2.000001
2.000001
2.000001
2.000001
2.000001
2.000001
2.000001
2.000001
2.000001
2.000001
2.000001
2.000001
2.000001
2.000001
2.000001
2.000000
2.000000
2.000000
2.000000
2.000000
2.000000
2.000000
2.000000
2.000000
2.000000
2.000000
2.000000
2.000000
2.000000
2.000000
2.000000
2.000000
2.000000
2.000000
2.000000
2.000000
2.000000
2.000000
2.000000
2.000000
2.000000
2.000000
2.000000
2.000000
2.000000
2.000000
2.000000
2.000000
2.000000
2.000000
2.000000
2.000000
2.000000
2.000000
2.000000
2.000000
2.000000
2.000000
2.000000
2.000000
2.000000
2.000000
2.000000
2.000000
2.000000
2.000000
2.000000
2.000000
2.000000
2.000000
2.000000
2.000000
2.000000
2.000000
2.000000
2.000000
2.000000
2.000000
2.000000
2.000000
2.000000
2.000000
2.000000
2.000000
2.000000
2.000000
2.000000
2.000000
2.000000
2.000000
2.000000
2.000000
2.000000
2.000000
2.000000
2.000000
2.000000
2.000000
2.000000
2.000000
2.000000
2.000000
2.000000
2.000000
2.000000
2.000000
2.000000
2.000000
2.000000
2.000000
2.000000
2.000000
2.000000
2.000000
2.000000
2.000000
2.000000
2.000000
2.000000
2.000000
2.000000
2.000000
2.000000
2.000000
2.000000
2.000000
2.000000
2.000000
2.000000
2.000000
2.000000
2.000000
2.000000
2.000000
2.000000
2.000000
2.000000
2.000000
2.000000
2.000000
2.000000
2.000000
2.000000
2.000000
2.000000
2.000000
2.000000
2.000000
2.000000
2.000000
2.000000
2.000000
2.000000
2.000000
2.000000
2.000000
2.000000
2.000000
2.000000
2.000000
2.000000
2.000000
2.000000
2.000000
2.000000
2.000000
2.000000
2.000000
2.000000
2.000000
2.000000
2.000000
2.000000
2.000000
2.000000
2.000000
2.000000
2.000000
2.000000
2.000000
2.000000
2.000000
2.000000
2.000000
2.000000
2.000000
2.000000
2.000000
2.000000
2.000000
2.000000
2.000000
2.000000
2.000000
2.000000
2.000000
2.000000
2.000000
2.000000
2.000000
2.000000
2.000000
2.000000
2.000000
2.000000
2.000000
2.000000
2.000000
2.000000
2.000000
2.000000
2.000000
2.000000
2.000000
2.000000
2.000000
2.000000
2.000000
2.000000
2.000000
2.000000
2.000000
2.000000
2.000000
2.000000
2.000000
2.000000
2.000000
2.000000
2.000000
2.000000
2.000000
2.000000
2.000000
2.000000
2.000000
2.000000
2.000000
2.000000
2.000000
2.000000
2.000000
2.000000
2.000000
2.000000
2.000000
2.000000
2.000000
2.000000
2.000000
2.000000
2.000000
2.000000
2.000000
2.000000
2.000000
2.000000
2.000000
2.000000
2.000000
2.000000
2.000000
2.000000
2.000000
2.000000
2.000000
2.000000
2.000000
2.000000
2.000000
2.000000
2.000000
2.000000
2.000000
2.000000
2.000000
2.000000
2.000000
2.000000
2.000000
2.000000
2.000000
2.000000
2.000000
2.000000
2.000000
2.000000
2.000000
2.000000
2.000000
2.000000
2.000000
2.000000
2.000000
2.000000
2.000000
2.000000
2.000000
2.000000
2.000000
2.000000
2.000000
2.000000
2.000000
2.000000
2.000000
2.000000
2.000000
2.000000
2.000000
2.000000
2.000000
2.000000
2.000000
2.000000
2.000000
2.000000
2.000000
2.000000
2.000000
2.000000
2.000000
2.000000
2.000000
2.000000
2.000000
2.000000
2.000000
2.000000
2.000000
2.000000
2.000000
2.000000
2.000000
2.000000
2.000000
2.000000
2.000000
2.000000
2.000000
2.000000
2.000000
2.000000
2.000000
2.000000
2.000000
2.000000
