2.163419
2.088887
2.044789
2.044789
2.088887
2.163419
2.258374
2.361721
2.465382
2.559471
2.638235
2.694251
2.724344
2.723744
2.691983
2.627014
2.531073
2.404752
2.252833
2.078301
1.888132
1.687244
1.484212
1.285105
1.099070
0.931915
0.791415
0.680422
0.601946
0.552358
0.528048
0.520536
0.524925
0.534124
0.546207
0.556956
0.566887
0.573391
0.578006
0.578594
0.576841
0.570564
0.561343
0.547050
0.529583
0.507808
0.485452
0.464796
0.454656
0.464476
0.509720
0.601726
0.748029
0.946371
1.192215
1.475968
1.789341
2.121143
2.462675
2.803058
3.134384
3.446926
3.734209
3.988177
4.204221
4.376308
4.501978
4.577436
4.602519
4.575752
4.499280
4.373898
4.203944
3.992301
3.745264
3.467509
3.166938
2.849625
2.524628
2.198919
1.882161
1.581591
1.306718
1.064076
0.861640
0.703115
0.591585
0.523189
0.491468
0.484605
0.493372
0.508585
0.525744
0.540381
0.551440
0.557019
0.557727
0.553179
0.545341
0.535727
0.528641
0.528913
0.544452
0.583424
0.654467
0.762707
0.910111
1.094376
1.311334
1.554635
1.817755
2.093196
2.374069
2.653044
2.923772
3.179751
3.415674
3.626254
3.807539
3.955707
4.068348
4.143236
4.179586
4.176801
4.135702
4.057258
3.943790
3.797679
3.622555
3.421988
3.200654
2.963018
2.714484
2.460061
2.205505
1.955965
1.717095
1.493677
1.290669
1.111751
0.960258
0.837598
0.744089
0.677542
0.634539
0.609939
0.598839
0.596424
0.599368
0.605220
0.613133
0.623163
0.636722
0.655992
0.684101
0.724479
0.780620
0.855358
0.950533
1.066655
1.202962
1.357554
1.527669
1.709929
1.900573
2.095646
2.291150
2.483166
2.667947
2.842004
3.002157
3.145594
3.269898
3.373089
3.453627
3.510438
3.542903
3.550863
3.534599
3.494823
3.432643
3.349545
3.247345
3.128164
2.994371
2.848553
2.693448
2.531911
2.366842
2.201150
2.037678
1.879156
1.728126
1.586893
1.457440
1.341385
1.239901
1.153701
1.082991
1.027543
0.986718
0.959655
0.945344
0.942861
0.951385
0.970367
0.999409
1.038356
1.087060
1.145448
1.213263
1.290169
1.375521
1.468535
1.568101
1.673006
1.781762
1.892861
2.004610
2.115384
2.223463
2.327278
2.425241
2.515979
2.598156
2.670704
2.732628
2.783228
2.821900
2.848351
2.862384
2.864114
2.853742
2.831765
2.798744
2.755511
2.702931
2.642103
2.574122
2.500275
2.421799
2.340079
2.256405
2.172167
2.088610
2.007038
1.928563
1.854314
1.785192
1.722081
1.665611
1.616381
1.574722
1.540935
1.515068
1.497156
1.487007
1.484448
1.489108
1.500669
1.518634
1.542585
1.571940
1.606204
1.644729
1.686962
1.732200
1.779846
1.829163
1.879530
1.930200
1.980560
2.029887
2.077607
2.123057
2.165741
2.205087
2.240705
2.272145
2.299149
2.321403
2.338798
2.351169
2.358557
2.360946
2.358521
2.351408
2.339922
2.324310
2.304994
2.282318
2.256787
2.228807
2.198933
2.167605
2.135393
2.102734
2.070180
2.038137
2.007109
1.977439
1.949561
1.923735
1.900305
1.879437
1.861374
1.846182
1.834005
1.824813
1.818655
1.815412
1.815055
1.817391
1.822323
1.829600
1.839077
1.850462
1.863574
1.878095
1.893828
1.910443
1.927738
1.945386
1.963194
1.980851
1.998182
2.014904
2.030872
2.045837
2.059696
2.072241
2.083413
2.093052
2.101147
2.107588
2.112413
2.115560
2.117114
2.117058
2.115521
2.112525
2.108232
2.102698
2.096113
2.088554
2.080230
2.071230
2.061770
2.051945
2.041967
2.031924
2.022019
2.012325
2.003028
1.994178
1.985938
1.978334
1.971500
1.965434
1.960242
1.955893
1.952464
1.949898
1.948244
1.947420
1.947454
1.948242
1.949793
1.951987
1.954818
1.958156
1.961985
1.966170
1.970690
1.975409
1.980306
1.985248
1.990218
1.995091
1.999857
2.004401
2.008725
2.012723
2.016411
2.019697
2.022611
2.025075
2.027131
2.028715
2.029884
2.030587
2.030892
2.030759
2.030267
2.029386
2.028201
2.026691
2.024946
2.022949
2.020794
2.018466
2.016058
2.013555
2.011050
2.008525
2.006068
2.003658
2.001376
1.999196
1.997193
1.995336
1.993692
1.992221
1.990984
1.989936
1.989130
1.988513
1.988133
1.987933
1.987953
1.988132
1.988507
1.989012
1.989681
1.990447
1.991341
1.992296
1.993341
1.994409
1.995531
1.996640
1.997769
1.998853
1.999926
2.000927
2.001891
2.002762
2.003578
2.004284
2.004922
2.005442
2.005888
2.006213
2.006464
2.006597
2.006661
2.006614
2.006509
2.006305
2.006054
2.005720
2.005355
2.004923
2.004477
2.003980
2.003485
2.002957
2.002447
2.001919
2.001423
2.000922
2.000465
2.000015
1.999617
1.999235
1.998912
1.998609
1.998368
1.998151
1.997997
1.997865
1.997796
1.997746
1.997754
1.997778
1.997855
1.997941
1.998074
1.998210
1.998384
1.998554
1.998756
1.998947
1.999162
1.999359
1.999574
1.999766
1.999969
2.000144
2.000326
2.000477
2.000631
2.000751
2.000871
2.000957
2.001043
2.001093
2.001144
2.001160
2.001177
2.001162
2.001150
2.001107
2.001069
2.001005
2.000948
2.000866
2.000796
2.000704
2.000626
2.000530
2.000449
2.000353
2.000276
2.000185
2.000115
2.000033
1.999973
1.999903
1.999855
1.999799
1.999765
1.999723
1.999702
1.999675
1.999668
1.999654
1.999660
1.999657
1.999674
1.999682
1.999707
1.999722
1.999754
1.999775
1.999811
1.999834
1.999872
1.999897
1.999934
1.999958
1.999994
2.000015
2.000047
2.000064
2.000092
2.000105
2.000128
2.000135
2.000153
2.000155
2.000167
2.000165
2.000172
2.000165
2.000168
2.000157
2.000157
2.000143
2.000139
2.000123
2.000118
2.000100
2.000094
2.000076
2.000069
2.000051
2.000045
2.000028
2.000023
2.000007
2.000003
1.999989
1.999987
1.999975
1.999974
1.999964
1.999966
1.999958
1.999961
1.999955
1.999959
1.999955
1.999961
1.999958
1.999965
1.999963
1.999971
1.999969
1.999978
1.999977
1.999985
1.999985
1.999993
1.999992
2.000000
1.999999
2.000007
2.000005
2.000012
2.000010
2.000017
2.000014
2.000020
2.000017
2.000021
2.000018
2.000022
2.000018
2.000021
2.000017
2.000020
2.000015
2.000018
2.000013
2.000016
2.000010
2.000013
2.000008
2.000010
2.000005
2.000007
2.000002
2.000005
2.000000
2.000002
1.999998
2.000000
1.999996
1.999999
1.999995
1.999998
1.999994
1.999997
1.999994
1.999997
1.999994
1.999997
1.999994
1.999998
1.999995
1.999998
1.999996
1.999999
1.999996
2.000000
1.999997
2.000000
1.999998
2.000001
1.999999
2.000002
1.999999
2.000002
2.000000
2.000003
2.000000
2.000003
2.000001
2.000003
2.000001
2.000003
2.000001
2.000003
2.000001
2.000003
2.000000
2.000003
2.000000
2.000002
2.000000
2.000002
2.000000
2.000002
2.000000
2.000002
1.999999
2.000001
1.999999
2.000001
1.999999
2.000001
1.999999
2.000001
1.999999
2.000001
1.999999
2.000001
1.999999
2.000001
1.999999
2.000001
1.999999
2.000001
1.999999
2.000001
1.999999
2.000001
1.999999
2.000001
1.999999
2.000001
1.999999
2.000001
1.999999
2.000001
1.999999
2.000001
1.999999
2.000001
1.999999
2.000001
1.999999
2.000001
1.999999
2.000001
1.999999
2.000001
1.999999
2.000001
1.999999
2.000001
1.999999
2.000001
1.999999
2.000001
1.999999
2.000001
1.999999
2.000001
1.999999
2.000001
1.999999
2.000001
1.999999
2.000001
1.999999
2.000001
1.999999
2.000001
1.999999
2.000001
1.999999
2.000001
1.999999
2.000001
1.999999
2.000000
1.999999
2.000000
1.999999
2.000000
1.999999
2.000000
2.000000
2.000000
2.000000
2.000000
2.000000
2.000000
2.000000
2.000000
2.000000
2.000000
2.000000
2.000000
2.000000
2.000000
2.000000
2.000000
2.000000
2.000000
2.000000
2.000000
2.000000
2.000000
2.000000
2.000000
2.000000
2.000000
2.000000
2.000000
2.000000
2.000000
2.000000
2.000000
2.000000
2.000000
2.000000
2.000000
2.000000
2.000000
2.000000
2.000000
2.000000
2.000000
2.000000
2.000000
2.000000
2.000000
2.000000
2.000000
2.000000
2.000000
2.000000
2.000000
2.000000
2.000000
2.000000
2.000000
2.000000
2.000000
2.000000
2.000000
2.000000
2.000000
2.000000
2.000000
2.000000
2.000000
2.000000
2.000000
2.000000
2.000000
2.000000
2.000000
2.000000
2.000000
2.000000
2.000000
2.000000
2.000000
2.000000
2.000000
2.000000
2.000000
2.000000
2.000000
2.000000
2.000000
2.000000
2.000000
2.000000
2.000000
2.000000
2.000000
2.000000
2.000000
2.000000
2.000000
2.000000
2.000000
2.000000
2.000000
2.000000
2.000000
2.000000
2.000000
2.000000
2.000000
2.000000
2.000000
2.000000
2.000000
2.000000
2.000000
2.000000
2.000000
2.000000
2.000000
2.000000
2.000000
2.000000
2.000000
2.000000
2.000000
2.000000
2.000000
2.000000
2.000000
2.000000
2.000000
2.000000
2.000000
2.000000
2.000000
2.000000
2.000000
2.000000
2.000000
2.000000
2.000000
2.000000
2.000000
2.000000
2.000000
2.000000
2.000000
2.000000
2.000000
2.000000
2.000000
2.000000
2.000000
2.000000
2.000000
2.000000
2.000000
2.000000
2.000000
2.000000
2.000000
2.000000
2.000000
2.000000
2.000000
2.000000
2.000000
2.000000
2.000000
2.000000
2.000000
2.000000
2.000000
2.000000
2.000000
2.000000
2.000000
2.000000
2.000000
2.000000
2.000000
2.000000
2.000000
2.000000
2.000000
2.000000
2.000000
2.000000
2.000000
2.000000
2.000000
2.000000
2.000000
2.000000
2.000000
2.000000
2.000000
2.000000
2.000000
2.000000
2.000000
2.000000
2.000000
2.000000
2.000000
2.000000
2.000000
2.000000
2.000000
2.000000
2.000000
2.000000
2.000000
2.000000
2.000000
2.000000
2.000000
2.000000
2.000000
2.000000
2.000000
2.000000
2.000000
2.000000
2.000000
2.000000
2.000000
2.000000
2.000000
2.000000
2.000000
2.000000
1.999999
1.999999
1.999999
1.999999
1.999999
1.999998
1.999998
1.999998
1.999997
1.999997
1.999997
1.999996
1.999996
1.999996
1.999996
1.999996
1.999996
