2.161450
2.087651
2.044002
2.044002
2.087651
2.161450
2.255378
2.357549
2.459854
2.552535
2.629796
2.684328
2.712902
2.710859
2.677671
2.611397
2.514211
2.386813
2.233923
2.058633
1.867862
1.666639
1.463487
1.264591
1.079046
0.912775
0.773472
0.664044
0.587305
0.539518
0.516776
0.510523
0.515742
0.525455
0.537741
0.548538
0.558367
0.564740
0.569176
0.569622
0.567720
0.561341
0.552003
0.537613
0.519995
0.498032
0.475392
0.454400
0.443925
0.453638
0.499283
0.592407
0.740410
0.940811
1.188857
1.474839
1.790375
2.124242
2.467697
2.809857
3.142789
3.456771
3.745310
4.000358
4.217292
4.390089
4.516275
4.592066
4.617285
4.590472
4.513757
4.387948
4.217372
4.004926
3.756892
3.477962
3.176029
2.857181
2.530474
2.202901
1.884127
1.581425
1.304331
1.059447
0.854837
0.694361
0.581280
0.511911
0.479792
0.472935
0.481897
0.497343
0.514697
0.529461
0.540569
0.546114
0.546704
0.541939
0.533785
0.523755
0.516193
0.516008
0.531274
0.570362
0.642084
0.751588
0.900734
1.087054
1.306244
1.551836
1.817238
2.094893
2.377880
2.658839
2.931411
3.189072
3.426513
3.638433
3.820881
3.970024
4.083455
4.158938
4.195693
4.193115
4.152031
4.073400
3.959552
3.812859
3.636961
3.435420
3.212923
2.973930
2.723857
2.467713
2.211273
1.959690
1.718651
1.492958
1.287624
1.106384
0.952664
0.827970
0.732737
0.664852
0.620924
0.595751
0.584332
0.581724
0.584507
0.590152
0.597779
0.607430
0.620549
0.639370
0.667114
0.707313
0.763571
0.838788
0.934837
1.052200
1.190068
1.346467
1.518570
1.702929
1.895736
2.092984
2.290643
2.484760
2.671569
2.847554
3.009524
3.154647
3.280502
3.385092
3.466874
3.524762
3.558134
3.566821
3.551105
3.511688
3.449679
3.366556
3.264138
3.144539
3.010134
2.863502
2.707388
2.544645
2.378185
2.210918
2.045703
1.885280
1.732216
1.588838
1.457167
1.338860
1.235141
1.146771
1.074015
1.016685
0.974187
0.945676
0.930157
0.926699
0.934479
0.952936
0.981675
1.020534
1.069371
1.128111
1.196496
1.274177
1.360501
1.454661
1.555529
1.661862
1.772153
1.884863
1.998278
2.110747
2.220532
2.326040
2.425668
2.518024
2.601760
2.675791
2.739113
2.791013
2.830879
2.858406
2.873393
2.875944
2.866259
2.844823
2.812200
2.769212
2.716727
2.655838
2.587644
2.513427
2.434433
2.352047
2.267568
2.182389
2.097772
2.015027
1.935287
1.859694
1.789174
1.724630
1.666722
1.616067
1.573028
1.537929
1.510843
1.491822
1.480696
1.477301
1.481279
1.492312
1.509910
1.533647
1.562941
1.597286
1.636029
1.678600
1.724290
1.772486
1.822440
1.873515
1.924955
1.976130
2.026308
2.074900
2.121235
2.164800
2.205018
2.241487
2.273749
2.301535
2.324529
2.342607
2.355606
2.363555
2.366438
2.364434
2.357666
2.346446
2.331020
2.311810
2.289161
2.263575
2.235466
2.205386
2.173783
2.141228
2.108167
2.075157
2.042612
2.011040
1.980800
1.952327
1.925896
1.901856
1.880386
1.861736
1.845981
1.833273
1.823588
1.816982
1.813342
1.812640
1.814689
1.819391
1.826499
1.835863
1.847193
1.860305
1.874879
1.890711
1.907472
1.924952
1.942822
1.960880
1.978814
1.996442
2.013477
2.029767
2.045062
2.059249
2.072121
2.083611
2.093557
2.101944
2.108660
2.113738
2.117115
2.118873
2.118995
2.117605
2.114728
2.110524
2.105050
2.098493
2.090935
2.082582
2.073528
2.063988
2.054059
2.043956
2.033771
2.023707
2.013842
2.004361
1.995322
1.986886
1.979087
1.972057
1.965800
1.960422
1.955897
1.952302
1.949583
1.947789
1.946842
1.946767
1.947465
1.948941
1.951080
1.953872
1.957189
1.961013
1.965208
1.969754
1.974511
1.979459
1.984463
1.989504
1.994457
1.999309
2.003943
2.008360
2.012455
2.016239
2.019622
2.022629
2.025183
2.027324
2.028990
2.030232
2.031003
2.031367
2.031287
2.030837
2.029991
2.028832
2.027340
2.025604
2.023608
2.021446
2.019103
2.016674
2.014145
2.011606
2.009043
2.006544
2.004088
2.001757
1.999528
1.997474
1.995565
1.993869
1.992348
1.991063
1.989969
1.989119
1.988462
1.988045
1.987812
1.987803
1.987957
1.988311
1.988801
1.989458
1.990217
1.991107
1.992063
1.993112
1.994188
1.995320
1.996444
1.997588
1.998691
1.999783
2.000805
2.001792
2.002685
2.003523
2.004252
2.004913
2.005455
2.005921
2.006266
2.006534
2.006683
2.006762
2.006728
2.006633
2.006438
2.006194
2.005865
2.005503
2.005072
2.004624
2.004125
2.003626
2.003093
2.002576
2.002040
2.001534
2.001024
2.000557
2.000095
1.999687
1.999293
1.998959
1.998645
1.998394
1.998166
1.998003
1.997862
1.997784
1.997727
1.997729
1.997748
1.997819
1.997902
1.998031
1.998165
1.998338
1.998508
1.998710
1.998902
1.999119
1.999319
1.999537
1.999732
1.999938
2.000118
2.000304
2.000459
2.000617
2.000741
2.000867
2.000957
2.001046
2.001101
2.001155
2.001174
2.001195
2.001182
2.001172
2.001131
2.001095
2.001031
2.000975
2.000894
2.000823
2.000731
2.000652
2.000555
2.000473
2.000376
2.000297
2.000205
2.000133
2.000049
1.999987
1.999915
1.999865
1.999807
1.999771
1.999727
1.999705
1.999676
1.999668
1.999652
1.999657
1.999653
1.999669
1.999675
1.999701
1.999715
1.999747
1.999767
1.999803
1.999827
1.999865
1.999890
1.999928
1.999952
1.999988
2.000010
2.000043
2.000061
2.000089
2.000103
2.000126
2.000134
2.000153
2.000156
2.000169
2.000167
2.000175
2.000168
2.000171
2.000161
2.000160
2.000147
2.000143
2.000127
2.000122
2.000104
2.000098
2.000080
2.000073
2.000055
2.000048
2.000031
2.000026
2.000010
2.000005
1.999991
1.999989
1.999976
1.999976
1.999965
1.999966
1.999958
1.999961
1.999955
1.999959
1.999954
1.999960
1.999957
1.999964
1.999962
1.999970
1.999968
1.999977
1.999976
1.999984
1.999984
1.999992
1.999991
2.000000
1.999998
2.000006
2.000005
2.000012
2.000010
2.000016
2.000014
2.000020
2.000016
2.000022
2.000018
2.000022
2.000018
2.000022
2.000017
2.000021
2.000016
2.000019
2.000013
2.000016
2.000011
2.000013
2.000008
2.000010
2.000005
2.000008
2.000003
2.000005
2.000000
2.000003
1.999998
2.000001
1.999996
1.999999
1.999995
1.999998
1.999994
1.999997
1.999994
1.999997
1.999994
1.999997
1.999994
1.999998
1.999995
1.999998
1.999995
1.999999
1.999996
2.000000
1.999997
2.000000
1.999998
2.000001
1.999998
2.000002
1.999999
2.000002
2.000000
2.000003
2.000000
2.000003
2.000000
2.000003
2.000001
2.000003
2.000001
2.000003
2.000001
2.000003
2.000000
2.000003
2.000000
2.000003
2.000000
2.000002
2.000000
2.000002
2.000000
2.000002
1.999999
2.000002
1.999999
2.000001
1.999999
2.000001
1.999999
2.000001
1.999999
2.000001
1.999999
2.000001
1.999999
2.000001
1.999999
2.000001
1.999999
2.000001
1.999999
2.000001
1.999999
2.000001
1.999999
2.000001
1.999999
2.000001
1.999999
2.000001
1.999999
2.000001
1.999999
2.000001
1.999999
2.000001
1.999999
2.000001
1.999999
2.000001
1.999999
2.000001
1.999999
2.000001
1.999999
2.000001
1.999999
2.000001
1.999999
2.000001
1.999999
2.000001
1.999999
2.000001
1.999999
2.000001
1.999999
2.000001
1.999999
2.000001
1.999999
2.000001
1.999999
2.000001
1.999999
2.000001
1.999999
2.000001
1.999999
2.000001
1.999999
2.000001
1.999999
2.000001
1.999999
2.000001
1.999999
2.000001
1.999999
2.000001
1.999999
2.000001
1.999999
2.000001
1.999999
2.000001
1.999999
2.000001
2.000000
2.000001
2.000000
2.000000
2.000000
2.000000
2.000000
2.000000
2.000000
2.000000
2.000000
2.000000
2.000000
2.000000
2.000000
2.000000
2.000000
2.000000
2.000000
2.000000
2.000000
2.000000
2.000000
2.000000
2.000000
2.000000
2.000000
2.000000
2.000000
2.000000
2.000000
2.000000
2.000000
2.000000
2.000000
2.000000
2.000000
2.000000
2.000000
2.000000
2.000000
2.000000
2.000000
2.000000
2.000000
2.000000
2.000000
2.000000
2.000000
2.000000
2.000000
2.000000
2.000000
2.000000
2.000000
2.000000
2.000000
2.000000
2.000000
2.000000
2.000000
2.000000
2.000000
2.000000
2.000000
2.000000
2.000000
2.000000
2.000000
2.000000
2.000000
2.000000
2.000000
2.000000
2.000000
2.000000
2.000000
2.000000
2.000000
2.000000
2.000000
2.000000
2.000000
2.000000
2.000000
2.000000
2.000000
2.000000
2.000000
2.000000
2.000000
2.000000
2.000000
2.000000
2.000000
2.000000
2.000000
2.000000
2.000000
2.000000
2.000000
2.000000
2.000000
2.000000
2.000000
2.000000
2.000000
2.000000
2.000000
2.000000
2.000000
2.000000
2.000000
2.000000
2.000000
2.000000
2.000000
2.000000
2.000000
2.000000
2.000000
2.000000
2.000000
2.000000
2.000000
2.000000
2.000000
2.000000
2.000000
2.000000
2.000000
2.000000
2.000000
2.000000
2.000000
2.000000
2.000000
2.000000
2.000000
2.000000
2.000000
2.000000
2.000000
2.000000
2.000000
2.000000
2.000000
2.000000
2.000000
2.000000
2.000000
2.000000
2.000000
2.000000
2.000000
2.000000
2.000000
2.000000
2.000000
2.000000
2.000000
2.000000
2.000000
2.000000
2.000000
2.000000
2.000000
2.000000
2.000000
2.000000
2.000000
2.000000
2.000000
2.000000
2.000000
2.000000
2.000000
2.000000
2.000000
2.000000
2.000000
2.000000
2.000000
2.000000
2.000000
2.000000
2.000000
2.000000
2.000000
2.000000
2.000000
2.000000
2.000000
2.000000
2.000000
2.000000
2.000000
2.000000
2.000000
2.000000
2.000000
2.000000
2.000000
2.000000
2.000000
2.000000
2.000000
2.000000
2.000000
2.000000
2.000000
2.000000
2.000000
2.000000
2.000000
2.000000
2.000000
2.000000
2.000000
2.000000
1.999999
1.999999
1.999999
1.999999
1.999998
1.999998
1.999997
1.999997
1.999997
1.999996
1.999996
1.999995
1.999995
1.999995
1.999995
1.999995
1.999995
1.999995
