2.175363
2.096287
2.049386
2.049386
2.096287
2.175363
2.276685
2.387277
2.499274
2.601962
2.689901
2.754916
2.794204
2.802289
2.779107
2.721925
2.633397
2.513436
2.367241
2.197110
2.010426
1.811400
1.608993
1.408549
1.219598
1.047267
0.899854
0.779872
0.691448
0.631419
0.597868
0.582694
0.581822
0.587559
0.598040
0.608160
0.618429
0.625506
0.631065
0.632451
0.631615
0.626039
0.617654
0.604147
0.587808
0.567401
0.546953
0.528448
0.520372
0.530878
0.573900
0.659546
0.795908
0.981954
1.214419
1.484493
1.784470
2.103437
2.432946
2.762201
3.083427
3.386908
3.666258
3.913401
4.123797
4.291380
4.413749
4.487069
4.511229
4.484710
4.409706
4.286961
4.120859
3.914228
3.673399
3.402987
3.110916
2.803182
2.488843
2.174754
1.870516
1.583157
1.321972
1.093044
0.903765
0.756897
0.654475
0.591777
0.562441
0.555643
0.563339
0.577200
0.593175
0.607029
0.617763
0.623553
0.625006
0.621819
0.615930
0.608849
0.604607
0.607578
0.624739
0.663156
0.730459
0.831563
0.968893
1.141045
1.344641
1.574058
1.823216
2.085023
2.352782
2.619397
2.878592
3.124012
3.350366
3.552477
3.726378
3.868337
3.975912
4.046956
4.080643
4.076444
4.035137
3.957751
3.846554
3.703984
3.533613
3.339054
3.124917
2.895697
2.656708
2.412967
2.170099
1.933204
1.707732
1.498305
1.309522
1.144709
1.006606
0.896060
0.812720
0.754047
0.716513
0.695398
0.686340
0.685241
0.689265
0.696408
0.705976
0.718111
0.734033
0.755652
0.785575
0.826707
0.881950
0.953767
1.043790
1.152637
1.279774
1.423695
1.581993
1.751695
1.929332
2.111265
2.293694
2.472929
2.645348
2.807631
2.956672
3.089789
3.204607
3.299250
3.372201
3.422471
3.449447
3.453047
3.433548
3.391725
3.328675
3.245938
3.145309
3.028954
2.899208
2.758689
2.610083
2.456256
2.300031
2.144292
1.991760
1.845089
1.706634
1.578545
1.462535
1.359984
1.271718
1.198169
1.139203
1.094375
1.062832
1.043657
1.035790
1.038379
1.050624
1.072062
1.102293
1.141204
1.188614
1.244487
1.308553
1.380553
1.459885
1.545898
1.637579
1.733879
1.833432
1.934904
2.036718
2.137419
2.235385
2.329200
2.417354
2.498607
2.571686
2.635633
2.689499
2.732682
2.764607
2.785065
2.793876
2.791226
2.777320
2.752714
2.717964
2.673945
2.621504
2.561769
2.495802
2.424900
2.350247
2.273221
2.195032
2.117036
2.040372
1.966278
1.895730
1.829763
1.769114
1.714550
1.666521
1.625498
1.591641
1.565138
1.545889
1.533854
1.528736
1.530333
1.538219
1.552089
1.571435
1.595888
1.624884
1.658004
1.694636
1.734317
1.776395
1.820368
1.865554
1.911432
1.957309
2.002669
2.046839
2.089339
2.129551
2.167064
2.201344
2.232079
2.258848
2.281461
2.299627
2.313295
2.322313
2.326770
2.326654
2.322190
2.313496
2.300918
2.284683
2.265235
2.242889
2.218157
2.191408
2.163193
2.133902
2.104091
2.074139
2.044574
2.015733
1.988090
1.961916
1.937609
1.915355
1.895462
1.878024
1.863255
1.851156
1.841850
1.835251
1.831400
1.830137
1.831435
1.835073
1.840971
1.848862
1.858627
1.869969
1.882744
1.896636
1.911489
1.926983
1.942959
1.959104
1.975270
1.991159
2.006644
2.021453
2.035487
2.048508
2.060454
2.071125
2.080501
2.088428
2.094928
2.099893
2.103389
2.105352
2.105891
2.104983
2.102774
2.099276
2.094665
2.088981
2.082424
2.075050
2.067072
2.058559
2.049727
2.040643
2.031518
2.022414
2.013528
2.004904
1.996723
1.989007
1.981913
1.975440
1.969717
1.964718
1.960545
1.957146
1.954597
1.952822
1.951873
1.951654
1.952196
1.953387
1.955242
1.957635
1.960571
1.963914
1.967663
1.971679
1.975957
1.980360
1.984884
1.989395
1.993894
1.998256
2.002489
2.006478
2.010241
2.013674
2.016807
2.019550
2.021944
2.023912
2.025508
2.026668
2.027456
2.027820
2.027835
2.027460
2.026778
2.025755
2.024481
2.022928
2.021190
2.019242
2.017181
2.014984
2.012745
2.010441
2.008163
2.005887
2.003699
2.001570
1.999580
1.997696
1.995993
1.994429
1.993073
1.991878
1.990905
1.990103
1.989525
1.989114
1.988918
1.988877
1.989032
1.989320
1.989780
1.990343
1.991047
1.991824
1.992707
1.993629
1.994623
1.995622
1.996660
1.997671
1.998691
1.999658
2.000606
2.001478
2.002310
2.003049
2.003733
2.004311
2.004826
2.005229
2.005566
2.005790
2.005950
2.006002
2.005996
2.005892
2.005739
2.005500
2.005225
2.004879
2.004512
2.004089
2.003660
2.003191
2.002731
2.002245
2.001782
2.001308
2.000869
2.000429
2.000034
1.999648
1.999315
1.998996
1.998734
1.998492
1.998308
1.998145
1.998040
1.997955
1.997925
1.997911
1.997949
1.997999
1.998095
1.998197
1.998338
1.998479
1.998652
1.998820
1.999012
1.999192
1.999391
1.999571
1.999765
1.999935
2.000114
2.000265
2.000421
2.000547
2.000674
2.000770
2.000866
2.000930
2.000993
2.001025
2.001057
2.001058
2.001060
2.001034
2.001011
2.000962
2.000918
2.000852
2.000792
2.000713
2.000644
2.000558
2.000484
2.000396
2.000323
2.000238
2.000169
2.000090
2.000030
1.999961
1.999910
1.999853
1.999815
1.999771
1.999746
1.999715
1.999703
1.999684
1.999684
1.999677
1.999688
1.999691
1.999711
1.999722
1.999748
1.999766
1.999797
1.999819
1.999852
1.999876
1.999910
1.999933
1.999966
1.999988
2.000018
2.000037
2.000064
2.000078
2.000101
2.000111
2.000128
2.000134
2.000146
2.000147
2.000155
2.000151
2.000155
2.000147
2.000147
2.000137
2.000134
2.000120
2.000115
2.000101
2.000094
2.000079
2.000072
2.000056
2.000049
2.000034
2.000028
2.000014
2.000008
1.999996
1.999992
1.999982
1.999979
1.999970
1.999970
1.999963
1.999964
1.999959
1.999962
1.999958
1.999962
1.999960
1.999965
1.999964
1.999970
1.999969
1.999976
1.999976
1.999983
1.999983
1.999990
1.999990
1.999997
1.999997
2.000003
2.000003
2.000009
2.000008
2.000013
2.000012
2.000016
2.000015
2.000018
2.000016
2.000019
2.000017
2.000019
2.000016
2.000018
2.000015
2.000017
2.000013
2.000015
2.000011
2.000012
2.000008
2.000009
2.000006
2.000007
2.000003
2.000004
2.000001
2.000002
1.999999
2.000000
1.999997
1.999999
1.999996
1.999998
1.999995
1.999997
1.999995
1.999997
1.999995
1.999997
1.999995
1.999997
1.999996
1.999998
1.999996
1.999998
1.999997
1.999999
1.999998
2.000000
1.999998
2.000000
1.999999
2.000001
2.000000
2.000001
2.000000
2.000002
2.000001
2.000002
2.000001
2.000002
2.000001
2.000002
2.000001
2.000002
2.000001
2.000002
2.000001
2.000002
2.000001
2.000002
2.000001
2.000002
2.000000
2.000001
2.000000
2.000001
2.000000
2.000001
2.000000
2.000001
1.999999
2.000001
1.999999
2.000000
1.999999
2.000000
1.999999
2.000000
1.999999
2.000000
1.999999
2.000000
1.999999
2.000000
1.999999
2.000000
1.999999
2.000000
1.999999
2.000000
1.999999
2.000000
1.999999
2.000000
2.000000
2.000000
2.000000
2.000000
2.000000
2.000000
2.000000
2.000001
2.000000
2.000001
2.000000
2.000001
2.000000
2.000000
2.000000
2.000000
2.000000
2.000000
2.000000
2.000000
2.000000
2.000000
2.000000
2.000000
2.000000
2.000000
2.000000
2.000000
2.000000
2.000000
2.000000
2.000000
2.000000
2.000000
2.000000
2.000000
2.000000
2.000000
2.000000
2.000000
2.000000
2.000000
2.000000
2.000000
2.000000
2.000000
2.000000
2.000000
2.000000
2.000000
2.000000
2.000000
2.000000
2.000000
2.000000
2.000000
2.000000
2.000000
2.000000
2.000000
2.000000
2.000000
2.000000
2.000000
2.000000
2.000000
2.000000
2.000000
2.000000
2.000000
2.000000
2.000000
2.000000
2.000000
2.000000
2.000000
2.000000
2.000000
2.000000
2.000000
2.000000
2.000000
2.000000
2.000000
2.000000
2.000000
2.000000
2.000000
2.000000
2.000000
2.000000
2.000000
2.000000
2.000000
2.000000
2.000000
2.000000
2.000000
2.000000
2.000000
2.000000
2.000000
2.000000
2.000000
2.000000
2.000000
2.000000
2.000000
2.000000
2.000000
2.000000
2.000000
2.000000
2.000000
2.000000
2.000000
2.000000
2.000000
2.000000
2.000000
2.000000
2.000000
2.000000
2.000000
2.000000
2.000000
2.000000
2.000000
2.000000
2.000000
2.000000
2.000000
2.000000
2.000000
2.000000
2.000000
2.000000
2.000000
2.000000
2.000000
2.000000
2.000000
2.000000
2.000000
2.000000
2.000000
2.000000
2.000000
2.000000
2.000000
2.000000
2.000000
2.000000
2.000000
2.000000
2.000000
2.000000
2.000000
2.000000
2.000000
2.000000
2.000000
2.000000
2.000000
2.000000
2.000000
2.000000
2.000000
2.000000
2.000000
2.000000
2.000000
2.000000
2.000000
2.000000
2.000000
2.000000
2.000000
2.000000
2.000000
2.000000
2.000000
2.000000
2.000000
2.000000
2.000000
2.000000
2.000000
2.000000
2.000000
2.000000
2.000000
2.000000
2.000000
2.000000
2.000000
2.000000
2.000000
2.000000
2.000000
2.000000
2.000000
2.000000
2.000000
2.000000
2.000000
2.000000
2.000000
2.000000
2.000000
2.000000
2.000000
2.000000
2.000000
2.000000
2.000000
2.000000
2.000000
2.000000
2.000000
2.000000
2.000000
2.000000
2.000000
2.000000
2.000000
2.000000
2.000000
2.000000
2.000000
2.000000
2.000000
2.000000
2.000000
2.000000
2.000000
2.000000
2.000000
2.000000
2.000000
2.000000
2.000000
2.000000
2.000000
2.000000
2.000000
2.000000
2.000000
2.000000
2.000000
2.000000
2.000000
2.000000
2.000000
2.000000
2.000000
2.000000
2.000000
2.000000
2.000000
2.000000
2.000000
2.000000
2.000000
2.000000
2.000000
2.000000
2.000000
2.000000
2.000000
2.000000
2.000000
2.000000
2.000000
2.000000
2.000000
2.000000
2.000000
2.000000
2.000000
2.000000
2.000000
2.000000
2.000000
2.000000
2.000000
2.000000
2.000000
2.000000
2.000000
2.000000
2.000000
1.999999
1.999999
1.999999
1.999999
1.999999
1.999999
