2.001232
1.961894
1.942447
1.942447
1.961894
2.001232
2.050127
2.109527
2.169840
2.232500
2.288749
2.340756
2.380870
2.412309
2.428766
2.434691
2.425182
2.405883
2.373124
2.333459
2.284057
2.231895
2.174443
2.118520
2.061353
2.009103
1.958391
1.914474
1.873313
1.839331
1.808061
1.783368
1.760701
1.743652
1.727861
1.716819
1.706490
1.700300
1.694566
1.692616
1.691088
1.693169
1.695790
1.701969
1.708917
1.719480
1.731152
1.746622
1.763657
1.784791
1.808026
1.835696
1.865933
1.900770
1.938298
1.980100
2.024038
2.071127
2.118889
2.167773
2.215004
2.260637
2.301812
2.338494
2.368052
2.390702
2.404344
2.409721
2.405454
2.392946
2.371574
2.343348
2.308265
2.268732
2.225090
2.179831
2.133313
2.087789
2.043356
2.001809
1.962842
1.927735
1.895812
1.867927
1.843180
1.822161
1.803913
1.788913
1.776266
1.766423
1.758610
1.753281
1.749788
1.748590
1.749152
1.751924
1.756467
1.763215
1.771809
1.782662
1.795482
1.810647
1.827907
1.847586
1.869429
1.893661
1.919962
1.948397
1.978514
2.010163
2.042711
2.075777
2.108550
2.140465
2.170601
2.198319
2.222721
2.243242
2.259158
2.270126
2.275725
2.275935
2.270707
2.260374
2.245242
2.225948
2.203059
2.177397
2.149651
2.120675
2.091132
2.061769
2.033105
2.005693
1.979851
1.955917
1.934018
1.914309
1.896779
1.881463
1.868273
1.857186
1.848090
1.840947
1.835651
1.832171
1.830423
1.830387
1.831999
1.835250
1.840088
1.846507
1.854459
1.863929
1.874859
1.887211
1.900904
1.915860
1.931955
1.949056
1.966981
1.985532
2.004460
2.023501
2.042347
2.060686
2.078176
2.094488
2.109288
2.122277
2.133178
2.141768
2.147872
2.151385
2.152262
2.150535
2.146294
2.139703
2.130971
2.120361
2.108164
2.094700
2.080292
2.065265
2.049929
2.034577
2.019468
2.004834
1.990869
1.977736
1.965560
1.954439
1.944443
1.935620
1.927995
1.921582
1.916379
1.912377
1.909558
1.907900
1.907374
1.907949
1.909587
1.912250
1.915890
1.920457
1.925895
1.932140
1.939121
1.946757
1.954962
1.963637
1.972677
1.981967
1.991387
2.000808
2.010097
2.019122
2.027748
2.035846
2.043292
2.049973
2.055789
2.060654
2.064502
2.067286
2.068981
2.069585
2.069115
2.067612
2.065134
2.061760
2.057578
2.052694
2.047217
2.041266
2.034959
2.028414
2.021747
2.015066
2.008473
2.002061
1.995914
1.990104
1.984694
1.979737
1.975274
1.971340
1.967958
1.965145
1.962909
1.961252
1.960170
1.959653
1.959685
1.960245
1.961309
1.962847
1.964825
1.967206
1.969950
1.973013
1.976347
1.979903
1.983629
1.987473
1.991381
1.995299
1.999172
2.002949
2.006577
2.010011
2.013205
2.016118
2.018717
2.020972
2.022859
2.024360
2.025467
2.026174
2.026485
2.026410
2.025964
2.025168
2.024047
2.022632
2.020958
2.019059
2.016975
2.014744
2.012407
2.010003
2.007570
2.005145
2.002761
2.000452
1.998246
1.996170
1.994245
1.992492
1.990926
1.989560
1.988404
1.987462
1.986739
1.986234
1.985943
1.985862
1.985983
1.986294
1.986785
1.987440
1.988245
1.989182
1.990234
1.991381
1.992604
1.993883
1.995199
1.996531
1.997861
1.999171
2.000442
2.001658
2.002804
2.003867
2.004835
2.005698
2.006447
2.007078
2.007585
2.007966
2.008222
2.008354
2.008366
2.008262
2.008050
2.007738
2.007334
2.006848
2.006292
2.005677
2.005015
2.004317
2.003594
2.002860
2.002123
2.001396
2.000688
2.000007
1.999363
1.998762
1.998211
1.997715
1.997278
1.996903
1.996593
1.996348
1.996169
1.996054
1.996003
1.996012
1.996079
1.996200
1.996370
1.996584
1.996838
1.997125
1.997441
1.997778
1.998132
1.998497
1.998866
1.999234
1.999597
1.999949
2.000285
2.000602
2.000897
2.001165
2.001405
2.001614
2.001791
2.001935
2.002046
2.002124
2.002169
2.002182
2.002165
2.002120
2.002048
2.001953
2.001836
2.001701
2.001550
2.001386
2.001213
2.001034
2.000850
2.000666
2.000483
2.000304
2.000132
1.999969
1.999816
1.999675
1.999548
1.999434
1.999336
1.999254
1.999188
1.999138
1.999103
1.999084
1.999080
1.999090
1.999113
1.999148
1.999193
1.999249
1.999312
1.999382
1.999458
1.999537
1.999619
1.999703
1.999786
1.999868
1.999948
2.000024
2.000096
2.000164
2.000225
2.000280
2.000328
2.000369
2.000403
2.000430
2.000449
2.000461
2.000466
2.000465
2.000458
2.000444
2.000426
2.000403
2.000376
2.000345
2.000312
2.000277
2.000240
2.000202
2.000164
2.000126
2.000089
2.000054
2.000020
1.999988
1.999958
1.999931
1.999907
1.999887
1.999869
1.999854
1.999843
1.999835
1.999830
1.999828
1.999828
1.999832
1.999837
1.999845
1.999855
1.999866
1.999879
1.999892
1.999907
1.999922
1.999937
1.999953
1.999968
1.999983
1.999997
2.000011
2.000023
2.000035
2.000045
2.000054
2.000062
2.000068
2.000074
2.000078
2.000080
2.000082
2.000082
2.000081
2.000079
2.000076
2.000072
2.000068
2.000063
2.000057
2.000051
2.000045
2.000039
2.000032
2.000026
2.000020
2.000013
2.000008
2.000002
1.999997
1.999993
1.999988
1.999985
1.999982
1.999979
1.999977
1.999975
1.999974
1.999974
1.999974
1.999974
1.999975
1.999976
1.999977
1.999979
1.999981
1.999983
1.999985
1.999987
1.999989
1.999992
1.999994
1.999996
1.999998
2.000001
2.000002
2.000004
2.000006
2.000007
2.000008
2.000009
2.000010
2.000011
2.000011
2.000012
2.000012
2.000012
2.000011
2.000011
2.000011
2.000010
2.000009
2.000009
2.000008
2.000007
2.000006
2.000005
2.000004
2.000003
2.000002
2.000002
2.000001
2.000000
2.000000
1.999999
1.999998
1.999998
1.999998
1.999997
1.999997
1.999997
1.999997
1.999997
1.999997
1.999997
1.999997
1.999997
1.999997
1.999997
1.999998
1.999998
1.999998
1.999999
1.999999
1.999999
1.999999
2.000000
2.000000
2.000000
2.000000
2.000001
2.000001
2.000001
2.000001
2.000001
2.000001
2.000001
2.000001
2.000001
2.000001
2.000001
2.000001
2.000001
2.000001
2.000001
2.000001
2.000001
2.000001
2.000001
2.000001
2.000001
2.000000
2.000000
2.000000
2.000000
2.000000
2.000000
2.000000
2.000000
2.000000
2.000000
2.000000
2.000000
2.000000
2.000000
2.000000
2.000000
2.000000
2.000000
2.000000
2.000000
2.000000
2.000000
2.000000
2.000000
2.000000
2.000000
2.000000
2.000000
2.000000
2.000000
2.000000
2.000000
2.000000
2.000000
2.000000
2.000000
2.000000
2.000000
2.000000
2.000000
2.000000
2.000000
2.000000
2.000000
2.000000
2.000000
2.000000
2.000000
2.000000
2.000000
2.000000
2.000000
2.000000
2.000000
2.000000
2.000000
2.000000
2.000000
2.000000
2.000000
2.000000
2.000000
2.000000
2.000000
2.000000
2.000000
2.000000
2.000000
2.000000
2.000000
2.000000
2.000000
2.000000
2.000000
2.000000
2.000000
2.000000
2.000000
2.000000
2.000000
2.000000
2.000000
2.000000
2.000000
2.000000
2.000000
2.000000
2.000000
2.000000
2.000000
2.000000
2.000000
2.000000
2.000000
2.000000
2.000000
2.000000
2.000000
2.000000
2.000000
2.000000
2.000000
2.000000
2.000000
2.000000
2.000000
2.000000
2.000000
2.000000
2.000000
2.000000
2.000000
2.000000
2.000000
2.000000
2.000000
2.000000
2.000000
2.000000
2.000000
2.000000
2.000000
2.000000
2.000000
2.000000
2.000000
2.000000
2.000000
2.000000
2.000000
2.000000
2.000000
2.000000
2.000000
2.000000
2.000000
2.000000
2.000000
2.000000
2.000000
2.000000
2.000000
2.000000
2.000000
2.000000
2.000000
2.000000
2.000000
2.000000
2.000000
2.000000
2.000000
2.000000
2.000000
2.000000
2.000000
2.000000
2.000000
2.000000
2.000000
2.000000
2.000000
2.000000
2.000000
2.000000
2.000000
2.000000
2.000000
2.000000
2.000000
2.000000
2.000000
2.000000
2.000000
2.000000
2.000000
2.000000
2.000000
2.000000
2.000000
2.000000
2.000000
2.000000
2.000000
2.000000
2.000000
2.000000
2.000000
2.000000
2.000000
2.000000
2.000000
2.000000
2.000000
2.000000
2.000000
2.000000
2.000000
2.000000
2.000000
2.000000
2.000000
2.000000
2.000000
2.000000
2.000000
2.000000
2.000000
2.000000
2.000000
2.000000
2.000000
2.000000
2.000000
2.000000
2.000000
2.000000
2.000000
2.000000
2.000000
2.000000
2.000000
2.000000
2.000000
2.000000
2.000000
2.000000
2.000000
2.000000
2.000000
2.000000
2.000000
2.000000
2.000000
2.000000
2.000000
2.000000
2.000000
2.000000
2.000000
2.000000
2.000000
2.000000
2.000000
2.000000
2.000000
2.000000
2.000000
2.000000
2.000000
2.000000
2.000000
2.000000
2.000000
2.000000
2.000000
2.000000
2.000000
2.000000
2.000000
2.000000
2.000000
2.000000
2.000000
2.000000
2.000000
2.000000
2.000000
2.000000
2.000000
2.000000
2.000000
2.000000
2.000000
2.000000
2.000000
2.000000
2.000000
2.000000
2.000000
2.000000
2.000000
2.000000
2.000000
2.000000
2.000000
2.000000
2.000000
2.000000
2.000000
2.000000
2.000000
2.000000
2.000000
2.000000
2.000000
2.000000
2.000000
2.000000
2.000000
2.000000
2.000000
2.000000
2.000000
2.000000
2.000000
2.000000
2.000000
2.000000
2.000000
2.000000
2.000000
2.000000
2.000000
2.000000
2.000000
2.000000
2.000000
2.000000
2.000000
2.000000
2.000000
2.000000
2.000000
2.000000
2.000000
2.000000
2.000000
2.000000
2.000000
2.000000
2.000000
2.000000
2.000000
2.000000
2.000000
2.000000
2.000000
2.000000
2.000000
2.000000
2.000000
2.000000
2.000000
2.000000
2.000000
2.000000
2.000000
2.000000
2.000000
2.000000
2.000000
2.000000
2.000000
2.000000
2.000000
2.000000
2.000000
2.000000
2.000000
2.000000
2.000000
2.000000
2.000000
2.000000
2.000000
2.000000
2.000000
2.000000
2.000000
2.000000
2.000000
2.000000
2.000000
2.000000
2.000000
2.000000
2.000000
2.000000
2.000000
2.000000
2.000000
2.000000
2.000000
2.000000
2.000000
2.000000
