2.179715
2.098929
2.050964
2.050964
2.098929
2.179715
2.283430
2.396729
2.511835
2.617712
2.709049
2.777379
2.820050
2.831313
2.811268
2.756916
2.671081
2.553415
2.409287
2.240731
2.055298
1.856932
1.654754
1.453840
1.263881
1.089755
0.939969
0.816894
0.725050
0.661379
0.624537
0.606541
0.603650
0.607980
0.617727
0.627478
0.637755
0.644955
0.650802
0.652456
0.651957
0.646670
0.638645
0.625503
0.609666
0.589857
0.570190
0.552536
0.545244
0.556028
0.598306
0.681750
0.814557
0.996098
1.223558
1.488451
1.783301
2.097326
2.422177
2.747109
3.064394
3.364335
3.640572
3.885036
4.093201
4.259006
4.380057
4.452519
4.476290
4.449845
4.375386
4.253650
4.089024
3.884329
3.645896
3.378327
3.089544
2.785520
2.475299
2.165697
1.866275
1.583983
1.328010
1.104265
0.919889
0.777304
0.678167
0.617518
0.589061
0.582330
0.589666
0.603049
0.618585
0.632144
0.642748
0.648618
0.650354
0.647688
0.642534
0.636395
0.633191
0.637136
0.654885
0.693148
0.759197
0.857846
0.991619
1.159401
1.358088
1.582333
1.826229
2.082854
2.345594
2.607452
2.862184
3.103503
3.326124
3.524920
3.695918
3.835425
3.940988
4.010492
4.043097
4.038304
3.996869
3.919850
3.809493
3.668260
3.499696
3.307438
3.096062
2.870077
2.634759
2.395125
2.156745
1.924697
1.704339
1.500227
1.316808
1.157266
1.024109
0.917985
0.838315
0.782471
0.746914
0.727089
0.718818
0.718247
0.722697
0.730317
0.740455
0.753286
0.769956
0.792290
0.822723
0.863995
0.918812
0.989516
1.077656
1.183876
1.307698
1.447747
1.601730
1.766820
1.939654
2.116713
2.294271
2.468731
2.636521
2.794389
2.939258
3.068502
3.179762
3.271207
3.341326
3.389169
3.414125
3.416142
3.395495
3.352988
3.289708
3.207220
3.107306
2.992153
2.864077
2.725708
2.579708
2.428942
2.276197
2.124344
1.976045
1.833919
1.700235
1.577079
1.466046
1.368422
1.284899
1.215810
1.160905
1.119677
1.091213
1.074595
1.068757
1.072887
1.086196
1.108258
1.138672
1.177346
1.224088
1.278876
1.341435
1.411534
1.488585
1.571983
1.660743
1.753878
1.850059
1.948019
2.046221
2.143270
2.237583
2.327798
2.412436
2.490307
2.560158
2.621078
2.672132
2.712754
2.742383
2.760837
2.767946
2.763916
2.748958
2.723646
2.688531
2.644503
2.592399
2.533356
2.468417
2.398881
2.325906
2.250862
2.174923
2.099426
2.025465
1.954249
1.886697
1.823803
1.766243
1.714736
1.669670
1.631472
1.600240
1.576133
1.559003
1.548794
1.545178
1.547955
1.556685
1.571077
1.590622
1.614977
1.643584
1.676056
1.711794
1.750371
1.791148
1.833663
1.877249
1.921422
1.965507
2.009023
2.051315
2.091935
2.130280
2.165970
2.198483
2.227534
2.252713
2.273853
2.290669
2.303131
2.311089
2.314649
2.313799
2.308776
2.299693
2.286904
2.270629
2.251317
2.229269
2.204998
2.178856
2.151391
2.122972
2.094148
2.065275
2.036870
2.009245
1.982862
1.957964
1.934935
1.913937
1.895266
1.878991
1.865318
1.854225
1.845831
1.840034
1.836872
1.836177
1.837922
1.841881
1.847980
1.855952
1.865686
1.876888
1.889425
1.902986
1.917428
1.932437
1.947870
1.963418
1.978949
1.994172
2.008973
2.023087
2.036429
2.048765
2.060047
2.070079
2.078851
2.086212
2.092195
2.096691
2.099776
2.101385
2.101632
2.100494
2.098119
2.094516
2.089865
2.084200
2.077721
2.070478
2.062686
2.054402
2.045843
2.037067
2.028283
2.019543
2.011041
2.002813
1.995036
1.987725
1.981031
1.974947
1.969599
1.964954
1.961112
1.958015
1.955739
1.954203
1.953460
1.953410
1.954086
1.955374
1.957291
1.959710
1.962639
1.965944
1.969626
1.973548
1.977709
1.981972
1.986339
1.990678
1.994994
1.999163
2.003199
2.006987
2.010551
2.013787
2.016730
2.019291
2.021513
2.023321
2.024770
2.025798
2.026472
2.026738
2.026673
2.026235
2.025508
2.024458
2.023174
2.021628
2.019912
2.018001
2.015991
2.013856
2.011690
2.009468
2.007281
2.005101
2.003013
2.000987
1.999102
1.997323
1.995721
1.994258
1.992997
1.991893
1.991004
1.990279
1.989771
1.989421
1.989278
1.989281
1.989471
1.989786
1.990262
1.990835
1.991539
1.992309
1.993177
1.994078
1.995045
1.996013
1.997014
1.997987
1.998964
1.999886
2.000788
2.001613
2.002398
2.003091
2.003731
2.004267
2.004741
2.005107
2.005409
2.005604
2.005736
2.005766
2.005740
2.005621
2.005457
2.005212
2.004934
2.004590
2.004227
2.003811
2.003393
2.002937
2.002492
2.002025
2.001581
2.001128
2.000709
2.000292
1.999919
1.999556
1.999244
1.998947
1.998706
1.998483
1.998317
1.998171
1.998080
1.998009
1.997990
1.997987
1.998032
1.998088
1.998187
1.998292
1.998433
1.998574
1.998745
1.998909
1.999096
1.999270
1.999462
1.999635
1.999820
1.999983
2.000152
2.000295
2.000441
2.000559
2.000677
2.000766
2.000853
2.000910
2.000966
2.000993
2.001019
2.001016
2.001014
2.000986
2.000960
2.000910
2.000865
2.000799
2.000740
2.000662
2.000594
2.000511
2.000440
2.000355
2.000285
2.000204
2.000138
2.000064
2.000007
1.999943
1.999896
1.999843
1.999808
1.999768
1.999745
1.999718
1.999707
1.999692
1.999693
1.999689
1.999700
1.999705
1.999725
1.999738
1.999764
1.999782
1.999812
1.999833
1.999866
1.999889
1.999921
1.999944
1.999975
1.999996
2.000025
2.000042
2.000067
2.000081
2.000101
2.000111
2.000127
2.000131
2.000142
2.000143
2.000149
2.000145
2.000148
2.000140
2.000139
2.000129
2.000125
2.000113
2.000107
2.000093
2.000086
2.000072
2.000065
2.000050
2.000043
2.000029
2.000023
2.000010
2.000005
1.999993
1.999990
1.999980
1.999978
1.999970
1.999969
1.999963
1.999964
1.999960
1.999963
1.999960
1.999963
1.999962
1.999967
1.999966
1.999972
1.999972
1.999978
1.999978
1.999984
1.999985
1.999991
1.999992
1.999998
1.999998
2.000004
2.000004
2.000009
2.000009
2.000013
2.000012
2.000016
2.000015
2.000018
2.000016
2.000019
2.000016
2.000018
2.000016
2.000017
2.000014
2.000015
2.000012
2.000013
2.000010
2.000011
2.000008
2.000008
2.000005
2.000006
2.000003
2.000004
2.000001
2.000001
1.999999
2.000000
1.999997
1.999998
1.999996
1.999998
1.999996
1.999997
1.999995
1.999997
1.999995
1.999997
1.999995
1.999997
1.999996
1.999998
1.999997
1.999998
1.999997
1.999999
1.999998
2.000000
1.999999
2.000000
1.999999
2.000001
2.000000
2.000001
2.000000
2.000002
2.000001
2.000002
2.000001
2.000002
2.000001
2.000002
2.000001
2.000002
2.000001
2.000002
2.000001
2.000002
2.000001
2.000002
2.000001
2.000001
2.000000
2.000001
2.000000
2.000001
2.000000
2.000001
2.000000
2.000001
2.000000
2.000000
1.999999
2.000000
1.999999
2.000000
1.999999
2.000000
1.999999
2.000000
1.999999
2.000000
1.999999
2.000000
1.999999
2.000000
1.999999
2.000000
1.999999
2.000000
2.000000
2.000000
2.000000
2.000000
2.000000
2.000000
2.000000
2.000000
2.000000
2.000000
2.000000
2.000000
2.000000
2.000000
2.000000
2.000000
2.000000
2.000000
2.000000
2.000000
2.000000
2.000000
2.000000
2.000000
2.000000
2.000000
2.000000
2.000000
2.000000
2.000000
2.000000
2.000000
2.000000
2.000000
2.000000
2.000000
2.000000
2.000000
2.000000
2.000000
2.000000
2.000000
2.000000
2.000000
2.000000
2.000000
2.000000
2.000000
2.000000
2.000000
2.000000
2.000000
2.000000
2.000000
2.000000
2.000000
2.000000
2.000000
2.000000
2.000000
2.000000
2.000000
2.000000
2.000000
2.000000
2.000000
2.000000
2.000000
2.000000
2.000000
2.000000
2.000000
2.000000
2.000000
2.000000
2.000000
2.000000
2.000000
2.000000
2.000000
2.000000
2.000000
2.000000
2.000000
2.000000
2.000000
2.000000
2.000000
2.000000
2.000000
2.000000
2.000000
2.000000
2.000000
2.000000
2.000000
2.000000
2.000000
2.000000
2.000000
2.000000
2.000000
2.000000
2.000000
2.000000
2.000000
2.000000
2.000000
2.000000
2.000000
2.000000
2.000000
2.000000
2.000000
2.000000
2.000000
2.000000
2.000000
2.000000
2.000000
2.000000
2.000000
2.000000
2.000000
2.000000
2.000000
2.000000
2.000000
2.000000
2.000000
2.000000
2.000000
2.000000
2.000000
2.000000
2.000000
2.000000
2.000000
2.000000
2.000000
2.000000
2.000000
2.000000
2.000000
2.000000
2.000000
2.000000
2.000000
2.000000
2.000000
2.000000
2.000000
2.000000
2.000000
2.000000
2.000000
2.000000
2.000000
2.000000
2.000000
2.000000
2.000000
2.000000
2.000000
2.000000
2.000000
2.000000
2.000000
2.000000
2.000000
2.000000
2.000000
2.000000
2.000000
2.000000
2.000000
2.000000
2.000000
2.000000
2.000000
2.000000
2.000000
2.000000
2.000000
2.000000
2.000000
2.000000
2.000000
2.000000
2.000000
2.000000
2.000000
2.000000
2.000000
2.000000
2.000000
2.000000
2.000000
2.000000
2.000000
2.000000
2.000000
2.000000
2.000000
2.000000
2.000000
2.000000
2.000000
2.000000
2.000000
2.000000
2.000000
2.000000
2.000000
2.000000
2.000000
2.000000
2.000000
2.000000
2.000000
2.000000
2.000000
2.000000
2.000000
2.000000
2.000000
2.000000
2.000000
2.000000
2.000000
2.000000
2.000000
2.000000
2.000000
2.000000
2.000000
2.000000
2.000000
2.000000
2.000000
2.000000
2.000000
2.000000
2.000000
2.000000
2.000000
2.000000
2.000000
2.000000
2.000000
2.000000
2.000000
2.000000
2.000000
2.000000
2.000000
2.000000
2.000000
2.000000
2.000000
2.000000
2.000000
2.000000
2.000000
2.000000
2.000000
2.000000
2.000000
2.000000
2.000000
2.000000
2.000000
2.000000
2.000000
2.000000
2.000000
2.000000
2.000000
2.000000
2.000000
2.000000
2.000000
2.000000
2.000000
2.000000
2.000000
2.000000
2.000000
2.000000
2.000000
2.000000
2.000000
2.000000
2.000000
2.000000
2.000000
2.000000
2.000000
2.000000
2.000000
2.000000
2.000000
