2.207642
2.109612
2.050938
2.050938
2.109612
2.207642
2.335471
2.476152
2.622790
2.761263
2.887528
2.990349
3.068560
3.113812
3.127801
3.105014
3.049908
2.959654
2.841243
2.694218
2.527703
2.343107
2.151054
1.954046
1.763238
1.581053
1.417732
1.273930
1.157040
1.064111
0.998248
0.952592
0.926983
0.913105
0.910388
0.911679
0.917593
0.922817
0.929055
0.932379
0.935010
0.933903
0.931458
0.925405
0.918456
0.909530
0.902309
0.897809
0.901638
0.917681
0.953499
1.014472
1.107003
1.233383
1.394581
1.587179
1.806827
2.046243
2.298501
2.555020
2.808470
3.050616
3.274985
3.474620
3.644628
3.779874
3.877458
3.934371
3.949910
3.923311
3.856103
3.749722
3.607815
3.433821
3.233235
3.011162
2.774520
2.529567
2.284029
2.044572
1.818807
1.612671
1.432223
1.280933
1.161317
1.072509
1.012266
0.975648
0.957617
0.952437
0.955661
0.963305
0.972810
0.982197
0.990462
0.997069
1.002055
1.005952
1.009683
1.014848
1.023395
1.038143
1.062092
1.098980
1.152086
1.224708
1.318645
1.434913
1.572440
1.729307
1.901771
2.085809
2.276183
2.468007
2.655718
2.834566
2.999491
3.146549
3.271714
3.372257
3.445497
3.490146
3.505015
3.490330
3.446411
3.374950
3.277670
3.157575
3.017576
2.861728
2.693816
2.518571
2.340222
2.163680
1.993049
1.832769
1.686088
1.556185
1.444647
1.352676
1.279698
1.224821
1.185691
1.160179
1.145334
1.139055
1.138894
1.143571
1.151607
1.162721
1.176391
1.193208
1.213418
1.238241
1.268415
1.305460
1.350209
1.404027
1.467346
1.540879
1.624220
1.717109
1.818137
1.926071
2.038655
2.153970
2.269268
2.382342
2.490363
2.591219
2.682349
2.762049
2.828285
2.879975
2.915779
2.935360
2.938151
2.924593
2.894894
2.850238
2.791534
2.720606
2.638927
2.548797
2.452063
2.351279
2.248424
2.146049
2.045987
1.950495
1.860983
1.779150
1.705756
1.641777
1.587237
1.542401
1.506667
1.479793
1.460830
1.449328
1.444299
1.445358
1.451685
1.463101
1.479026
1.499492
1.524115
1.553056
1.586012
1.623144
1.664102
1.708926
1.757112
1.808494
1.862356
1.918303
1.975411
2.033093
2.090276
2.146263
2.199927
2.250564
2.297102
2.338938
2.375152
2.405332
2.428790
2.445370
2.454664
2.456808
2.451691
2.439741
2.421132
2.396554
2.366423
2.331636
2.292786
2.250900
2.206663
2.161142
2.115025
2.069330
2.024656
1.981894
1.941485
1.904133
1.870085
1.839832
1.813421
1.791145
1.772876
1.758748
1.748509
1.742185
1.739449
1.740267
1.744280
1.751422
1.761327
1.773914
1.788812
1.805927
1.824880
1.845556
1.867560
1.890750
1.914712
1.939276
1.964010
1.988726
2.012985
2.036595
2.059127
2.080407
2.100039
2.117885
2.133608
2.147129
2.158182
2.166765
2.172699
2.176067
2.176779
2.175007
2.170747
2.164249
2.155588
2.145077
2.132849
2.119261
2.104485
2.088898
2.072684
2.056217
2.039673
2.023400
2.007546
1.992417
1.978118
1.964903
1.952826
1.942084
1.932679
1.924753
1.918257
1.913285
1.909745
1.907687
1.906986
1.907658
1.909551
1.912654
1.916799
1.921953
1.927936
1.934701
1.942062
1.949963
1.958216
1.966761
1.975413
1.984115
1.992687
2.001080
2.009129
2.016792
2.023924
2.030501
2.036397
2.041608
2.046034
2.049694
2.052513
2.054534
2.055710
2.056106
2.055700
2.054578
2.052739
2.050287
2.047239
2.043709
2.039728
2.035416
2.030809
2.026031
2.021117
2.016185
2.011269
2.006478
2.001835
1.997438
1.993301
1.989504
1.986050
1.983004
1.980353
1.978149
1.976365
1.975037
1.974127
1.973658
1.973583
1.973912
1.974589
1.975617
1.976935
1.978537
1.980359
1.982391
1.984569
1.986880
1.989261
1.991699
1.994133
1.996554
1.998904
2.001177
2.003323
2.005339
2.007181
2.008854
2.010321
2.011592
2.012638
2.013475
2.014083
2.014482
2.014659
2.014641
2.014419
2.014026
2.013456
2.012746
2.011895
2.010938
2.009880
2.008756
2.007570
2.006357
2.005122
2.003896
2.002684
2.001515
2.000389
1.999335
1.998348
1.997454
1.996645
1.995942
1.995336
1.994842
1.994449
1.994168
1.993986
1.993910
1.993925
1.994035
1.994223
1.994493
1.994825
1.995221
1.995662
1.996148
1.996662
1.997202
1.997750
1.998308
1.998858
1.999400
1.999920
2.000418
2.000882
2.001315
2.001703
2.002052
2.002352
2.002607
2.002811
2.002970
2.003077
2.003140
2.003155
2.003130
2.003063
2.002961
2.002824
2.002660
2.002468
2.002258
2.002028
2.001788
2.001537
2.001284
2.001028
2.000778
2.000531
2.000297
2.000072
1.999865
1.999671
1.999499
1.999344
1.999211
1.999098
1.999008
1.998938
1.998890
1.998861
1.998853
1.998862
1.998890
1.998931
1.998988
1.999055
1.999134
1.999220
1.999314
1.999412
1.999514
1.999617
1.999720
1.999821
1.999920
2.000013
2.000102
2.000184
2.000259
2.000326
2.000385
2.000435
2.000477
2.000509
2.000534
2.000548
2.000556
2.000555
2.000547
2.000532
2.000512
2.000485
2.000455
2.000420
2.000382
2.000341
2.000299
2.000256
2.000213
2.000170
2.000128
2.000087
2.000048
2.000011
1.999978
1.999947
1.999920
1.999895
1.999875
1.999858
1.999844
1.999834
1.999828
1.999824
1.999824
1.999826
1.999831
1.999839
1.999848
1.999859
1.999872
1.999886
1.999901
1.999916
1.999931
1.999947
1.999963
1.999978
1.999992
2.000006
2.000019
2.000031
2.000041
2.000051
2.000059
2.000066
2.000071
2.000075
2.000078
2.000080
2.000080
2.000080
2.000078
2.000076
2.000072
2.000068
2.000064
2.000058
2.000053
2.000047
2.000041
2.000035
2.000029
2.000023
2.000017
2.000012
2.000006
2.000001
1.999997
1.999993
1.999990
1.999986
1.999984
1.999982
1.999980
1.999979
1.999978
1.999978
1.999978
1.999978
1.999979
1.999980
1.999981
1.999983
1.999985
1.999986
1.999988
1.999990
1.999992
1.999994
1.999996
1.999998
2.000000
2.000001
2.000003
2.000004
2.000005
2.000006
2.000007
2.000008
2.000009
2.000009
2.000009
2.000009
2.000009
2.000009
2.000009
2.000009
2.000008
2.000008
2.000007
2.000007
2.000006
2.000005
2.000005
2.000004
2.000003
2.000003
2.000002
2.000001
2.000001
2.000000
2.000000
1.999999
1.999999
1.999999
1.999998
1.999998
1.999998
1.999998
1.999998
1.999998
1.999998
1.999998
1.999998
1.999998
1.999998
1.999998
1.999998
1.999999
1.999999
1.999999
1.999999
1.999999
2.000000
2.000000
2.000000
2.000000
2.000000
2.000000
2.000001
2.000001
2.000001
2.000001
2.000001
2.000001
2.000001
2.000001
2.000001
2.000001
2.000001
2.000001
2.000001
2.000001
2.000001
2.000001
2.000001
2.000000
2.000000
2.000000
2.000000
2.000000
2.000000
2.000000
2.000000
2.000000
2.000000
2.000000
2.000000
2.000000
2.000000
2.000000
2.000000
2.000000
2.000000
2.000000
2.000000
2.000000
2.000000
2.000000
2.000000
2.000000
2.000000
2.000000
2.000000
2.000000
2.000000
2.000000
2.000000
2.000000
2.000000
2.000000
2.000000
2.000000
2.000000
2.000000
2.000000
2.000000
2.000000
2.000000
2.000000
2.000000
2.000000
2.000000
2.000000
2.000000
2.000000
2.000000
2.000000
2.000000
2.000000
2.000000
2.000000
2.000000
2.000000
2.000000
2.000000
2.000000
2.000000
2.000000
2.000000
2.000000
2.000000
2.000000
2.000000
2.000000
2.000000
2.000000
2.000000
2.000000
2.000000
2.000000
2.000000
2.000000
2.000000
2.000000
2.000000
2.000000
2.000000
2.000000
2.000000
2.000000
2.000000
2.000000
2.000000
2.000000
2.000000
2.000000
2.000000
2.000000
2.000000
2.000000
2.000000
2.000000
2.000000
2.000000
2.000000
2.000000
2.000000
2.000000
2.000000
2.000000
2.000000
2.000000
2.000000
2.000000
2.000000
2.000000
2.000000
2.000000
2.000000
2.000000
2.000000
2.000000
2.000000
2.000000
2.000000
2.000000
2.000000
2.000000
2.000000
2.000000
2.000000
2.000000
2.000000
2.000000
2.000000
2.000000
2.000000
2.000000
2.000000
2.000000
2.000000
2.000000
2.000000
2.000000
2.000000
2.000000
2.000000
2.000000
2.000000
2.000000
2.000000
2.000000
2.000000
2.000000
2.000000
2.000000
2.000000
2.000000
2.000000
2.000000
2.000000
2.000000
2.000000
2.000000
2.000000
2.000000
2.000000
2.000000
2.000000
2.000000
2.000000
2.000000
2.000000
2.000000
2.000000
2.000000
2.000000
2.000000
2.000000
2.000000
2.000000
2.000000
2.000000
2.000000
2.000000
2.000000
2.000000
2.000000
2.000000
2.000000
2.000000
2.000000
2.000000
2.000000
2.000000
2.000000
2.000000
2.000000
2.000000
2.000000
2.000000
2.000000
2.000000
2.000000
2.000000
2.000000
2.000000
2.000000
2.000000
2.000000
2.000000
2.000000
2.000000
2.000000
2.000000
2.000000
2.000000
2.000000
2.000000
2.000000
2.000000
2.000000
2.000000
2.000000
2.000000
2.000000
2.000000
2.000000
2.000000
2.000000
2.000000
2.000000
2.000000
2.000000
2.000000
2.000000
2.000000
2.000000
2.000000
2.000000
2.000000
2.000000
2.000000
2.000000
2.000000
2.000000
2.000000
2.000000
2.000000
2.000000
2.000000
2.000000
2.000000
2.000000
2.000000
2.000000
2.000000
2.000000
2.000000
2.000000
2.000000
2.000000
2.000000
2.000000
2.000000
2.000000
2.000000
2.000000
2.000000
2.000000
2.000000
2.000000
2.000000
2.000000
2.000000
2.000000
2.000000
2.000000
2.000000
2.000000
2.000000
2.000000
2.000000
2.000000
2.000000
2.000000
2.000000
2.000000
2.000000
2.000000
2.000000
2.000000
2.000000
2.000000
2.000000
2.000000
2.000000
2.000000
2.000000
2.000000
2.000000
2.000000
2.000000
2.000000
2.000000
2.000000
2.000000
2.000000
2.000000
2.000000
2.000000
2.000000
2.000000
2.000000
2.000000
2.000000
2.000000
2.000000
2.000000
2.000000
2.000000
2.000000
2.000000
2.000000
2.000000
2.000000
2.000000
2.000000
2.000000
2.000000
2.000000
2.000000
2.000000
2.000000
2.000000
2.000000
2.000000
2.000000
2.000000
