2.184436
2.101746
2.052595
2.052595
2.101746
2.184436
2.290808
2.407108
2.525655
2.635057
2.730144
2.802128
2.848526
2.863284
2.846688
2.795444
2.712569
2.597423
2.455568
2.288747
2.104700
1.907076
1.705183
1.503797
1.312798
1.136787
0.984510
0.858172
0.762711
0.695150
0.654757
0.633660
0.628502
0.631209
0.640063
0.649327
0.659543
0.666827
0.672954
0.674885
0.674756
0.669804
0.662206
0.649513
0.634280
0.615189
0.596434
0.579761
0.573358
0.584471
0.625966
0.707044
0.835969
1.012518
1.234370
1.493412
1.782434
2.090822
2.410339
2.730313
3.043064
3.338929
3.611571
3.852940
4.058522
4.222263
4.341778
4.413238
4.436540
4.410165
4.336313
4.215723
4.052778
3.850297
3.614603
3.350292
3.065271
2.765497
2.459986
2.155516
1.861589
1.585067
1.335003
1.117105
0.938220
0.800390
0.704869
0.646471
0.618992
0.612358
0.619313
0.632176
0.647221
0.660448
0.670903
0.676862
0.678916
0.676837
0.672504
0.667414
0.665353
0.670367
0.688761
0.726875
0.791597
0.887614
1.017523
1.180507
1.373748
1.592211
1.830187
2.080954
2.337993
2.594433
2.844066
3.080689
3.299025
3.494009
3.661660
3.798335
3.901566
3.969282
4.000619
3.995120
3.953513
3.876894
3.767478
3.627760
3.461251
3.271614
3.063386
2.841096
2.609967
2.375021
2.141755
1.915222
1.700668
1.502570
1.325189
1.171550
1.043892
0.942652
0.867007
0.814259
0.780865
0.762466
0.755077
0.755105
0.760032
0.768169
0.778906
0.792453
0.809875
0.832911
0.863811
0.905151
0.959430
1.028865
1.114909
1.218229
1.338397
1.474172
1.623382
1.783357
1.950848
2.122474
2.294591
2.463713
2.626319
2.779240
2.919436
3.044341
3.151621
3.239492
3.306456
3.351606
3.374332
3.374620
3.352741
3.309531
3.246069
3.163947
3.064932
2.951229
2.825136
2.689293
2.546329
2.399111
2.250376
2.102975
1.959501
1.822524
1.694210
1.576564
1.471047
1.378835
1.300471
1.236184
1.185602
1.148163
1.122897
1.108900
1.105106
1.110750
1.125060
1.147650
1.178121
1.216404
1.262296
1.315793
1.376612
1.444553
1.519041
1.599521
1.685038
1.774671
1.867131
1.961223
2.055453
2.148495
2.238806
2.325086
2.405889
2.480081
2.546436
2.604088
2.652122
2.690014
2.717213
2.733573
2.738927
2.733513
2.717538
2.691599
2.656240
2.612368
2.560804
2.502692
2.439053
2.371185
2.300215
2.227498
2.154167
2.081534
2.010639
1.942652
1.878431
1.818922
1.764730
1.716526
1.674625
1.639412
1.610923
1.589286
1.574308
1.565919
1.563767
1.567654
1.577131
1.591925
1.611532
1.635634
1.663686
1.695333
1.729992
1.767273
1.806556
1.847416
1.889207
1.931482
1.973588
2.015079
2.055319
2.093897
2.130224
2.163954
2.194577
2.221840
2.245340
2.264936
2.280352
2.291576
2.298462
2.301133
2.299575
2.294038
2.284629
2.271710
2.255490
2.236423
2.214792
2.191112
2.165715
2.139143
2.111743
2.084052
2.056402
2.029297
2.003020
1.978019
1.954508
1.932859
1.913204
1.895826
1.880772
1.868235
1.858175
1.850705
1.845707
1.843220
1.843064
1.845218
1.849451
1.855695
1.863684
1.873319
1.884307
1.896530
1.909681
1.923633
1.938078
1.952888
1.967764
1.982587
1.997074
2.011126
2.024486
2.037081
2.048685
2.059261
2.068618
2.076759
2.083534
2.088985
2.093007
2.095681
2.096942
2.096911
2.095561
2.093045
2.089368
2.084711
2.079102
2.072741
2.065674
2.058110
2.050102
2.041861
2.033439
2.025040
2.016706
2.008629
2.000835
1.993495
1.986618
1.980350
1.974677
1.969721
1.965443
1.961941
1.959152
1.957149
1.955849
1.955305
1.955414
1.956211
1.957580
1.959540
1.961966
1.964867
1.968111
1.971703
1.975506
1.979525
1.983626
1.987813
1.991958
1.996069
2.000027
2.003847
2.007419
2.010769
2.013797
2.016539
2.018908
2.020952
2.022596
2.023897
2.024794
2.025354
2.025526
2.025386
2.024892
2.024129
2.023061
2.021777
2.020248
2.018566
2.016705
2.014757
2.012697
2.010616
2.008489
2.006402
2.004329
2.002351
2.000437
1.998665
1.996997
1.995505
1.994146
1.992984
1.991974
1.991170
1.990524
1.990084
1.989795
1.989702
1.989746
1.989967
1.990304
1.990792
1.991369
1.992067
1.992825
1.993673
1.994548
1.995482
1.996412
1.997371
1.998299
1.999228
2.000101
2.000952
2.001728
2.002463
2.003108
2.003700
2.004192
2.004625
2.004954
2.005221
2.005385
2.005491
2.005499
2.005456
2.005325
2.005151
2.004902
2.004624
2.004283
2.003927
2.003523
2.003117
2.002678
2.002250
2.001804
2.001381
2.000951
2.000556
2.000163
1.999814
1.999475
1.999185
1.998912
1.998691
1.998489
1.998340
1.998211
1.998135
1.998077
1.998068
1.998074
1.998126
1.998188
1.998289
1.998396
1.998536
1.998676
1.998842
1.999002
1.999182
1.999350
1.999533
1.999699
1.999874
2.000027
2.000186
2.000320
2.000456
2.000566
2.000674
2.000755
2.000834
2.000885
2.000933
2.000955
2.000975
2.000969
2.000962
2.000932
2.000904
2.000854
2.000808
2.000743
2.000684
2.000610
2.000543
2.000464
2.000395
2.000315
2.000247
2.000171
2.000109
2.000040
1.999986
1.999927
1.999883
1.999835
1.999803
1.999767
1.999747
1.999723
1.999715
1.999702
1.999705
1.999703
1.999715
1.999721
1.999741
1.999755
1.999780
1.999798
1.999827
1.999849
1.999879
1.999902
1.999933
1.999955
1.999984
2.000004
2.000030
2.000047
2.000070
2.000083
2.000101
2.000110
2.000124
2.000128
2.000137
2.000137
2.000142
2.000139
2.000140
2.000133
2.000131
2.000121
2.000117
2.000105
2.000099
2.000086
2.000078
2.000065
2.000057
2.000044
2.000037
2.000024
2.000018
2.000006
2.000001
1.999991
1.999987
1.999979
1.999977
1.999970
1.999969
1.999964
1.999965
1.999962
1.999964
1.999962
1.999965
1.999964
1.999968
1.999969
1.999973
1.999974
1.999979
1.999981
1.999986
1.999987
1.999993
1.999994
1.999999
2.000000
2.000005
2.000005
2.000009
2.000009
2.000013
2.000013
2.000016
2.000015
2.000017
2.000016
2.000018
2.000016
2.000017
2.000015
2.000016
2.000014
2.000014
2.000012
2.000012
2.000009
2.000010
2.000007
2.000007
2.000005
2.000005
2.000002
2.000003
2.000000
2.000001
1.999999
1.999999
1.999997
1.999998
1.999996
1.999997
1.999996
1.999997
1.999996
1.999997
1.999996
1.999997
1.999996
1.999997
1.999996
1.999998
1.999997
1.999998
1.999998
1.999999
1.999998
2.000000
1.999999
2.000000
2.000000
2.000001
2.000000
2.000001
2.000001
2.000002
2.000001
2.000002
2.000001
2.000002
2.000001
2.000002
2.000001
2.000002
2.000001
2.000002
2.000001
2.000002
2.000001
2.000001
2.000001
2.000001
2.000000
2.000001
2.000000
2.000001
2.000000
2.000001
2.000000
2.000000
2.000000
2.000000
2.000000
2.000000
1.999999
2.000000
1.999999
2.000000
1.999999
2.000000
1.999999
2.000000
1.999999
2.000000
1.999999
2.000000
2.000000
2.000000
2.000000
2.000000
2.000000
2.000000
2.000000
2.000000
2.000000
2.000000
2.000000
2.000000
2.000000
2.000000
2.000000
2.000000
2.000000
2.000000
2.000000
2.000000
2.000000
2.000000
2.000000
2.000000
2.000000
2.000000
2.000000
2.000000
2.000000
2.000000
2.000000
2.000000
2.000000
2.000000
2.000000
2.000000
2.000000
2.000000
2.000000
2.000000
2.000000
2.000000
2.000000
2.000000
2.000000
2.000000
2.000000
2.000000
2.000000
2.000000
2.000000
2.000000
2.000000
2.000000
2.000000
2.000000
2.000000
2.000000
2.000000
2.000000
2.000000
2.000000
2.000000
2.000000
2.000000
2.000000
2.000000
2.000000
2.000000
2.000000
2.000000
2.000000
2.000000
2.000000
2.000000
2.000000
2.000000
2.000000
2.000000
2.000000
2.000000
2.000000
2.000000
2.000000
2.000000
2.000000
2.000000
2.000000
2.000000
2.000000
2.000000
2.000000
2.000000
2.000000
2.000000
2.000000
2.000000
2.000000
2.000000
2.000000
2.000000
2.000000
2.000000
2.000000
2.000000
2.000000
2.000000
2.000000
2.000000
2.000000
2.000000
2.000000
2.000000
2.000000
2.000000
2.000000
2.000000
2.000000
2.000000
2.000000
2.000000
2.000000
2.000000
2.000000
2.000000
2.000000
2.000000
2.000000
2.000000
2.000000
2.000000
2.000000
2.000000
2.000000
2.000000
2.000000
2.000000
2.000000
2.000000
2.000000
2.000000
2.000000
2.000000
2.000000
2.000000
2.000000
2.000000
2.000000
2.000000
2.000000
2.000000
2.000000
2.000000
2.000000
2.000000
2.000000
2.000000
2.000000
2.000000
2.000000
2.000000
2.000000
2.000000
2.000000
2.000000
2.000000
2.000000
2.000000
2.000000
2.000000
2.000000
2.000000
2.000000
2.000000
2.000000
2.000000
2.000000
2.000000
2.000000
2.000000
2.000000
2.000000
2.000000
2.000000
2.000000
2.000000
2.000000
2.000000
2.000000
2.000000
2.000000
2.000000
2.000000
2.000000
2.000000
2.000000
2.000000
2.000000
2.000000
2.000000
2.000000
2.000000
2.000000
2.000000
2.000000
2.000000
2.000000
2.000000
2.000000
2.000000
2.000000
2.000000
2.000000
2.000000
2.000000
2.000000
2.000000
2.000000
2.000000
2.000000
2.000000
2.000000
2.000000
2.000000
2.000000
2.000000
2.000000
2.000000
2.000000
2.000000
2.000000
2.000000
2.000000
2.000000
2.000000
2.000000
2.000000
2.000000
2.000000
2.000000
2.000000
2.000000
2.000000
2.000000
2.000000
2.000000
2.000000
2.000000
2.000000
2.000000
2.000000
2.000000
2.000000
2.000000
2.000000
2.000000
2.000000
2.000000
2.000000
2.000000
2.000000
2.000000
2.000000
2.000000
2.000000
2.000000
2.000000
2.000000
2.000000
2.000000
2.000000
2.000000
2.000000
2.000000
2.000000
2.000000
2.000000
2.000000
2.000000
2.000000
2.000000
2.000000
2.000000
2.000000
2.000000
2.000000
2.000000
2.000000
2.000000
2.000000
2.000000
2.000000
2.000000
2.000000
2.000000
2.000000
2.000000
2.000000
2.000000
2.000000
2.000000
2.000000
2.000000
2.000000
2.000000
2.000000
