2.171380
2.093842
2.047892
2.047892
2.093842
2.171380
2.270552
2.378703
2.487895
2.587698
2.672561
2.734568
2.770786
2.775978
2.749942
2.690177
2.599192
2.477132
2.329049
2.157474
1.969648
1.770019
1.567413
1.367416
1.179418
1.008774
0.863599
0.746526
0.661318
0.604689
0.574176
0.561565
0.562490
0.569446
0.580528
0.590921
0.601130
0.608055
0.613324
0.614456
0.613313
0.607488
0.598800
0.584996
0.568241
0.547335
0.526215
0.506966
0.498192
0.508460
0.552189
0.639891
0.779518
0.969653
1.206610
1.481304
1.785829
2.109164
2.442777
2.775835
3.100521
3.407107
3.689181
3.938669
4.151010
4.320145
4.443656
4.517718
4.542205
4.515611
4.440115
4.316476
4.149066
3.940727
3.697782
3.424864
3.129895
2.818892
2.500920
2.182870
1.874373
1.582526
1.316707
1.083153
0.889465
0.738719
0.633294
0.568722
0.538590
0.531751
0.539787
0.554090
0.570462
0.584581
0.595427
0.601145
0.602345
0.598695
0.592148
0.584217
0.579030
0.581110
0.597734
0.636312
0.704802
0.808205
0.948823
1.124970
1.333015
1.567086
1.820950
2.087371
2.359583
2.630406
2.893537
3.142568
3.372202
3.577220
3.753662
3.897761
4.007089
4.079467
4.114086
4.110392
4.069177
3.991449
3.879495
3.735733
3.563755
3.367158
3.150577
2.918496
2.676261
2.428887
2.182047
1.940858
1.710844
1.496684
1.303107
1.133559
0.990986
0.876420
0.789723
0.728456
0.689115
0.666832
0.657074
0.655512
0.659159
0.665868
0.674899
0.686367
0.701555
0.722457
0.751846
0.792787
0.848370
0.921173
1.012902
1.124147
1.254309
1.401758
1.563977
1.737858
1.919836
2.106165
2.292977
2.476503
2.653079
2.819323
2.972105
3.108695
3.226707
3.324224
3.399723
3.452185
3.480994
3.486042
3.467606
3.426440
3.363644
3.280740
3.179531
3.062168
2.930998
2.788629
2.637767
2.481275
2.322004
2.162852
2.006582
1.855879
1.713166
1.580650
1.460141
1.353100
1.260475
1.182789
1.120020
1.071785
1.037296
1.015646
1.005783
1.006829
1.017972
1.038718
1.068669
1.107694
1.155624
1.212409
1.277784
1.351463
1.432833
1.521200
1.615520
1.714689
1.817304
1.921974
2.027082
2.131118
2.232427
2.329541
2.420925
2.505293
2.581352
2.648107
2.704592
2.750172
2.784265
2.806631
2.817086
2.815791
2.802953
2.779106
2.744810
2.700925
2.648308
2.588077
2.521305
2.449291
2.373237
2.294526
2.214397
2.134220
2.055174
1.978520
1.905284
1.836532
1.773060
1.715675
1.664886
1.621207
1.584851
1.556042
1.534725
1.520882
1.514244
1.514617
1.521586
1.534840
1.553871
1.578293
1.607532
1.641144
1.678505
1.719121
1.762322
1.807577
1.854185
1.901591
1.949085
1.996121
2.042007
2.086236
2.128172
2.167377
2.203306
2.235621
2.263892
2.287907
2.307368
2.322204
2.332261
2.337612
2.338246
2.334374
2.326118
2.313813
2.297697
2.278206
2.255664
2.230585
2.203350
2.174513
2.144481
2.113816
2.082916
2.052320
2.022388
1.993604
1.966263
1.940775
1.917351
1.896310
1.877769
1.861952
1.848880
1.838680
1.831286
1.826738
1.824890
1.825711
1.828990
1.834639
1.842395
1.852131
1.863549
1.876492
1.890645
1.905835
1.921741
1.938188
1.954859
1.971591
1.988081
2.004188
2.019634
2.034307
2.047965
2.060532
2.071808
2.081759
2.090228
2.097229
2.102652
2.106556
2.108876
2.109716
2.109054
2.107030
2.103661
2.099120
2.093450
2.086849
2.079382
2.071261
2.062560
2.053496
2.044146
2.034722
2.025294
2.016061
2.007077
1.998524
1.990435
1.982967
1.976127
1.970048
1.964710
1.960217
1.956522
1.953703
1.951687
1.950528
1.950133
1.950531
1.951612
1.953390
1.955740
1.958662
1.962024
1.965818
1.969907
1.974280
1.978801
1.983459
1.988122
1.992784
1.997320
2.001732
2.005906
2.009853
2.013471
2.016783
2.019700
2.022259
2.024383
2.026122
2.027411
2.028315
2.028780
2.028879
2.028573
2.027942
2.026954
2.025698
2.024149
2.022398
2.020425
2.018325
2.016077
2.013775
2.011400
2.009043
2.006681
2.004402
2.002178
2.000092
1.998111
1.996310
1.994652
1.993204
1.991922
1.990867
1.989989
1.989341
1.988868
1.988618
1.988531
1.988648
1.988907
1.989345
1.989895
1.990593
1.991372
1.992264
1.993201
1.994216
1.995241
1.996310
1.997356
1.998415
1.999421
2.000411
2.001326
2.002202
2.002983
2.003710
2.004329
2.004883
2.005323
2.005693
2.005948
2.006135
2.006211
2.006225
2.006136
2.005996
2.005766
2.005497
2.005152
2.004783
2.004355
2.003918
2.003438
2.002964
2.002463
2.001984
2.001491
2.001032
2.000572
2.000157
1.999750
1.999396
1.999057
1.998776
1.998514
1.998313
1.998133
1.998013
1.997914
1.997872
1.997848
1.997878
1.997921
1.998012
1.998110
1.998250
1.998390
1.998565
1.998734
1.998931
1.999115
1.999320
1.999507
1.999708
1.999886
2.000072
2.000232
2.000396
2.000530
2.000666
2.000770
2.000873
2.000944
2.001014
2.001052
2.001089
2.001094
2.001101
2.001078
2.001058
2.001010
2.000968
2.000901
2.000842
2.000762
2.000692
2.000604
2.000528
2.000437
2.000361
2.000272
2.000200
2.000118
2.000054
1.999981
1.999927
1.999866
1.999825
1.999777
1.999749
1.999715
1.999700
1.999679
1.999677
1.999668
1.999677
1.999679
1.999698
1.999708
1.999735
1.999752
1.999783
1.999804
1.999839
1.999863
1.999898
1.999922
1.999957
1.999979
2.000011
2.000031
2.000059
2.000075
2.000099
2.000110
2.000129
2.000135
2.000149
2.000150
2.000160
2.000156
2.000161
2.000153
2.000154
2.000143
2.000141
2.000128
2.000123
2.000108
2.000102
2.000085
2.000078
2.000062
2.000055
2.000039
2.000033
2.000018
2.000013
1.999999
1.999995
1.999983
1.999981
1.999971
1.999971
1.999963
1.999964
1.999958
1.999961
1.999957
1.999961
1.999958
1.999964
1.999962
1.999968
1.999967
1.999974
1.999974
1.999981
1.999981
1.999989
1.999989
1.999996
1.999996
2.000002
2.000002
2.000008
2.000007
2.000013
2.000012
2.000017
2.000015
2.000019
2.000017
2.000020
2.000017
2.000020
2.000017
2.000019
2.000016
2.000018
2.000014
2.000016
2.000012
2.000013
2.000009
2.000010
2.000006
2.000008
2.000004
2.000005
2.000001
2.000003
1.999999
2.000001
1.999997
1.999999
1.999996
1.999998
1.999995
1.999997
1.999995
1.999997
1.999995
1.999997
1.999995
1.999997
1.999995
1.999998
1.999996
1.999998
1.999996
1.999999
1.999997
2.000000
1.999998
2.000000
1.999999
2.000001
1.999999
2.000002
2.000000
2.000002
2.000000
2.000002
2.000001
2.000003
2.000001
2.000003
2.000001
2.000003
2.000001
2.000003
2.000001
2.000002
2.000001
2.000002
2.000000
2.000002
2.000000
2.000002
2.000000
2.000001
2.000000
2.000001
2.000000
2.000001
1.999999
2.000001
1.999999
2.000001
1.999999
2.000000
1.999999
2.000000
1.999999
2.000000
1.999999
2.000000
1.999999
2.000000
1.999999
2.000000
1.999999
2.000000
1.999999
2.000000
1.999999
2.000000
1.999999
2.000000
1.999999
2.000001
1.999999
2.000001
2.000000
2.000001
2.000000
2.000001
2.000000
2.000001
2.000000
2.000001
2.000000
2.000001
2.000000
2.000001
2.000000
2.000001
2.000000
2.000001
2.000000
2.000001
2.000000
2.000000
2.000000
2.000000
2.000000
2.000000
2.000000
2.000000
2.000000
2.000000
2.000000
2.000000
2.000000
2.000000
2.000000
2.000000
2.000000
2.000000
2.000000
2.000000
2.000000
2.000000
2.000000
2.000000
2.000000
2.000000
2.000000
2.000000
2.000000
2.000000
2.000000
2.000000
2.000000
2.000000
2.000000
2.000000
2.000000
2.000000
2.000000
2.000000
2.000000
2.000000
2.000000
2.000000
2.000000
2.000000
2.000000
2.000000
2.000000
2.000000
2.000000
2.000000
2.000000
2.000000
2.000000
2.000000
2.000000
2.000000
2.000000
2.000000
2.000000
2.000000
2.000000
2.000000
2.000000
2.000000
2.000000
2.000000
2.000000
2.000000
2.000000
2.000000
2.000000
2.000000
2.000000
2.000000
2.000000
2.000000
2.000000
2.000000
2.000000
2.000000
2.000000
2.000000
2.000000
2.000000
2.000000
2.000000
2.000000
2.000000
2.000000
2.000000
2.000000
2.000000
2.000000
2.000000
2.000000
2.000000
2.000000
2.000000
2.000000
2.000000
2.000000
2.000000
2.000000
2.000000
2.000000
2.000000
2.000000
2.000000
2.000000
2.000000
2.000000
2.000000
2.000000
2.000000
2.000000
2.000000
2.000000
2.000000
2.000000
2.000000
2.000000
2.000000
2.000000
2.000000
2.000000
2.000000
2.000000
2.000000
2.000000
2.000000
2.000000
2.000000
2.000000
2.000000
2.000000
2.000000
2.000000
2.000000
2.000000
2.000000
2.000000
2.000000
2.000000
2.000000
2.000000
2.000000
2.000000
2.000000
2.000000
2.000000
2.000000
2.000000
2.000000
2.000000
2.000000
2.000000
2.000000
2.000000
2.000000
2.000000
2.000000
2.000000
2.000000
2.000000
2.000000
2.000000
2.000000
2.000000
2.000000
2.000000
2.000000
2.000000
2.000000
2.000000
2.000000
2.000000
2.000000
2.000000
2.000000
2.000000
2.000000
2.000000
2.000000
2.000000
2.000000
2.000000
2.000000
2.000000
2.000000
2.000000
2.000000
2.000000
2.000000
2.000000
2.000000
2.000000
2.000000
2.000000
2.000000
2.000000
2.000000
2.000000
2.000000
2.000000
2.000000
2.000000
2.000000
2.000000
2.000000
2.000000
2.000000
2.000000
2.000000
2.000000
2.000000
2.000000
2.000000
2.000000
2.000000
2.000000
2.000000
2.000000
2.000000
2.000000
2.000000
2.000000
2.000000
2.000000
2.000000
2.000000
2.000000
2.000000
2.000000
2.000000
2.000000
2.000000
2.000000
2.000000
2.000000
2.000000
2.000000
2.000000
2.000000
2.000000
2.000000
2.000000
2.000000
2.000000
2.000000
2.000000
2.000000
2.000000
2.000000
2.000000
2.000000
2.000000
2.000000
2.000000
2.000000
2.000000
2.000000
2.000000
2.000000
1.999999
1.999999
1.999999
1.999999
1.999999
1.999999
1.999999
1.999999
1.999999
1.999999
1.999999
