2.176772
2.097147
2.049904
2.049904
2.097147
2.176772
2.278864
2.390327
2.503325
2.607041
2.696075
2.762159
2.802539
2.811650
2.789481
2.733213
2.645555
2.526336
2.380809
2.211187
2.024907
1.826093
1.623759
1.423160
1.233878
1.060960
0.912771
0.791777
0.702236
0.641021
0.606401
0.590316
0.588797
0.594087
0.604340
0.614348
0.624627
0.631749
0.637403
0.638878
0.638150
0.632666
0.624394
0.611001
0.594819
0.574600
0.554398
0.536164
0.528339
0.538933
0.581711
0.666640
0.801851
0.986445
1.217303
1.485717
1.784055
2.101443
2.429466
2.757343
3.077314
3.379668
3.658027
3.904318
4.114005
4.281023
4.402974
4.476022
4.500060
4.473566
4.398737
4.276316
4.110685
3.904672
3.664607
3.395102
3.104081
2.797530
2.484505
2.171848
1.869148
1.583408
1.323891
1.096624
0.908920
0.763432
0.662071
0.600035
0.570982
0.564204
0.571782
0.585488
0.601322
0.615081
0.625774
0.631589
0.633134
0.630113
0.624460
0.617682
0.613775
0.617061
0.634412
0.672777
0.739669
0.839974
0.976150
1.146889
1.348904
1.576658
1.824129
2.084276
2.350430
2.615525
2.873296
3.117408
3.342573
3.543628
3.716606
3.857784
3.964720
4.035276
4.068620
4.064235
4.022889
3.945622
3.834695
3.692554
3.522760
3.328937
3.115682
2.887495
2.649678
2.407249
2.165814
1.930469
1.706633
1.498907
1.311845
1.148725
1.012214
0.903095
0.820941
0.763183
0.726288
0.705589
0.696784
0.695853
0.700013
0.707310
0.717065
0.729430
0.745600
0.767457
0.797554
0.838739
0.893851
0.965312
1.054729
1.162728
1.288794
1.431465
1.588372
1.756588
1.932678
2.113044
2.293906
2.471607
2.642540
2.803405
2.951107
3.082979
3.196655
3.290270
3.362311
3.411799
3.438124
3.441212
3.421339
3.379291
3.316161
3.233496
3.133089
3.017110
2.887891
2.748052
2.600272
2.447418
2.292300
2.137799
1.986619
1.841402
1.704476
1.577972
1.463565
1.362605
1.275876
1.203777
1.146135
1.102486
1.071955
1.053624
1.046430
1.049535
1.062140
1.083794
1.114098
1.152945
1.200151
1.255683
1.319270
1.390662
1.469263
1.554436
1.645176
1.740456
1.838921
1.939259
2.039907
2.139427
2.236212
2.328862
2.415877
2.496034
2.568065
2.631029
2.683979
2.726327
2.757502
2.777302
2.785552
2.782444
2.768185
2.743336
2.708453
2.664416
2.612067
2.552540
2.486887
2.416410
2.342285
2.265884
2.188408
2.111207
2.035407
1.962235
1.892650
1.827674
1.768025
1.714453
1.667388
1.627289
1.594293
1.568580
1.550032
1.538605
1.533990
1.535987
1.544163
1.558219
1.577645
1.602081
1.630964
1.663887
1.700240
1.739573
1.781238
1.824746
1.869419
1.914749
1.960049
2.004813
2.048375
2.090267
2.129873
2.166793
2.200497
2.230683
2.256931
2.279061
2.296783
2.310053
2.318719
2.322877
2.322514
2.317860
2.309030
2.296374
2.280116
2.260703
2.238443
2.213852
2.187291
2.159311
2.130295
2.100798
2.071190
2.041997
2.013547
1.986311
1.960550
1.936658
1.914813
1.895319
1.878262
1.863854
1.852087
1.843083
1.836751
1.833131
1.832060
1.833510
1.837260
1.843230
1.851155
1.860917
1.872220
1.884923
1.898714
1.913438
1.928779
1.944582
1.960536
1.976498
1.992173
2.007437
2.022021
2.035830
2.048628
2.060357
2.070819
2.079997
2.087738
2.094067
2.098877
2.102236
2.104080
2.104521
2.103535
2.101268
2.097732
2.093104
2.087423
2.080887
2.073552
2.065632
2.057190
2.048444
2.039458
2.030442
2.021455
2.012692
2.004197
1.996146
1.988562
1.981599
1.975253
1.969653
1.964770
1.960706
1.957407
1.954949
1.953254
1.952374
1.952212
1.952801
1.954025
1.955903
1.958307
1.961243
1.964576
1.968305
1.972292
1.976533
1.980892
1.985366
1.989822
1.994262
1.998562
2.002732
2.006655
2.010353
2.013722
2.016793
2.019476
2.021814
2.023729
2.025277
2.026392
2.027142
2.027473
2.027461
2.027065
2.026367
2.025334
2.024055
2.022503
2.020771
2.018835
2.016790
2.014612
2.012396
2.010118
2.007869
2.005624
2.003468
2.001372
1.999417
1.997567
1.995897
1.994366
1.993041
1.991876
1.990931
1.990154
1.989599
1.989209
1.989031
1.989005
1.989173
1.989470
1.989935
1.990502
1.991207
1.991982
1.992861
1.993776
1.994762
1.995751
1.996777
1.997777
1.998783
1.999735
2.000668
2.001525
2.002342
2.003066
2.003735
2.004300
2.004801
2.005192
2.005517
2.005731
2.005882
2.005927
2.005914
2.005804
2.005648
2.005406
2.005131
2.004785
2.004419
2.003998
2.003572
2.003107
2.002652
2.002172
2.001715
2.001248
2.000815
2.000383
1.999995
1.999617
1.999290
1.998979
1.998723
1.998488
1.998310
1.998152
1.998052
1.997971
1.997945
1.997935
1.997975
1.998028
1.998125
1.998228
1.998369
1.998510
1.998683
1.998849
1.999040
1.999218
1.999414
1.999593
1.999783
1.999951
2.000127
2.000275
2.000428
2.000551
2.000676
2.000769
2.000862
2.000924
2.000985
2.001015
2.001045
2.001045
2.001045
2.001019
2.000994
2.000945
2.000901
2.000834
2.000775
2.000696
2.000628
2.000543
2.000469
2.000383
2.000310
2.000226
2.000159
2.000082
2.000022
1.999955
1.999905
1.999850
1.999813
1.999770
1.999745
1.999716
1.999704
1.999687
1.999687
1.999681
1.999692
1.999696
1.999715
1.999727
1.999753
1.999771
1.999802
1.999823
1.999857
1.999880
1.999914
1.999937
1.999969
1.999990
2.000020
2.000039
2.000065
2.000079
2.000101
2.000111
2.000128
2.000133
2.000145
2.000146
2.000153
2.000149
2.000153
2.000145
2.000145
2.000134
2.000131
2.000118
2.000113
2.000098
2.000092
2.000076
2.000069
2.000054
2.000047
2.000032
2.000026
2.000012
2.000007
1.999995
1.999991
1.999981
1.999979
1.999970
1.999970
1.999963
1.999964
1.999959
1.999962
1.999959
1.999963
1.999960
1.999966
1.999965
1.999970
1.999970
1.999976
1.999977
1.999983
1.999984
1.999990
1.999991
1.999997
1.999998
2.000003
2.000003
2.000009
2.000008
2.000013
2.000012
2.000016
2.000015
2.000018
2.000016
2.000019
2.000017
2.000019
2.000016
2.000018
2.000015
2.000016
2.000013
2.000014
2.000011
2.000012
2.000008
2.000009
2.000006
2.000006
2.000003
2.000004
2.000001
2.000002
1.999999
2.000000
1.999997
1.999999
1.999996
1.999998
1.999995
1.999997
1.999995
1.999997
1.999995
1.999997
1.999995
1.999997
1.999996
1.999998
1.999996
1.999998
1.999997
1.999999
1.999998
2.000000
1.999998
2.000000
1.999999
2.000001
2.000000
2.000001
2.000000
2.000002
2.000001
2.000002
2.000001
2.000002
2.000001
2.000002
2.000001
2.000002
2.000001
2.000002
2.000001
2.000002
2.000001
2.000002
2.000001
2.000002
2.000000
2.000001
2.000000
2.000001
2.000000
2.000001
2.000000
2.000001
1.999999
2.000000
1.999999
2.000000
1.999999
2.000000
1.999999
2.000000
1.999999
2.000000
1.999999
2.000000
1.999999
2.000000
1.999999
2.000000
1.999999
2.000000
1.999999
2.000000
1.999999
2.000000
2.000000
2.000000
2.000000
2.000000
2.000000
2.000000
2.000000
2.000000
2.000000
2.000000
2.000000
2.000000
2.000000
2.000000
2.000000
2.000000
2.000000
2.000000
2.000000
2.000000
2.000000
2.000000
2.000000
2.000000
2.000000
2.000000
2.000000
2.000000
2.000000
2.000000
2.000000
2.000000
2.000000
2.000000
2.000000
2.000000
2.000000
2.000000
2.000000
2.000000
2.000000
2.000000
2.000000
2.000000
2.000000
2.000000
2.000000
2.000000
2.000000
2.000000
2.000000
2.000000
2.000000
2.000000
2.000000
2.000000
2.000000
2.000000
2.000000
2.000000
2.000000
2.000000
2.000000
2.000000
2.000000
2.000000
2.000000
2.000000
2.000000
2.000000
2.000000
2.000000
2.000000
2.000000
2.000000
2.000000
2.000000
2.000000
2.000000
2.000000
2.000000
2.000000
2.000000
2.000000
2.000000
2.000000
2.000000
2.000000
2.000000
2.000000
2.000000
2.000000
2.000000
2.000000
2.000000
2.000000
2.000000
2.000000
2.000000
2.000000
2.000000
2.000000
2.000000
2.000000
2.000000
2.000000
2.000000
2.000000
2.000000
2.000000
2.000000
2.000000
2.000000
2.000000
2.000000
2.000000
2.000000
2.000000
2.000000
2.000000
2.000000
2.000000
2.000000
2.000000
2.000000
2.000000
2.000000
2.000000
2.000000
2.000000
2.000000
2.000000
2.000000
2.000000
2.000000
2.000000
2.000000
2.000000
2.000000
2.000000
2.000000
2.000000
2.000000
2.000000
2.000000
2.000000
2.000000
2.000000
2.000000
2.000000
2.000000
2.000000
2.000000
2.000000
2.000000
2.000000
2.000000
2.000000
2.000000
2.000000
2.000000
2.000000
2.000000
2.000000
2.000000
2.000000
2.000000
2.000000
2.000000
2.000000
2.000000
2.000000
2.000000
2.000000
2.000000
2.000000
2.000000
2.000000
2.000000
2.000000
2.000000
2.000000
2.000000
2.000000
2.000000
2.000000
2.000000
2.000000
2.000000
2.000000
2.000000
2.000000
2.000000
2.000000
2.000000
2.000000
2.000000
2.000000
2.000000
2.000000
2.000000
2.000000
2.000000
2.000000
2.000000
2.000000
2.000000
2.000000
2.000000
2.000000
2.000000
2.000000
2.000000
2.000000
2.000000
2.000000
2.000000
2.000000
2.000000
2.000000
2.000000
2.000000
2.000000
2.000000
2.000000
2.000000
2.000000
2.000000
2.000000
2.000000
2.000000
2.000000
2.000000
2.000000
2.000000
2.000000
2.000000
2.000000
2.000000
2.000000
2.000000
2.000000
2.000000
2.000000
2.000000
2.000000
2.000000
2.000000
2.000000
2.000000
2.000000
2.000000
2.000000
2.000000
2.000000
2.000000
2.000000
2.000000
2.000000
2.000000
2.000000
2.000000
2.000000
2.000000
2.000000
2.000000
2.000000
2.000000
2.000000
2.000000
2.000000
2.000000
2.000000
2.000000
2.000000
2.000000
2.000000
2.000000
2.000000
2.000000
2.000000
2.000000
2.000000
2.000000
2.000000
2.000000
2.000000
2.000000
2.000000
2.000000
2.000000
2.000000
2.000000
2.000000
2.000000
2.000000
2.000000
2.000000
2.000000
2.000000
