2.002040
2.001365
2.000975
2.000975
2.001365
2.002040
2.002949
2.003995
2.005134
2.006278
2.007392
2.008402
2.009284
2.009976
2.010469
2.010714
2.010715
2.010436
2.009898
2.009076
2.008001
2.006665
2.005107
2.003329
2.001381
1.999271
1.997055
1.994748
1.992410
1.990058
1.987752
1.985511
1.983393
1.981412
1.979625
1.978041
1.976708
1.975629
1.974847
1.974355
1.974185
1.974323
1.974791
1.975565
1.976659
1.978038
1.979707
1.981624
1.983784
1.986139
1.988678
1.991346
1.994128
1.996966
1.999842
2.002697
2.005513
2.008232
2.010836
2.013273
2.015528
2.017553
2.019340
2.020848
2.022076
2.022991
2.023601
2.023881
2.023847
2.023485
2.022820
2.021845
2.020593
2.019068
2.017309
2.015325
2.013162
2.010834
2.008391
2.005852
2.003268
2.000658
1.998075
1.995536
1.993092
1.990759
1.988584
1.986577
1.984781
1.983201
1.981872
1.980793
1.979991
1.979458
1.979214
1.979243
1.979555
1.980130
1.980969
1.982044
1.983351
1.984856
1.986550
1.988393
1.990373
1.992447
1.994598
1.996785
1.998989
2.001168
2.003306
2.005361
2.007320
2.009144
2.010824
2.012326
2.013645
2.014754
2.015653
2.016322
2.016766
2.016971
2.016951
2.016697
2.016229
2.015545
2.014669
2.013606
2.012384
2.011011
2.009520
2.007923
2.006253
2.004525
2.002773
2.001012
1.999275
1.997576
1.995948
1.994400
1.992963
1.991644
1.990469
1.989440
1.988579
1.987885
1.987373
1.987037
1.986888
1.986914
1.987121
1.987493
1.988031
1.988715
1.989543
1.990490
1.991551
1.992699
1.993926
1.995206
1.996528
1.997866
1.999208
2.000529
2.001819
2.003053
2.004224
2.005309
2.006304
2.007188
2.007962
2.008608
2.009128
2.009511
2.009762
2.009874
2.009855
2.009702
2.009427
2.009030
2.008526
2.007917
2.007221
2.006444
2.005604
2.004708
2.003776
2.002814
2.001845
2.000873
1.999920
1.998991
1.998105
1.997265
1.996490
1.995781
1.995152
1.994604
1.994148
1.993782
1.993514
1.993340
1.993265
1.993281
1.993392
1.993588
1.993870
1.994224
1.994652
1.995138
1.995681
1.996265
1.996887
1.997533
1.998197
1.998866
1.999535
2.000189
2.000826
2.001433
2.002006
2.002534
2.003017
2.003443
2.003814
2.004122
2.004369
2.004548
2.004665
2.004714
2.004702
2.004626
2.004494
2.004304
2.004067
2.003781
2.003457
2.003095
2.002708
2.002295
2.001869
2.001430
2.000990
2.000550
2.000121
1.999704
1.999308
1.998935
1.998591
1.998278
1.998002
1.997761
1.997563
1.997403
1.997288
1.997213
1.997181
1.997188
1.997236
1.997319
1.997439
1.997589
1.997769
1.997972
1.998199
1.998442
1.998700
1.998966
1.999239
1.999512
1.999785
2.000050
2.000308
2.000552
2.000782
2.000992
2.001184
2.001352
2.001499
2.001619
2.001715
2.001784
2.001828
2.001846
2.001840
2.001809
2.001758
2.001683
2.001592
2.001482
2.001358
2.001220
2.001073
2.000918
2.000758
2.000593
2.000429
2.000266
2.000108
1.999954
1.999809
1.999672
1.999547
1.999433
1.999333
1.999246
1.999175
1.999118
1.999077
1.999049
1.999038
1.999040
1.999057
1.999085
1.999127
1.999178
1.999240
1.999309
1.999387
1.999469
1.999556
1.999646
1.999738
1.999829
1.999920
2.000008
2.000094
2.000174
2.000250
2.000318
2.000381
2.000435
2.000482
2.000521
2.000552
2.000573
2.000587
2.000592
2.000590
2.000580
2.000564
2.000540
2.000511
2.000476
2.000437
2.000394
2.000349
2.000301
2.000251
2.000201
2.000151
2.000101
2.000053
2.000006
1.999963
1.999921
1.999884
1.999850
1.999820
1.999794
1.999773
1.999756
1.999744
1.999736
1.999732
1.999732
1.999737
1.999745
1.999757
1.999771
1.999788
1.999808
1.999829
1.999852
1.999876
1.999901
1.999926
1.999951
1.999976
2.000000
2.000023
2.000045
2.000065
2.000083
2.000100
2.000115
2.000127
2.000137
2.000145
2.000151
2.000155
2.000156
2.000155
2.000152
2.000148
2.000142
2.000134
2.000125
2.000116
2.000104
2.000093
2.000081
2.000068
2.000055
2.000043
2.000030
2.000018
2.000007
1.999996
1.999986
1.999977
1.999968
1.999961
1.999954
1.999949
1.999945
1.999942
1.999940
1.999939
1.999939
1.999940
1.999942
1.999945
1.999948
1.999952
1.999956
1.999961
1.999966
1.999972
1.999977
1.999983
1.999988
1.999994
1.999999
2.000005
2.000009
2.000014
2.000018
2.000022
2.000025
2.000027
2.000030
2.000031
2.000032
2.000033
2.000034
2.000033
2.000033
2.000032
2.000031
2.000029
2.000027
2.000025
2.000023
2.000020
2.000018
2.000015
2.000012
2.000010
2.000007
2.000005
2.000002
2.000000
1.999998
1.999996
1.999995
1.999993
1.999992
1.999991
1.999990
1.999989
1.999989
1.999989
1.999989
1.999989
1.999989
1.999990
1.999990
1.999991
1.999992
1.999993
1.999994
1.999995
1.999996
1.999997
1.999998
1.999999
2.000000
2.000001
2.000002
2.000002
2.000003
2.000004
2.000004
2.000005
2.000005
2.000006
2.000006
2.000006
2.000006
2.000006
2.000006
2.000006
2.000005
2.000005
2.000005
2.000004
2.000004
2.000004
2.000003
2.000003
2.000002
2.000002
2.000001
2.000001
2.000001
2.000000
2.000000
2.000000
1.999999
1.999999
1.999999
1.999999
1.999999
1.999998
1.999998
1.999998
1.999998
1.999998
1.999998
1.999998
1.999999
1.999999
1.999999
1.999999
1.999999
1.999999
1.999999
1.999999
2.000000
2.000000
2.000000
2.000000
2.000000
2.000000
2.000000
2.000001
2.000001
2.000001
2.000001
2.000001
2.000001
2.000001
2.000001
2.000001
2.000001
2.000001
2.000001
2.000001
2.000001
2.000001
2.000001
2.000001
2.000000
2.000000
2.000000
2.000000
2.000000
2.000000
2.000000
2.000000
2.000000
2.000000
2.000000
2.000000
2.000000
2.000000
2.000000
2.000000
2.000000
2.000000
2.000000
2.000000
2.000000
2.000000
2.000000
2.000000
2.000000
2.000000
2.000000
2.000000
2.000000
2.000000
2.000000
2.000000
2.000000
2.000000
2.000000
2.000000
2.000000
2.000000
2.000000
2.000000
2.000000
2.000000
2.000000
2.000000
2.000000
2.000000
2.000000
2.000000
2.000000
2.000000
2.000000
2.000000
2.000000
2.000000
2.000000
2.000000
2.000000
2.000000
2.000000
2.000000
2.000000
2.000000
2.000000
2.000000
2.000000
2.000000
2.000000
2.000000
2.000000
2.000000
2.000000
2.000000
2.000000
2.000000
2.000000
2.000000
2.000000
2.000000
2.000000
2.000000
2.000000
2.000000
2.000000
2.000000
2.000000
2.000000
2.000000
2.000000
2.000000
2.000000
2.000000
2.000000
2.000000
2.000000
2.000000
2.000000
2.000000
2.000000
2.000000
2.000000
2.000000
2.000000
2.000000
2.000000
2.000000
2.000000
2.000000
2.000000
2.000000
2.000000
2.000000
2.000000
2.000000
2.000000
2.000000
2.000000
2.000000
2.000000
2.000000
2.000000
2.000000
2.000000
2.000000
2.000000
2.000000
2.000000
2.000000
2.000000
2.000000
2.000000
2.000000
2.000000
2.000000
2.000000
2.000000
2.000000
2.000000
2.000000
2.000000
2.000000
2.000000
2.000000
2.000000
2.000000
2.000000
2.000000
2.000000
2.000000
2.000000
2.000000
2.000000
2.000000
2.000000
2.000000
2.000000
2.000000
2.000000
2.000000
2.000000
2.000000
2.000000
2.000000
2.000000
2.000000
2.000000
2.000000
2.000000
2.000000
2.000000
2.000000
2.000000
2.000000
2.000000
2.000000
2.000000
2.000000
2.000000
2.000000
2.000000
2.000000
2.000000
2.000000
2.000000
2.000000
2.000000
2.000000
2.000000
2.000000
2.000000
2.000000
2.000000
2.000000
2.000000
2.000000
2.000000
2.000000
2.000000
2.000000
2.000000
2.000000
2.000000
2.000000
2.000000
2.000000
2.000000
2.000000
2.000000
2.000000
2.000000
2.000000
2.000000
2.000000
2.000000
2.000000
2.000000
2.000000
2.000000
2.000000
2.000000
2.000000
2.000000
2.000000
2.000000
2.000000
2.000000
2.000000
2.000000
2.000000
2.000000
2.000000
2.000000
2.000000
2.000000
2.000000
2.000000
2.000000
2.000000
2.000000
2.000000
2.000000
2.000000
2.000000
2.000000
2.000000
2.000000
2.000000
2.000000
2.000000
2.000000
2.000000
2.000000
2.000000
2.000000
2.000000
2.000000
2.000000
2.000000
2.000000
2.000000
2.000000
2.000000
2.000000
2.000000
2.000000
2.000000
2.000000
2.000000
2.000000
2.000000
2.000000
2.000000
2.000000
2.000000
2.000000
2.000000
2.000000
2.000000
2.000000
2.000000
2.000000
2.000000
2.000000
2.000000
2.000000
2.000000
2.000000
2.000000
2.000000
2.000000
2.000000
2.000000
2.000000
2.000000
2.000000
2.000000
2.000000
2.000000
2.000000
2.000000
2.000000
2.000000
2.000000
2.000000
2.000000
2.000000
2.000000
2.000000
2.000000
2.000000
2.000000
2.000000
2.000000
2.000000
2.000000
2.000000
2.000000
2.000000
2.000000
2.000000
2.000000
2.000000
2.000000
2.000000
2.000000
2.000000
2.000000
2.000000
2.000000
2.000000
2.000000
2.000000
2.000000
2.000000
2.000000
2.000000
2.000000
2.000000
2.000000
2.000000
2.000000
2.000000
2.000000
2.000000
2.000000
2.000000
2.000000
2.000000
2.000000
2.000000
2.000000
2.000000
2.000000
2.000000
2.000000
2.000000
2.000000
2.000000
2.000000
2.000000
2.000000
2.000000
2.000000
2.000000
2.000000
2.000000
2.000000
2.000000
2.000000
2.000000
2.000000
2.000000
2.000000
2.000000
2.000000
2.000000
2.000000
2.000000
2.000000
2.000000
2.000000
2.000000
2.000000
2.000000
2.000000
2.000000
2.000000
2.000000
2.000000
2.000000
2.000000
2.000000
2.000000
2.000000
2.000000
2.000000
2.000000
2.000000
2.000000
2.000000
2.000000
2.000000
2.000000
2.000000
2.000000
2.000000
2.000000
2.000000
2.000000
2.000000
2.000000
2.000000
2.000000
2.000000
2.000000
2.000000
2.000000
2.000000
2.000000
2.000000
2.000000
2.000000
2.000000
2.000000
2.000000
2.000000
2.000000
2.000000
2.000000
2.000000
2.000000
2.000000
2.000000
2.000000
2.000000
2.000000
2.000000
2.000000
