2.001001
2.000432
2.000110
2.000110
2.000432
2.001001
2.001764
2.002653
2.003621
2.004610
2.005582
2.006487
2.007300
2.007981
2.008515
2.008875
2.009056
2.009041
2.008835
2.008433
2.007848
2.007081
2.006156
2.005081
2.003883
2.002577
2.001193
1.999748
1.998276
1.996795
1.995338
1.993921
1.992576
1.991319
1.990175
1.989158
1.988290
1.987578
1.987039
1.986676
1.986500
1.986508
1.986705
1.987082
1.987639
1.988362
1.989246
1.990272
1.991431
1.992700
1.994065
1.995503
1.996997
1.998522
2.000060
2.001586
2.003081
2.004522
2.005893
2.007170
2.008341
2.009386
2.010295
2.011053
2.011654
2.012088
2.012352
2.012442
2.012361
2.012109
2.011694
2.011120
2.010400
2.009544
2.008565
2.007478
2.006301
2.005049
2.003741
2.002397
2.001034
1.999673
1.998331
1.997028
1.995780
1.994604
1.993516
1.992528
1.991654
1.990904
1.990287
1.989808
1.989474
1.989286
1.989245
1.989351
1.989599
1.989985
1.990500
1.991138
1.991887
1.992735
1.993670
1.994678
1.995744
1.996853
1.997989
1.999136
2.000278
2.001400
2.002486
2.003522
2.004495
2.005392
2.006202
2.006915
2.007522
2.008017
2.008395
2.008652
2.008787
2.008800
2.008692
2.008468
2.008131
2.007689
2.007150
2.006523
2.005818
2.005046
2.004219
2.003350
2.002451
2.001536
2.000616
1.999706
1.998817
1.997962
1.997150
1.996394
1.995701
1.995082
1.994540
1.994085
1.993719
1.993447
1.993269
1.993187
1.993198
1.993303
1.993497
1.993776
1.994133
1.994564
1.995060
1.995613
1.996214
1.996855
1.997524
1.998214
1.998913
1.999614
2.000303
2.000975
2.001618
2.002227
2.002790
2.003305
2.003762
2.004159
2.004490
2.004753
2.004945
2.005066
2.005115
2.005094
2.005004
2.004848
2.004630
2.004356
2.004028
2.003655
2.003240
2.002794
2.002320
2.001827
2.001322
2.000814
2.000307
1.999810
1.999329
1.998871
1.998440
1.998043
1.997683
1.997366
1.997093
1.996869
1.996693
1.996568
1.996494
1.996470
1.996496
1.996570
1.996688
1.996850
1.997050
1.997286
1.997552
1.997845
1.998159
1.998491
1.998834
1.999184
1.999535
1.999883
2.000223
2.000551
2.000861
2.001152
2.001419
2.001659
2.001869
2.002049
2.002195
2.002308
2.002385
2.002429
2.002438
2.002414
2.002358
2.002273
2.002159
2.002021
2.001859
2.001678
2.001479
2.001268
2.001046
2.000819
2.000587
2.000356
2.000128
1.999907
1.999694
1.999493
1.999307
1.999137
1.998984
1.998852
1.998740
1.998650
1.998582
1.998536
1.998512
1.998510
1.998529
1.998569
1.998626
1.998701
1.998792
1.998897
1.999013
1.999139
1.999273
1.999413
1.999556
1.999700
1.999844
1.999985
2.000121
2.000252
2.000374
2.000488
2.000590
2.000681
2.000760
2.000826
2.000878
2.000917
2.000941
2.000953
2.000951
2.000937
2.000910
2.000873
2.000825
2.000768
2.000703
2.000631
2.000553
2.000472
2.000387
2.000301
2.000214
2.000129
2.000045
1.999964
1.999887
1.999816
1.999750
1.999690
1.999638
1.999593
1.999555
1.999526
1.999504
1.999491
1.999486
1.999488
1.999497
1.999513
1.999536
1.999564
1.999597
1.999635
1.999676
1.999720
1.999767
1.999815
1.999863
1.999912
1.999960
2.000006
2.000051
2.000093
2.000132
2.000168
2.000201
2.000229
2.000253
2.000272
2.000287
2.000298
2.000304
2.000306
2.000304
2.000297
2.000287
2.000274
2.000258
2.000239
2.000217
2.000194
2.000170
2.000144
2.000118
2.000091
2.000064
2.000038
2.000013
1.999989
1.999967
1.999946
1.999927
1.999910
1.999895
1.999882
1.999872
1.999864
1.999859
1.999856
1.999855
1.999856
1.999860
1.999865
1.999872
1.999881
1.999890
1.999902
1.999913
1.999926
1.999939
1.999953
1.999966
1.999979
1.999992
2.000005
2.000017
2.000028
2.000038
2.000048
2.000056
2.000063
2.000069
2.000073
2.000077
2.000079
2.000080
2.000080
2.000079
2.000077
2.000074
2.000070
2.000066
2.000061
2.000055
2.000049
2.000043
2.000036
2.000029
2.000023
2.000016
2.000009
2.000003
1.999997
1.999992
1.999987
1.999982
1.999979
1.999975
1.999972
1.999970
1.999968
1.999967
1.999967
1.999967
1.999967
1.999968
1.999970
1.999971
1.999973
1.999976
1.999978
1.999981
1.999984
1.999987
1.999990
1.999993
1.999996
1.999999
2.000002
2.000004
2.000007
2.000009
2.000011
2.000013
2.000014
2.000015
2.000016
2.000017
2.000017
2.000017
2.000017
2.000017
2.000016
2.000016
2.000015
2.000014
2.000013
2.000011
2.000010
2.000009
2.000007
2.000006
2.000005
2.000003
2.000002
2.000001
2.000000
1.999998
1.999997
1.999997
1.999996
1.999995
1.999995
1.999994
1.999994
1.999994
1.999994
1.999994
1.999994
1.999994
1.999994
1.999995
1.999995
1.999996
1.999996
1.999997
1.999997
1.999998
1.999998
1.999999
1.999999
2.000000
2.000000
2.000001
2.000001
2.000002
2.000002
2.000002
2.000003
2.000003
2.000003
2.000003
2.000003
2.000003
2.000003
2.000003
2.000003
2.000003
2.000003
2.000002
2.000002
2.000002
2.000002
2.000001
2.000001
2.000001
2.000001
2.000001
2.000000
2.000000
2.000000
2.000000
2.000000
1.999999
1.999999
1.999999
1.999999
1.999999
1.999999
1.999999
1.999999
1.999999
1.999999
1.999999
1.999999
1.999999
1.999999
1.999999
1.999999
2.000000
2.000000
2.000000
2.000000
2.000000
2.000000
2.000000
2.000000
2.000000
2.000000
2.000000
2.000000
2.000000
2.000000
2.000000
2.000000
2.000000
2.000000
2.000000
2.000000
2.000000
2.000000
2.000000
2.000000
2.000000
2.000000
2.000000
2.000000
2.000000
2.000000
2.000000
2.000000
2.000000
2.000000
2.000000
2.000000
2.000000
2.000000
2.000000
2.000000
2.000000
2.000000
2.000000
2.000000
2.000000
2.000000
2.000000
2.000000
2.000000
2.000000
2.000000
2.000000
2.000000
2.000000
2.000000
2.000000
2.000000
2.000000
2.000000
2.000000
2.000000
2.000000
2.000000
2.000000
2.000000
2.000000
2.000000
2.000000
2.000000
2.000000
2.000000
2.000000
2.000000
2.000000
2.000000
2.000000
2.000000
2.000000
2.000000
2.000000
2.000000
2.000000
2.000000
2.000000
2.000000
2.000000
2.000000
2.000000
2.000000
2.000000
2.000000
2.000000
2.000000
2.000000
2.000000
2.000000
2.000000
2.000000
2.000000
2.000000
2.000000
2.000000
2.000000
2.000000
2.000000
2.000000
2.000000
2.000000
2.000000
2.000000
2.000000
2.000000
2.000000
2.000000
2.000000
2.000000
2.000000
2.000000
2.000000
2.000000
2.000000
2.000000
2.000000
2.000000
2.000000
2.000000
2.000000
2.000000
2.000000
2.000000
2.000000
2.000000
2.000000
2.000000
2.000000
2.000000
2.000000
2.000000
2.000000
2.000000
2.000000
2.000000
2.000000
2.000000
2.000000
2.000000
2.000000
2.000000
2.000000
2.000000
2.000000
2.000000
2.000000
2.000000
2.000000
2.000000
2.000000
2.000000
2.000000
2.000000
2.000000
2.000000
2.000000
2.000000
2.000000
2.000000
2.000000
2.000000
2.000000
2.000000
2.000000
2.000000
2.000000
2.000000
2.000000
2.000000
2.000000
2.000000
2.000000
2.000000
2.000000
2.000000
2.000000
2.000000
2.000000
2.000000
2.000000
2.000000
2.000000
2.000000
2.000000
2.000000
2.000000
2.000000
2.000000
2.000000
2.000000
2.000000
2.000000
2.000000
2.000000
2.000000
2.000000
2.000000
2.000000
2.000000
2.000000
2.000000
2.000000
2.000000
2.000000
2.000000
2.000000
2.000000
2.000000
2.000000
2.000000
2.000000
2.000000
2.000000
2.000000
2.000000
2.000000
2.000000
2.000000
2.000000
2.000000
2.000000
2.000000
2.000000
2.000000
2.000000
2.000000
2.000000
2.000000
2.000000
2.000000
2.000000
2.000000
2.000000
2.000000
2.000000
2.000000
2.000000
2.000000
2.000000
2.000000
2.000000
2.000000
2.000000
2.000000
2.000000
2.000000
2.000000
2.000000
2.000000
2.000000
2.000000
2.000000
2.000000
2.000000
2.000000
2.000000
2.000000
2.000000
2.000000
2.000000
2.000000
2.000000
2.000000
2.000000
2.000000
2.000000
2.000000
2.000000
2.000000
2.000000
2.000000
2.000000
2.000000
2.000000
2.000000
2.000000
2.000000
2.000000
2.000000
2.000000
2.000000
2.000000
2.000000
2.000000
2.000000
2.000000
2.000000
2.000000
2.000000
2.000000
2.000000
2.000000
2.000000
2.000000
2.000000
2.000000
2.000000
2.000000
2.000000
2.000000
2.000000
2.000000
2.000000
2.000000
2.000000
2.000000
2.000000
2.000000
2.000000
2.000000
2.000000
2.000000
2.000000
2.000000
2.000000
2.000000
2.000000
2.000000
2.000000
2.000000
2.000000
2.000000
2.000000
2.000000
2.000000
2.000000
2.000000
2.000000
2.000000
2.000000
2.000000
2.000000
2.000000
2.000000
2.000000
2.000000
2.000000
2.000000
2.000000
2.000000
2.000000
2.000000
2.000000
2.000000
2.000000
2.000000
2.000000
2.000000
2.000000
2.000000
2.000000
2.000000
2.000000
2.000000
2.000000
2.000000
2.000000
2.000000
2.000000
2.000000
2.000000
2.000000
2.000000
2.000000
2.000000
2.000000
2.000000
2.000000
2.000000
2.000000
2.000000
2.000000
2.000000
2.000000
2.000000
2.000000
2.000000
2.000000
2.000000
2.000000
2.000000
2.000000
2.000000
2.000000
2.000000
2.000000
2.000000
2.000000
2.000000
2.000000
2.000000
2.000000
2.000000
2.000000
2.000000
2.000000
2.000000
2.000000
2.000000
2.000000
2.000000
2.000000
2.000000
2.000000
2.000000
2.000000
2.000000
2.000000
2.000000
2.000000
2.000000
2.000000
2.000000
2.000000
2.000000
2.000000
2.000000
2.000000
2.000000
2.000000
2.000000
2.000000
2.000000
2.000000
2.000000
2.000000
2.000000
2.000000
2.000000
2.000000
2.000000
2.000000
2.000000
2.000000
2.000000
2.000000
2.000000
2.000000
2.000000
2.000000
2.000000
2.000000
2.000000
2.000000
2.000000
2.000000
2.000000
2.000000
2.000000
2.000000
2.000000
2.000000
2.000000
2.000000
2.000000
2.000000
2.000000
2.000000
2.000000
2.000000
2.000000
