2.001529
2.000872
2.000496
2.000496
2.000872
2.001529
2.002415
2.003442
2.004566
2.005708
2.006834
2.007875
2.008809
2.009579
2.010175
2.010553
2.010716
2.010633
2.010317
2.009752
2.008960
2.007936
2.006712
2.005292
2.003716
2.001995
2.000173
1.998267
1.996324
1.994362
1.992430
1.990544
1.988753
1.987071
1.985541
1.984175
1.983009
1.982050
1.981327
1.980840
1.980611
1.980632
1.980916
1.981448
1.982235
1.983253
1.984500
1.985947
1.987587
1.989383
1.991324
1.993369
1.995503
1.997682
1.999889
2.002081
2.004239
2.006323
2.008314
2.010174
2.011889
2.013426
2.014774
2.015906
2.016818
2.017487
2.017918
2.018096
2.018029
2.017712
2.017160
2.016374
2.015376
2.014173
2.012792
2.011245
2.009565
2.007766
2.005885
2.003938
2.001962
1.999976
1.998017
1.996101
1.994264
1.992521
1.990903
1.989423
1.988107
1.986963
1.986013
1.985259
1.984716
1.984383
1.984267
1.984362
1.984669
1.985175
1.985877
1.986756
1.987806
1.989002
1.990333
1.991773
1.993307
1.994906
1.996554
1.998223
1.999894
2.001539
2.003142
2.004676
2.006127
2.007470
2.008694
2.009779
2.010717
2.011492
2.012102
2.012535
2.012794
2.012873
2.012778
2.012509
2.012077
2.011486
2.010752
2.009883
2.008897
2.007806
2.006630
2.005384
2.004090
2.002762
2.001424
2.000089
1.998781
1.997512
1.996304
1.995166
1.994119
1.993170
1.992335
1.991618
1.991031
1.990576
1.990260
1.990080
1.990041
1.990136
1.990365
1.990718
1.991192
1.991774
1.992457
1.993228
1.994076
1.994985
1.995945
1.996938
1.997954
1.998975
1.999990
2.000982
2.001941
2.002852
2.003706
2.004490
2.005198
2.005819
2.006348
2.006780
2.007111
2.007338
2.007461
2.007481
2.007400
2.007221
2.006950
2.006590
2.006152
2.005642
2.005069
2.004441
2.003771
2.003066
2.002340
2.001600
2.000859
2.000126
1.999412
1.998724
1.998074
1.997467
1.996912
1.996415
1.995980
1.995613
1.995316
1.995092
1.994942
1.994865
1.994861
1.994928
1.995063
1.995262
1.995522
1.995835
1.996198
1.996602
1.997043
1.997512
1.998002
1.998506
1.999018
1.999528
2.000032
2.000521
2.000990
2.001432
2.001843
2.002217
2.002552
2.002842
2.003086
2.003281
2.003427
2.003523
2.003569
2.003565
2.003515
2.003419
2.003280
2.003102
2.002888
2.002643
2.002370
2.002075
2.001762
2.001436
2.001102
2.000764
2.000428
2.000098
1.999779
1.999474
1.999188
1.998923
1.998682
1.998468
1.998283
1.998129
1.998007
1.997916
1.997858
1.997832
1.997837
1.997873
1.997937
1.998028
1.998143
1.998280
1.998437
1.998610
1.998797
1.998994
1.999199
1.999408
1.999618
1.999827
2.000031
2.000228
2.000415
2.000591
2.000752
2.000898
2.001027
2.001138
2.001230
2.001302
2.001354
2.001387
2.001399
2.001393
2.001369
2.001327
2.001269
2.001197
2.001112
2.001016
2.000909
2.000796
2.000676
2.000552
2.000427
2.000300
2.000176
2.000054
1.999937
1.999827
1.999723
1.999628
1.999542
1.999467
1.999403
1.999350
1.999308
1.999279
1.999260
1.999253
1.999257
1.999272
1.999296
1.999330
1.999371
1.999421
1.999476
1.999536
1.999601
1.999669
1.999738
1.999809
1.999880
1.999949
2.000017
2.000082
2.000143
2.000200
2.000252
2.000298
2.000339
2.000374
2.000402
2.000423
2.000438
2.000447
2.000450
2.000446
2.000437
2.000422
2.000403
2.000379
2.000351
2.000320
2.000286
2.000250
2.000213
2.000175
2.000136
2.000097
2.000059
2.000022
1.999987
1.999954
1.999924
1.999896
1.999871
1.999849
1.999831
1.999816
1.999804
1.999796
1.999791
1.999790
1.999792
1.999797
1.999804
1.999814
1.999826
1.999841
1.999856
1.999874
1.999892
1.999911
1.999930
1.999950
1.999969
1.999988
2.000007
2.000024
2.000040
2.000055
2.000069
2.000081
2.000092
2.000100
2.000107
2.000113
2.000116
2.000118
2.000118
2.000117
2.000114
2.000110
2.000105
2.000098
2.000091
2.000083
2.000074
2.000065
2.000055
2.000045
2.000035
2.000026
2.000016
2.000007
1.999998
1.999990
1.999983
1.999976
1.999970
1.999965
1.999961
1.999957
1.999955
1.999953
1.999952
1.999952
1.999952
1.999954
1.999955
1.999958
1.999961
1.999964
1.999968
1.999972
1.999976
1.999980
1.999985
1.999989
1.999994
1.999998
2.000002
2.000006
2.000009
2.000013
2.000015
2.000018
2.000020
2.000022
2.000023
2.000025
2.000025
2.000026
2.000025
2.000025
2.000024
2.000024
2.000022
2.000021
2.000019
2.000018
2.000016
2.000014
2.000012
2.000010
2.000008
2.000006
2.000004
2.000002
2.000000
1.999998
1.999997
1.999996
1.999994
1.999993
1.999993
1.999992
1.999991
1.999991
1.999991
1.999991
1.999991
1.999991
1.999992
1.999992
1.999993
1.999993
1.999994
1.999995
1.999996
1.999997
1.999997
1.999998
1.999999
2.000000
2.000000
2.000001
2.000002
2.000002
2.000003
2.000003
2.000004
2.000004
2.000004
2.000004
2.000004
2.000005
2.000004
2.000004
2.000004
2.000004
2.000004
2.000004
2.000003
2.000003
2.000003
2.000002
2.000002
2.000002
2.000001
2.000001
2.000001
2.000000
2.000000
2.000000
2.000000
1.999999
1.999999
1.999999
1.999999
1.999999
1.999999
1.999999
1.999999
1.999999
1.999999
1.999999
1.999999
1.999999
1.999999
1.999999
1.999999
1.999999
1.999999
1.999999
2.000000
2.000000
2.000000
2.000000
2.000000
2.000000
2.000000
2.000000
2.000000
2.000000
2.000001
2.000001
2.000001
2.000001
2.000001
2.000001
2.000001
2.000001
2.000001
2.000001
2.000001
2.000001
2.000000
2.000000
2.000000
2.000000
2.000000
2.000000
2.000000
2.000000
2.000000
2.000000
2.000000
2.000000
2.000000
2.000000
2.000000
2.000000
2.000000
2.000000
2.000000
2.000000
2.000000
2.000000
2.000000
2.000000
2.000000
2.000000
2.000000
2.000000
2.000000
2.000000
2.000000
2.000000
2.000000
2.000000
2.000000
2.000000
2.000000
2.000000
2.000000
2.000000
2.000000
2.000000
2.000000
2.000000
2.000000
2.000000
2.000000
2.000000
2.000000
2.000000
2.000000
2.000000
2.000000
2.000000
2.000000
2.000000
2.000000
2.000000
2.000000
2.000000
2.000000
2.000000
2.000000
2.000000
2.000000
2.000000
2.000000
2.000000
2.000000
2.000000
2.000000
2.000000
2.000000
2.000000
2.000000
2.000000
2.000000
2.000000
2.000000
2.000000
2.000000
2.000000
2.000000
2.000000
2.000000
2.000000
2.000000
2.000000
2.000000
2.000000
2.000000
2.000000
2.000000
2.000000
2.000000
2.000000
2.000000
2.000000
2.000000
2.000000
2.000000
2.000000
2.000000
2.000000
2.000000
2.000000
2.000000
2.000000
2.000000
2.000000
2.000000
2.000000
2.000000
2.000000
2.000000
2.000000
2.000000
2.000000
2.000000
2.000000
2.000000
2.000000
2.000000
2.000000
2.000000
2.000000
2.000000
2.000000
2.000000
2.000000
2.000000
2.000000
2.000000
2.000000
2.000000
2.000000
2.000000
2.000000
2.000000
2.000000
2.000000
2.000000
2.000000
2.000000
2.000000
2.000000
2.000000
2.000000
2.000000
2.000000
2.000000
2.000000
2.000000
2.000000
2.000000
2.000000
2.000000
2.000000
2.000000
2.000000
2.000000
2.000000
2.000000
2.000000
2.000000
2.000000
2.000000
2.000000
2.000000
2.000000
2.000000
2.000000
2.000000
2.000000
2.000000
2.000000
2.000000
2.000000
2.000000
2.000000
2.000000
2.000000
2.000000
2.000000
2.000000
2.000000
2.000000
2.000000
2.000000
2.000000
2.000000
2.000000
2.000000
2.000000
2.000000
2.000000
2.000000
2.000000
2.000000
2.000000
2.000000
2.000000
2.000000
2.000000
2.000000
2.000000
2.000000
2.000000
2.000000
2.000000
2.000000
2.000000
2.000000
2.000000
2.000000
2.000000
2.000000
2.000000
2.000000
2.000000
2.000000
2.000000
2.000000
2.000000
2.000000
2.000000
2.000000
2.000000
2.000000
2.000000
2.000000
2.000000
2.000000
2.000000
2.000000
2.000000
2.000000
2.000000
2.000000
2.000000
2.000000
2.000000
2.000000
2.000000
2.000000
2.000000
2.000000
2.000000
2.000000
2.000000
2.000000
2.000000
2.000000
2.000000
2.000000
2.000000
2.000000
2.000000
2.000000
2.000000
2.000000
2.000000
2.000000
2.000000
2.000000
2.000000
2.000000
2.000000
2.000000
2.000000
2.000000
2.000000
2.000000
2.000000
2.000000
2.000000
2.000000
2.000000
2.000000
2.000000
2.000000
2.000000
2.000000
2.000000
2.000000
2.000000
2.000000
2.000000
2.000000
2.000000
2.000000
2.000000
2.000000
2.000000
2.000000
2.000000
2.000000
2.000000
2.000000
2.000000
2.000000
2.000000
2.000000
2.000000
2.000000
2.000000
2.000000
2.000000
2.000000
2.000000
2.000000
2.000000
2.000000
2.000000
2.000000
2.000000
2.000000
2.000000
2.000000
2.000000
2.000000
2.000000
2.000000
2.000000
2.000000
2.000000
2.000000
2.000000
2.000000
2.000000
2.000000
2.000000
2.000000
2.000000
2.000000
2.000000
2.000000
2.000000
2.000000
2.000000
2.000000
2.000000
2.000000
2.000000
2.000000
2.000000
2.000000
2.000000
2.000000
2.000000
2.000000
2.000000
2.000000
2.000000
2.000000
2.000000
2.000000
2.000000
2.000000
2.000000
2.000000
2.000000
2.000000
2.000000
2.000000
2.000000
2.000000
2.000000
2.000000
2.000000
2.000000
2.000000
2.000000
2.000000
2.000000
2.000000
2.000000
2.000000
2.000000
2.000000
2.000000
2.000000
2.000000
2.000000
2.000000
2.000000
2.000000
2.000000
2.000000
2.000000
2.000000
2.000000
2.000000
2.000000
2.000000
2.000000
2.000000
2.000000
2.000000
2.000000
2.000000
2.000000
2.000000
2.000000
2.000000
2.000000
2.000000
2.000000
2.000000
2.000000
2.000000
2.000000
2.000000
2.000000
2.000000
2.000000
2.000000
2.000000
2.000000
2.000000
2.000000
2.000000
2.000000
2.000000
2.000000
2.000000
2.000000
2.000000
2.000000
2.000000
2.000000
2.000000
2.000000
2.000000
2.000000
2.000000
2.000000
2.000000
2.000000
2.000000
2.000000
2.000000
