2.001461
2.000812
2.000441
2.000441
2.000812
2.001461
2.002336
2.003351
2.004462
2.005592
2.006706
2.007738
2.008664
2.009431
2.010026
2.010410
2.010581
2.010513
2.010216
2.009676
2.008913
2.007924
2.006740
2.005364
2.003836
2.002166
2.000399
1.998548
1.996662
1.994757
1.992880
1.991049
1.989310
1.987676
1.986190
1.984863
1.983730
1.982796
1.982092
1.981616
1.981389
1.981404
1.981673
1.982182
1.982937
1.983914
1.985112
1.986504
1.988081
1.989808
1.991674
1.993641
1.995692
1.997787
1.999908
2.002014
2.004087
2.006088
2.007999
2.009784
2.011429
2.012902
2.014193
2.015276
2.016147
2.016785
2.017193
2.017358
2.017288
2.016978
2.016442
2.015682
2.014719
2.013559
2.012228
2.010740
2.009124
2.007395
2.005587
2.003718
2.001822
1.999917
1.998039
1.996203
1.994444
1.992776
1.991228
1.989814
1.988558
1.987467
1.986563
1.985847
1.985334
1.985022
1.984920
1.985018
1.985320
1.985813
1.986493
1.987344
1.988356
1.989508
1.990790
1.992174
1.993648
1.995184
1.996766
1.998367
1.999969
2.001545
2.003080
2.004548
2.005935
2.007218
2.008386
2.009420
2.010312
2.011048
2.011625
2.012033
2.012273
2.012340
2.012240
2.011974
2.011552
2.010978
2.010267
2.009427
2.008476
2.007424
2.006293
2.005095
2.003851
2.002577
2.001293
2.000014
1.998761
1.997547
1.996391
1.995306
1.994306
1.993402
1.992608
1.991927
1.991372
1.990943
1.990648
1.990484
1.990454
1.990553
1.990780
1.991126
1.991587
1.992152
1.992812
1.993556
1.994373
1.995249
1.996172
1.997127
1.998101
1.999081
2.000053
2.001002
2.001919
2.002790
2.003605
2.004352
2.005025
2.005615
2.006117
2.006524
2.006834
2.007045
2.007156
2.007168
2.007084
2.006905
2.006639
2.006288
2.005863
2.005368
2.004814
2.004209
2.003563
2.002885
2.002187
2.001477
2.000767
2.000065
1.999381
1.998724
1.998104
1.997525
1.996997
1.996525
1.996113
1.995766
1.995488
1.995278
1.995140
1.995072
1.995074
1.995144
1.995279
1.995475
1.995728
1.996033
1.996384
1.996776
1.997201
1.997653
1.998125
1.998609
1.999100
1.999589
2.000071
2.000539
2.000986
2.001408
2.001799
2.002155
2.002472
2.002747
2.002976
2.003160
2.003295
2.003382
2.003422
2.003414
2.003362
2.003265
2.003129
2.002954
2.002746
2.002508
2.002244
2.001959
2.001657
2.001344
2.001022
2.000699
2.000377
2.000062
1.999756
1.999466
1.999193
1.998941
1.998712
1.998510
1.998336
1.998191
1.998077
1.997993
1.997941
1.997919
1.997927
1.997964
1.998028
1.998118
1.998231
1.998365
1.998517
1.998685
1.998865
1.999056
1.999253
1.999454
1.999655
1.999855
2.000050
2.000238
2.000417
2.000584
2.000737
2.000875
2.000997
2.001102
2.001187
2.001254
2.001302
2.001331
2.001341
2.001333
2.001308
2.001266
2.001209
2.001138
2.001055
2.000961
2.000858
2.000749
2.000633
2.000514
2.000393
2.000272
2.000153
2.000037
1.999925
1.999820
1.999722
1.999632
1.999551
1.999480
1.999419
1.999370
1.999331
1.999304
1.999288
1.999283
1.999288
1.999304
1.999328
1.999361
1.999402
1.999450
1.999504
1.999563
1.999625
1.999690
1.999757
1.999826
1.999893
1.999960
2.000024
2.000086
2.000144
2.000198
2.000247
2.000291
2.000330
2.000362
2.000388
2.000408
2.000422
2.000429
2.000431
2.000427
2.000417
2.000402
2.000383
2.000359
2.000332
2.000302
2.000269
2.000235
2.000198
2.000162
2.000124
2.000087
2.000051
2.000016
1.999983
1.999951
1.999922
1.999896
1.999872
1.999852
1.999835
1.999821
1.999810
1.999803
1.999799
1.999798
1.999801
1.999806
1.999813
1.999823
1.999835
1.999849
1.999864
1.999881
1.999899
1.999917
1.999936
1.999955
1.999973
1.999991
2.000009
2.000025
2.000041
2.000055
2.000068
2.000079
2.000089
2.000097
2.000104
2.000109
2.000112
2.000113
2.000113
2.000112
2.000109
2.000105
2.000099
2.000093
2.000086
2.000078
2.000069
2.000060
2.000051
2.000042
2.000032
2.000023
2.000014
2.000005
1.999997
1.999989
1.999982
1.999976
1.999970
1.999966
1.999962
1.999959
1.999956
1.999955
1.999954
1.999954
1.999954
1.999956
1.999957
1.999960
1.999963
1.999966
1.999970
1.999974
1.999978
1.999982
1.999986
1.999990
1.999995
1.999999
2.000002
2.000006
2.000009
2.000013
2.000015
2.000018
2.000020
2.000021
2.000023
2.000024
2.000024
2.000025
2.000024
2.000024
2.000023
2.000022
2.000021
2.000020
2.000018
2.000016
2.000015
2.000013
2.000011
2.000009
2.000007
2.000005
2.000003
2.000001
2.000000
1.999998
1.999997
1.999996
1.999994
1.999994
1.999993
1.999992
1.999992
1.999991
1.999991
1.999991
1.999991
1.999992
1.999992
1.999993
1.999993
1.999994
1.999994
1.999995
1.999996
1.999997
1.999998
1.999998
1.999999
2.000000
2.000001
2.000001
2.000002
2.000002
2.000003
2.000003
2.000004
2.000004
2.000004
2.000004
2.000004
2.000004
2.000004
2.000004
2.000004
2.000004
2.000004
2.000003
2.000003
2.000003
2.000002
2.000002
2.000002
2.000002
2.000001
2.000001
2.000001
2.000000
2.000000
2.000000
2.000000
1.999999
1.999999
1.999999
1.999999
1.999999
1.999999
1.999999
1.999999
1.999999
1.999999
1.999999
1.999999
1.999999
1.999999
1.999999
1.999999
1.999999
1.999999
2.000000
2.000000
2.000000
2.000000
2.000000
2.000000
2.000000
2.000000
2.000000
2.000000
2.000000
2.000001
2.000001
2.000001
2.000001
2.000001
2.000001
2.000001
2.000001
2.000001
2.000001
2.000001
2.000000
2.000000
2.000000
2.000000
2.000000
2.000000
2.000000
2.000000
2.000000
2.000000
2.000000
2.000000
2.000000
2.000000
2.000000
2.000000
2.000000
2.000000
2.000000
2.000000
2.000000
2.000000
2.000000
2.000000
2.000000
2.000000
2.000000
2.000000
2.000000
2.000000
2.000000
2.000000
2.000000
2.000000
2.000000
2.000000
2.000000
2.000000
2.000000
2.000000
2.000000
2.000000
2.000000
2.000000
2.000000
2.000000
2.000000
2.000000
2.000000
2.000000
2.000000
2.000000
2.000000
2.000000
2.000000
2.000000
2.000000
2.000000
2.000000
2.000000
2.000000
2.000000
2.000000
2.000000
2.000000
2.000000
2.000000
2.000000
2.000000
2.000000
2.000000
2.000000
2.000000
2.000000
2.000000
2.000000
2.000000
2.000000
2.000000
2.000000
2.000000
2.000000
2.000000
2.000000
2.000000
2.000000
2.000000
2.000000
2.000000
2.000000
2.000000
2.000000
2.000000
2.000000
2.000000
2.000000
2.000000
2.000000
2.000000
2.000000
2.000000
2.000000
2.000000
2.000000
2.000000
2.000000
2.000000
2.000000
2.000000
2.000000
2.000000
2.000000
2.000000
2.000000
2.000000
2.000000
2.000000
2.000000
2.000000
2.000000
2.000000
2.000000
2.000000
2.000000
2.000000
2.000000
2.000000
2.000000
2.000000
2.000000
2.000000
2.000000
2.000000
2.000000
2.000000
2.000000
2.000000
2.000000
2.000000
2.000000
2.000000
2.000000
2.000000
2.000000
2.000000
2.000000
2.000000
2.000000
2.000000
2.000000
2.000000
2.000000
2.000000
2.000000
2.000000
2.000000
2.000000
2.000000
2.000000
2.000000
2.000000
2.000000
2.000000
2.000000
2.000000
2.000000
2.000000
2.000000
2.000000
2.000000
2.000000
2.000000
2.000000
2.000000
2.000000
2.000000
2.000000
2.000000
2.000000
2.000000
2.000000
2.000000
2.000000
2.000000
2.000000
2.000000
2.000000
2.000000
2.000000
2.000000
2.000000
2.000000
2.000000
2.000000
2.000000
2.000000
2.000000
2.000000
2.000000
2.000000
2.000000
2.000000
2.000000
2.000000
2.000000
2.000000
2.000000
2.000000
2.000000
2.000000
2.000000
2.000000
2.000000
2.000000
2.000000
2.000000
2.000000
2.000000
2.000000
2.000000
2.000000
2.000000
2.000000
2.000000
2.000000
2.000000
2.000000
2.000000
2.000000
2.000000
2.000000
2.000000
2.000000
2.000000
2.000000
2.000000
2.000000
2.000000
2.000000
2.000000
2.000000
2.000000
2.000000
2.000000
2.000000
2.000000
2.000000
2.000000
2.000000
2.000000
2.000000
2.000000
2.000000
2.000000
2.000000
2.000000
2.000000
2.000000
2.000000
2.000000
2.000000
2.000000
2.000000
2.000000
2.000000
2.000000
2.000000
2.000000
2.000000
2.000000
2.000000
2.000000
2.000000
2.000000
2.000000
2.000000
2.000000
2.000000
2.000000
2.000000
2.000000
2.000000
2.000000
2.000000
2.000000
2.000000
2.000000
2.000000
2.000000
2.000000
2.000000
2.000000
2.000000
2.000000
2.000000
2.000000
2.000000
2.000000
2.000000
2.000000
2.000000
2.000000
2.000000
2.000000
2.000000
2.000000
2.000000
2.000000
2.000000
2.000000
2.000000
2.000000
2.000000
2.000000
2.000000
2.000000
2.000000
2.000000
2.000000
2.000000
2.000000
2.000000
2.000000
2.000000
2.000000
2.000000
2.000000
2.000000
2.000000
2.000000
2.000000
2.000000
2.000000
2.000000
2.000000
2.000000
2.000000
2.000000
2.000000
2.000000
2.000000
2.000000
2.000000
2.000000
2.000000
2.000000
2.000000
2.000000
2.000000
2.000000
2.000000
2.000000
2.000000
2.000000
2.000000
2.000000
2.000000
2.000000
2.000000
2.000000
2.000000
2.000000
2.000000
2.000000
2.000000
2.000000
2.000000
2.000000
2.000000
2.000000
2.000000
2.000000
2.000000
2.000000
2.000000
2.000000
2.000000
2.000000
2.000000
2.000000
2.000000
2.000000
2.000000
2.000000
2.000000
2.000000
2.000000
2.000000
2.000000
2.000000
2.000000
2.000000
2.000000
2.000000
2.000000
2.000000
2.000000
2.000000
2.000000
2.000000
2.000000
2.000000
2.000000
2.000000
2.000000
2.000000
2.000000
2.000000
2.000000
2.000000
2.000000
2.000000
2.000000
2.000000
2.000000
2.000000
2.000000
2.000000
2.000000
2.000000
2.000000
2.000000
2.000000
2.000000
2.000000
2.000000
2.000000
2.000000
2.000000
2.000000
2.000000
2.000000
2.000000
2.000000
2.000000
2.000000
2.000000
2.000000
2.000000
2.000000
2.000000
2.000000
2.000000
