2.001186
2.000579
2.000234
2.000234
2.000579
2.001186
2.002002
2.002951
2.003988
2.005046
2.006087
2.007056
2.007928
2.008656
2.009227
2.009607
2.009794
2.009765
2.009530
2.009077
2.008424
2.007570
2.006540
2.005343
2.004009
2.002551
2.001007
1.999392
1.997745
1.996084
1.994449
1.992855
1.991342
1.989922
1.988631
1.987479
1.986495
1.985686
1.985073
1.984657
1.984454
1.984459
1.984681
1.985107
1.985741
1.986564
1.987574
1.988747
1.990073
1.991527
1.993095
1.994747
1.996467
1.998223
1.999997
2.001758
2.003488
2.005155
2.006744
2.008227
2.009588
2.010806
2.011868
2.012756
2.013464
2.013978
2.014298
2.014416
2.014337
2.014058
2.013592
2.012941
2.012120
2.011138
2.010016
2.008765
2.007409
2.005964
2.004454
2.002897
2.001320
1.999741
1.998184
1.996668
1.995216
1.993844
1.992574
1.991418
1.990394
1.989510
1.988781
1.988211
1.987810
1.987576
1.987515
1.987622
1.987895
1.988328
1.988913
1.989640
1.990497
1.991470
1.992547
1.993708
1.994939
1.996220
1.997535
1.998864
2.000190
2.001494
2.002758
2.003966
2.005103
2.006152
2.007102
2.007941
2.008659
2.009247
2.009700
2.010014
2.010186
2.010216
2.010108
2.009862
2.009487
2.008989
2.008377
2.007661
2.006854
2.005968
2.005017
2.004014
2.002976
2.001916
2.000850
1.999793
1.998758
1.997761
1.996813
1.995927
1.995114
1.994383
1.993744
1.993202
1.992764
1.992433
1.992211
1.992101
1.992100
1.992207
1.992417
1.992727
1.993129
1.993617
1.994182
1.994814
1.995504
1.996241
1.997013
1.997810
1.998621
1.999433
2.000235
2.001017
2.001769
2.002481
2.003143
2.003749
2.004290
2.004762
2.005158
2.005475
2.005711
2.005864
2.005935
2.005923
2.005832
2.005664
2.005423
2.005115
2.004745
2.004320
2.003848
2.003336
2.002791
2.002223
2.001640
2.001050
2.000461
1.999883
1.999321
1.998785
1.998279
1.997811
1.997386
1.997009
1.996683
1.996412
1.996198
1.996042
1.995945
1.995907
1.995926
1.996001
1.996129
1.996307
1.996531
1.996797
1.997099
1.997434
1.997794
1.998175
1.998570
1.998975
1.999382
1.999787
2.000183
2.000567
2.000931
2.001273
2.001588
2.001873
2.002124
2.002340
2.002518
2.002656
2.002755
2.002814
2.002833
2.002814
2.002757
2.002665
2.002540
2.002385
2.002203
2.001997
2.001771
2.001530
2.001275
2.001012
2.000744
2.000476
2.000210
1.999951
1.999702
1.999466
1.999246
1.999044
1.998862
1.998703
1.998568
1.998457
1.998372
1.998313
1.998279
1.998272
1.998288
1.998328
1.998389
1.998472
1.998573
1.998690
1.998822
1.998966
1.999119
1.999280
1.999445
1.999612
1.999779
1.999944
2.000104
2.000257
2.000401
2.000535
2.000657
2.000767
2.000862
2.000942
2.001006
2.001056
2.001088
2.001106
2.001107
2.001095
2.001067
2.001027
2.000975
2.000911
2.000838
2.000757
2.000669
2.000575
2.000478
2.000379
2.000278
2.000178
2.000080
1.999985
1.999895
1.999810
1.999731
1.999660
1.999597
1.999542
1.999496
1.999460
1.999432
1.999414
1.999405
1.999405
1.999413
1.999430
1.999454
1.999485
1.999521
1.999564
1.999610
1.999661
1.999714
1.999769
1.999825
1.999882
1.999937
1.999992
2.000045
2.000095
2.000141
2.000184
2.000223
2.000257
2.000286
2.000310
2.000329
2.000343
2.000352
2.000356
2.000354
2.000349
2.000338
2.000324
2.000306
2.000285
2.000261
2.000235
2.000207
2.000178
2.000147
2.000116
2.000085
2.000055
2.000025
1.999997
1.999970
1.999945
1.999922
1.999902
1.999884
1.999868
1.999856
1.999846
1.999838
1.999834
1.999832
1.999833
1.999836
1.999841
1.999849
1.999858
1.999869
1.999881
1.999895
1.999909
1.999924
1.999940
1.999955
1.999971
1.999986
2.000001
2.000015
2.000028
2.000040
2.000052
2.000062
2.000070
2.000078
2.000084
2.000088
2.000091
2.000093
2.000094
2.000093
2.000091
2.000088
2.000084
2.000079
2.000073
2.000067
2.000060
2.000052
2.000045
2.000037
2.000029
2.000021
2.000014
2.000007
2.000000
1.999993
1.999987
1.999982
1.999977
1.999973
1.999969
1.999966
1.999964
1.999962
1.999962
1.999961
1.999962
1.999963
1.999964
1.999966
1.999968
1.999971
1.999974
1.999977
1.999980
1.999984
1.999987
1.999991
1.999994
1.999998
2.000001
2.000004
2.000007
2.000009
2.000012
2.000014
2.000016
2.000017
2.000018
2.000019
2.000020
2.000020
2.000020
2.000020
2.000019
2.000019
2.000018
2.000017
2.000015
2.000014
2.000012
2.000011
2.000009
2.000008
2.000006
2.000004
2.000003
2.000001
2.000000
1.999999
1.999998
1.999996
1.999996
1.999995
1.999994
1.999994
1.999993
1.999993
1.999993
1.999993
1.999993
1.999993
1.999993
1.999994
1.999994
1.999995
1.999995
1.999996
1.999996
1.999997
1.999998
1.999998
1.999999
2.000000
2.000000
2.000001
2.000001
2.000002
2.000002
2.000003
2.000003
2.000003
2.000003
2.000003
2.000004
2.000004
2.000004
2.000003
2.000003
2.000003
2.000003
2.000003
2.000003
2.000002
2.000002
2.000002
2.000002
2.000001
2.000001
2.000001
2.000001
2.000000
2.000000
2.000000
2.000000
1.999999
1.999999
1.999999
1.999999
1.999999
1.999999
1.999999
1.999999
1.999999
1.999999
1.999999
1.999999
1.999999
1.999999
1.999999
1.999999
1.999999
1.999999
2.000000
2.000000
2.000000
2.000000
2.000000
2.000000
2.000000
2.000000
2.000000
2.000000
2.000000
2.000000
2.000000
2.000000
2.000001
2.000001
2.000001
2.000001
2.000000
2.000000
2.000000
2.000000
2.000000
2.000000
2.000000
2.000000
2.000000
2.000000
2.000000
2.000000
2.000000
2.000000
2.000000
2.000000
2.000000
2.000000
2.000000
2.000000
2.000000
2.000000
2.000000
2.000000
2.000000
2.000000
2.000000
2.000000
2.000000
2.000000
2.000000
2.000000
2.000000
2.000000
2.000000
2.000000
2.000000
2.000000
2.000000
2.000000
2.000000
2.000000
2.000000
2.000000
2.000000
2.000000
2.000000
2.000000
2.000000
2.000000
2.000000
2.000000
2.000000
2.000000
2.000000
2.000000
2.000000
2.000000
2.000000
2.000000
2.000000
2.000000
2.000000
2.000000
2.000000
2.000000
2.000000
2.000000
2.000000
2.000000
2.000000
2.000000
2.000000
2.000000
2.000000
2.000000
2.000000
2.000000
2.000000
2.000000
2.000000
2.000000
2.000000
2.000000
2.000000
2.000000
2.000000
2.000000
2.000000
2.000000
2.000000
2.000000
2.000000
2.000000
2.000000
2.000000
2.000000
2.000000
2.000000
2.000000
2.000000
2.000000
2.000000
2.000000
2.000000
2.000000
2.000000
2.000000
2.000000
2.000000
2.000000
2.000000
2.000000
2.000000
2.000000
2.000000
2.000000
2.000000
2.000000
2.000000
2.000000
2.000000
2.000000
2.000000
2.000000
2.000000
2.000000
2.000000
2.000000
2.000000
2.000000
2.000000
2.000000
2.000000
2.000000
2.000000
2.000000
2.000000
2.000000
2.000000
2.000000
2.000000
2.000000
2.000000
2.000000
2.000000
2.000000
2.000000
2.000000
2.000000
2.000000
2.000000
2.000000
2.000000
2.000000
2.000000
2.000000
2.000000
2.000000
2.000000
2.000000
2.000000
2.000000
2.000000
2.000000
2.000000
2.000000
2.000000
2.000000
2.000000
2.000000
2.000000
2.000000
2.000000
2.000000
2.000000
2.000000
2.000000
2.000000
2.000000
2.000000
2.000000
2.000000
2.000000
2.000000
2.000000
2.000000
2.000000
2.000000
2.000000
2.000000
2.000000
2.000000
2.000000
2.000000
2.000000
2.000000
2.000000
2.000000
2.000000
2.000000
2.000000
2.000000
2.000000
2.000000
2.000000
2.000000
2.000000
2.000000
2.000000
2.000000
2.000000
2.000000
2.000000
2.000000
2.000000
2.000000
2.000000
2.000000
2.000000
2.000000
2.000000
2.000000
2.000000
2.000000
2.000000
2.000000
2.000000
2.000000
2.000000
2.000000
2.000000
2.000000
2.000000
2.000000
2.000000
2.000000
2.000000
2.000000
2.000000
2.000000
2.000000
2.000000
2.000000
2.000000
2.000000
2.000000
2.000000
2.000000
2.000000
2.000000
2.000000
2.000000
2.000000
2.000000
2.000000
2.000000
2.000000
2.000000
2.000000
2.000000
2.000000
2.000000
2.000000
2.000000
2.000000
2.000000
2.000000
2.000000
2.000000
2.000000
2.000000
2.000000
2.000000
2.000000
2.000000
2.000000
2.000000
2.000000
2.000000
2.000000
2.000000
2.000000
2.000000
2.000000
2.000000
2.000000
2.000000
2.000000
2.000000
2.000000
2.000000
2.000000
2.000000
2.000000
2.000000
2.000000
2.000000
2.000000
2.000000
2.000000
2.000000
2.000000
2.000000
2.000000
2.000000
2.000000
2.000000
2.000000
2.000000
2.000000
2.000000
2.000000
2.000000
2.000000
2.000000
2.000000
2.000000
2.000000
2.000000
2.000000
2.000000
2.000000
2.000000
2.000000
2.000000
2.000000
2.000000
2.000000
2.000000
2.000000
2.000000
2.000000
2.000000
2.000000
2.000000
2.000000
2.000000
2.000000
2.000000
2.000000
2.000000
2.000000
2.000000
2.000000
2.000000
2.000000
2.000000
2.000000
2.000000
2.000000
2.000000
2.000000
2.000000
2.000000
2.000000
2.000000
2.000000
2.000000
2.000000
2.000000
2.000000
2.000000
2.000000
2.000000
2.000000
2.000000
2.000000
2.000000
2.000000
2.000000
2.000000
2.000000
2.000000
2.000000
2.000000
2.000000
2.000000
2.000000
2.000000
2.000000
2.000000
2.000000
2.000000
2.000000
2.000000
2.000000
2.000000
2.000000
2.000000
2.000000
2.000000
2.000000
2.000000
2.000000
2.000000
2.000000
2.000000
2.000000
2.000000
2.000000
2.000000
2.000000
2.000000
2.000000
2.000000
2.000000
2.000000
2.000000
2.000000
2.000000
2.000000
2.000000
2.000000
2.000000
2.000000
2.000000
2.000000
2.000000
2.000000
2.000000
2.000000
2.000000
2.000000
2.000000
2.000000
2.000000
2.000000
2.000000
2.000000
2.000000
2.000000
2.000000
2.000000
2.000000
2.000000
2.000000
2.000000
2.000000
2.000000
2.000000
2.000000
2.000000
2.000000
2.000000
2.000000
2.000000
2.000000
