2.000621
2.000155
1.999894
1.999894
2.000155
2.000621
2.001239
2.001959
2.002738
2.003531
2.004303
2.005022
2.005660
2.006194
2.006607
2.006884
2.007018
2.007003
2.006839
2.006530
2.006080
2.005501
2.004802
2.004000
2.003108
2.002146
2.001129
2.000077
1.999009
1.997945
1.996900
1.995894
1.994942
1.994060
1.993261
1.992560
1.991962
1.991481
1.991120
1.990886
1.990779
1.990803
1.990954
1.991232
1.991628
1.992140
1.992757
1.993472
1.994270
1.995145
1.996079
1.997062
1.998077
1.999114
2.000152
2.001184
2.002188
2.003157
2.004073
2.004927
2.005704
2.006398
2.006995
2.007493
2.007881
2.008159
2.008319
2.008365
2.008293
2.008110
2.007814
2.007415
2.006916
2.006329
2.005658
2.004919
2.004118
2.003271
2.002387
2.001481
2.000563
1.999651
1.998751
1.997881
1.997047
1.996266
1.995543
1.994892
1.994316
1.993827
1.993425
1.993120
1.992909
1.992800
1.992788
1.992876
1.993057
1.993333
1.993693
1.994135
1.994650
1.995232
1.995869
1.996555
1.997277
1.998027
1.998792
1.999564
2.000330
2.001081
2.001805
2.002495
2.003139
2.003732
2.004264
2.004730
2.005123
2.005441
2.005677
2.005834
2.005906
2.005899
2.005808
2.005641
2.005398
2.005087
2.004710
2.004277
2.003791
2.003263
2.002699
2.002110
2.001502
2.000886
2.000267
1.999659
1.999065
1.998497
1.997959
1.997462
1.997007
1.996604
1.996253
1.995963
1.995732
1.995565
1.995461
1.995423
1.995446
1.995533
1.995678
1.995880
1.996133
1.996435
1.996779
1.997160
1.997571
1.998009
1.998463
1.998929
1.999400
1.999870
2.000330
2.000777
2.001203
2.001604
2.001974
2.002309
2.002605
2.002859
2.003068
2.003231
2.003345
2.003412
2.003430
2.003402
2.003327
2.003210
2.003051
2.002855
2.002624
2.002365
2.002078
2.001772
2.001448
2.001115
2.000773
2.000432
2.000093
1.999762
1.999443
1.999141
1.998859
1.998600
1.998368
1.998165
1.997992
1.997853
1.997746
1.997674
1.997636
1.997632
1.997660
1.997721
1.997811
1.997929
1.998072
1.998239
1.998424
1.998627
1.998843
1.999069
1.999301
1.999537
1.999773
2.000005
2.000231
2.000447
2.000651
2.000841
2.001013
2.001167
2.001300
2.001412
2.001502
2.001568
2.001611
2.001632
2.001629
2.001604
2.001559
2.001494
2.001410
2.001311
2.001196
2.001070
2.000932
2.000787
2.000636
2.000482
2.000326
2.000172
2.000020
1.999874
1.999734
1.999604
1.999483
1.999374
1.999277
1.999194
1.999125
1.999071
1.999032
1.999008
1.998998
1.999003
1.999022
1.999054
1.999098
1.999154
1.999219
1.999293
1.999374
1.999462
1.999553
1.999648
1.999745
1.999842
1.999938
2.000031
2.000121
2.000207
2.000286
2.000359
2.000424
2.000481
2.000530
2.000570
2.000600
2.000622
2.000634
2.000638
2.000632
2.000618
2.000597
2.000568
2.000533
2.000492
2.000446
2.000396
2.000342
2.000286
2.000229
2.000171
2.000113
2.000056
2.000001
1.999948
1.999898
1.999852
1.999810
1.999772
1.999740
1.999712
1.999690
1.999673
1.999661
1.999655
1.999654
1.999659
1.999667
1.999681
1.999698
1.999719
1.999742
1.999769
1.999798
1.999829
1.999860
1.999893
1.999926
1.999958
1.999990
2.000020
2.000049
2.000077
2.000102
2.000125
2.000145
2.000162
2.000176
2.000188
2.000196
2.000202
2.000204
2.000204
2.000200
2.000195
2.000187
2.000177
2.000165
2.000151
2.000136
2.000120
2.000103
2.000085
2.000067
2.000050
2.000032
2.000015
1.999999
1.999983
1.999968
1.999955
1.999943
1.999933
1.999924
1.999916
1.999911
1.999906
1.999904
1.999903
1.999903
1.999905
1.999908
1.999912
1.999918
1.999924
1.999931
1.999939
1.999947
1.999956
1.999965
1.999974
1.999983
1.999992
2.000000
2.000008
2.000016
2.000023
2.000029
2.000035
2.000040
2.000044
2.000048
2.000050
2.000052
2.000053
2.000054
2.000053
2.000052
2.000050
2.000048
2.000045
2.000042
2.000038
2.000034
2.000030
2.000025
2.000021
2.000016
2.000012
2.000007
2.000003
1.999999
1.999996
1.999992
1.999989
1.999986
1.999984
1.999982
1.999980
1.999979
1.999978
1.999978
1.999978
1.999978
1.999978
1.999979
1.999980
1.999982
1.999983
1.999985
1.999987
1.999989
1.999991
1.999993
1.999995
1.999997
1.999999
2.000001
2.000002
2.000004
2.000006
2.000007
2.000008
2.000009
2.000010
2.000011
2.000011
2.000011
2.000012
2.000011
2.000011
2.000011
2.000011
2.000010
2.000009
2.000009
2.000008
2.000007
2.000006
2.000005
2.000004
2.000003
2.000002
2.000001
2.000001
2.000000
1.999999
1.999998
1.999998
1.999997
1.999997
1.999996
1.999996
1.999996
1.999996
1.999996
1.999996
1.999996
1.999996
1.999996
1.999996
1.999997
1.999997
1.999997
1.999998
1.999998
1.999998
1.999999
1.999999
2.000000
2.000000
2.000000
2.000001
2.000001
2.000001
2.000001
2.000002
2.000002
2.000002
2.000002
2.000002
2.000002
2.000002
2.000002
2.000002
2.000002
2.000002
2.000002
2.000002
2.000001
2.000001
2.000001
2.000001
2.000001
2.000001
2.000001
2.000000
2.000000
2.000000
2.000000
2.000000
2.000000
2.000000
2.000000
1.999999
1.999999
1.999999
1.999999
1.999999
1.999999
1.999999
1.999999
1.999999
1.999999
1.999999
2.000000
2.000000
2.000000
2.000000
2.000000
2.000000
2.000000
2.000000
2.000000
2.000000
2.000000
2.000000
2.000000
2.000000
2.000000
2.000000
2.000000
2.000000
2.000000
2.000000
2.000000
2.000000
2.000000
2.000000
2.000000
2.000000
2.000000
2.000000
2.000000
2.000000
2.000000
2.000000
2.000000
2.000000
2.000000
2.000000
2.000000
2.000000
2.000000
2.000000
2.000000
2.000000
2.000000
2.000000
2.000000
2.000000
2.000000
2.000000
2.000000
2.000000
2.000000
2.000000
2.000000
2.000000
2.000000
2.000000
2.000000
2.000000
2.000000
2.000000
2.000000
2.000000
2.000000
2.000000
2.000000
2.000000
2.000000
2.000000
2.000000
2.000000
2.000000
2.000000
2.000000
2.000000
2.000000
2.000000
2.000000
2.000000
2.000000
2.000000
2.000000
2.000000
2.000000
2.000000
2.000000
2.000000
2.000000
2.000000
2.000000
2.000000
2.000000
2.000000
2.000000
2.000000
2.000000
2.000000
2.000000
2.000000
2.000000
2.000000
2.000000
2.000000
2.000000
2.000000
2.000000
2.000000
2.000000
2.000000
2.000000
2.000000
2.000000
2.000000
2.000000
2.000000
2.000000
2.000000
2.000000
2.000000
2.000000
2.000000
2.000000
2.000000
2.000000
2.000000
2.000000
2.000000
2.000000
2.000000
2.000000
2.000000
2.000000
2.000000
2.000000
2.000000
2.000000
2.000000
2.000000
2.000000
2.000000
2.000000
2.000000
2.000000
2.000000
2.000000
2.000000
2.000000
2.000000
2.000000
2.000000
2.000000
2.000000
2.000000
2.000000
2.000000
2.000000
2.000000
2.000000
2.000000
2.000000
2.000000
2.000000
2.000000
2.000000
2.000000
2.000000
2.000000
2.000000
2.000000
2.000000
2.000000
2.000000
2.000000
2.000000
2.000000
2.000000
2.000000
2.000000
2.000000
2.000000
2.000000
2.000000
2.000000
2.000000
2.000000
2.000000
2.000000
2.000000
2.000000
2.000000
2.000000
2.000000
2.000000
2.000000
2.000000
2.000000
2.000000
2.000000
2.000000
2.000000
2.000000
2.000000
2.000000
2.000000
2.000000
2.000000
2.000000
2.000000
2.000000
2.000000
2.000000
2.000000
2.000000
2.000000
2.000000
2.000000
2.000000
2.000000
2.000000
2.000000
2.000000
2.000000
2.000000
2.000000
2.000000
2.000000
2.000000
2.000000
2.000000
2.000000
2.000000
2.000000
2.000000
2.000000
2.000000
2.000000
2.000000
2.000000
2.000000
2.000000
2.000000
2.000000
2.000000
2.000000
2.000000
2.000000
2.000000
2.000000
2.000000
2.000000
2.000000
2.000000
2.000000
2.000000
2.000000
2.000000
2.000000
2.000000
2.000000
2.000000
2.000000
2.000000
2.000000
2.000000
2.000000
2.000000
2.000000
2.000000
2.000000
2.000000
2.000000
2.000000
2.000000
2.000000
2.000000
2.000000
2.000000
2.000000
2.000000
2.000000
2.000000
2.000000
2.000000
2.000000
2.000000
2.000000
2.000000
2.000000
2.000000
2.000000
2.000000
2.000000
2.000000
2.000000
2.000000
2.000000
2.000000
2.000000
2.000000
2.000000
2.000000
2.000000
2.000000
2.000000
2.000000
2.000000
2.000000
2.000000
2.000000
2.000000
2.000000
2.000000
2.000000
2.000000
2.000000
2.000000
2.000000
2.000000
2.000000
2.000000
2.000000
2.000000
2.000000
2.000000
2.000000
2.000000
2.000000
2.000000
2.000000
2.000000
2.000000
2.000000
2.000000
2.000000
2.000000
2.000000
2.000000
2.000000
2.000000
2.000000
2.000000
2.000000
2.000000
2.000000
2.000000
2.000000
2.000000
2.000000
2.000000
2.000000
2.000000
2.000000
2.000000
2.000000
2.000000
2.000000
2.000000
2.000000
2.000000
2.000000
2.000000
2.000000
2.000000
2.000000
2.000000
2.000000
2.000000
2.000000
2.000000
2.000000
2.000000
2.000000
2.000000
2.000000
2.000000
2.000000
2.000000
2.000000
2.000000
2.000000
2.000000
2.000000
2.000000
2.000000
2.000000
2.000000
2.000000
2.000000
2.000000
2.000000
2.000000
2.000000
2.000000
2.000000
2.000000
2.000000
2.000000
2.000000
2.000000
2.000000
2.000000
2.000000
2.000000
2.000000
2.000000
2.000000
2.000000
2.000000
2.000000
2.000000
2.000000
2.000000
2.000000
2.000000
2.000000
2.000000
2.000000
2.000000
2.000000
2.000000
2.000000
2.000000
2.000000
2.000000
2.000000
2.000000
2.000000
2.000000
2.000000
2.000000
2.000000
2.000000
2.000000
2.000000
2.000000
2.000000
2.000000
2.000000
2.000000
2.000000
2.000000
2.000000
2.000000
2.000000
2.000000
2.000000
2.000000
2.000000
2.000000
2.000000
2.000000
2.000000
2.000000
2.000000
2.000000
2.000000
2.000000
2.000000
2.000000
2.000000
2.000000
2.000000
2.000000
2.000000
2.000000
2.000000
2.000000
2.000000
2.000000
2.000000
2.000000
2.000000
2.000000
