2.002057
2.001383
2.000993
2.000993
2.001383
2.002057
2.002965
2.004009
2.005145
2.006285
2.007395
2.008399
2.009276
2.009961
2.010446
2.010682
2.010673
2.010385
2.009835
2.009001
2.007915
2.006565
2.004994
2.003203
2.001241
1.999117
1.996888
1.994567
1.992217
1.989852
1.987536
1.985284
1.983157
1.981169
1.979376
1.977786
1.976451
1.975372
1.974590
1.974101
1.973936
1.974082
1.974559
1.975345
1.976452
1.977847
1.979533
1.981468
1.983648
1.986024
1.988585
1.991276
1.994082
1.996944
1.999844
2.002723
2.005562
2.008303
2.010929
2.013386
2.015660
2.017702
2.019505
2.021026
2.022265
2.023189
2.023804
2.024088
2.024056
2.023692
2.023023
2.022042
2.020782
2.019246
2.017474
2.015475
2.013295
2.010949
2.008487
2.005928
2.003322
2.000691
1.998085
1.995524
1.993059
1.990705
1.988510
1.986485
1.984671
1.983075
1.981732
1.980640
1.979828
1.979288
1.979038
1.979063
1.979374
1.979950
1.980793
1.981873
1.983189
1.984703
1.986409
1.988265
1.990260
1.992349
1.994518
1.996722
1.998945
2.001143
2.003299
2.005373
2.007350
2.009191
2.010887
2.012405
2.013739
2.014860
2.015771
2.016449
2.016901
2.017112
2.017096
2.016844
2.016377
2.015691
2.014811
2.013742
2.012513
2.011132
2.009631
2.008022
2.006341
2.004599
2.002833
2.001057
1.999306
1.997592
1.995948
1.994386
1.992935
1.991602
1.990414
1.989373
1.988502
1.987798
1.987278
1.986935
1.986781
1.986803
1.987008
1.987379
1.987918
1.988605
1.989436
1.990388
1.991455
1.992610
1.993847
1.995136
1.996468
1.997816
1.999169
2.000501
2.001803
2.003048
2.004231
2.005327
2.006333
2.007227
2.008010
2.008664
2.009193
2.009582
2.009839
2.009955
2.009940
2.009789
2.009515
2.009118
2.008613
2.008001
2.007303
2.006521
2.005676
2.004774
2.003835
2.002867
2.001890
2.000910
1.999949
1.999011
1.998117
1.997269
1.996485
1.995768
1.995132
1.994577
1.994115
1.993742
1.993470
1.993291
1.993212
1.993226
1.993335
1.993530
1.993811
1.994166
1.994595
1.995083
1.995629
1.996216
1.996843
1.997492
1.998162
1.998836
1.999510
2.000170
2.000813
2.001425
2.002004
2.002538
2.003026
2.003458
2.003834
2.004147
2.004398
2.004581
2.004701
2.004752
2.004743
2.004668
2.004537
2.004348
2.004110
2.003823
2.003498
2.003135
2.002746
2.002330
2.001901
2.001459
2.001016
2.000573
2.000140
1.999719
1.999319
1.998941
1.998594
1.998277
1.997997
1.997753
1.997552
1.997389
1.997271
1.997194
1.997160
1.997166
1.997213
1.997295
1.997414
1.997564
1.997744
1.997949
1.998176
1.998420
1.998680
1.998947
1.999222
1.999498
1.999773
2.000041
2.000301
2.000547
2.000779
2.000992
2.001186
2.001357
2.001505
2.001627
2.001725
2.001796
2.001842
2.001861
2.001856
2.001826
2.001775
2.001701
2.001609
2.001499
2.001375
2.001237
2.001090
2.000933
2.000772
2.000606
2.000441
2.000277
2.000117
1.999961
1.999815
1.999676
1.999550
1.999434
1.999333
1.999245
1.999173
1.999114
1.999072
1.999044
1.999032
1.999033
1.999049
1.999077
1.999118
1.999169
1.999231
1.999301
1.999379
1.999461
1.999549
1.999639
1.999732
1.999824
1.999916
2.000004
2.000091
2.000171
2.000248
2.000317
2.000381
2.000436
2.000484
2.000523
2.000555
2.000577
2.000592
2.000597
2.000596
2.000586
2.000569
2.000546
2.000517
2.000482
2.000443
2.000400
2.000355
2.000306
2.000256
2.000205
2.000155
2.000105
2.000056
2.000009
1.999965
1.999923
1.999886
1.999851
1.999821
1.999794
1.999773
1.999755
1.999743
1.999734
1.999731
1.999731
1.999735
1.999743
1.999754
1.999768
1.999786
1.999805
1.999827
1.999850
1.999874
1.999899
1.999924
1.999949
1.999974
1.999998
2.000022
2.000044
2.000064
2.000083
2.000100
2.000115
2.000127
2.000138
2.000146
2.000152
2.000156
2.000157
2.000157
2.000154
2.000150
2.000143
2.000136
2.000127
2.000117
2.000106
2.000094
2.000082
2.000070
2.000057
2.000044
2.000031
2.000019
2.000008
1.999997
1.999986
1.999977
1.999969
1.999961
1.999955
1.999949
1.999945
1.999942
1.999940
1.999939
1.999939
1.999940
1.999941
1.999944
1.999947
1.999951
1.999955
1.999960
1.999966
1.999971
1.999977
1.999982
1.999988
1.999994
1.999999
2.000004
2.000009
2.000014
2.000018
2.000021
2.000025
2.000027
2.000030
2.000031
2.000033
2.000034
2.000034
2.000034
2.000033
2.000032
2.000031
2.000029
2.000027
2.000025
2.000023
2.000021
2.000018
2.000015
2.000013
2.000010
2.000008
2.000005
2.000003
2.000000
1.999998
1.999996
1.999995
1.999993
1.999992
1.999991
1.999990
1.999989
1.999989
1.999989
1.999989
1.999989
1.999989
1.999990
1.999990
1.999991
1.999992
1.999993
1.999994
1.999995
1.999996
1.999997
1.999998
1.999999
2.000000
2.000001
2.000001
2.000002
2.000003
2.000004
2.000004
2.000005
2.000005
2.000006
2.000006
2.000006
2.000006
2.000006
2.000006
2.000006
2.000005
2.000005
2.000005
2.000004
2.000004
2.000004
2.000003
2.000003
2.000002
2.000002
2.000001
2.000001
2.000001
2.000000
2.000000
2.000000
1.999999
1.999999
1.999999
1.999999
1.999999
1.999998
1.999998
1.999998
1.999998
1.999998
1.999998
1.999998
1.999998
1.999999
1.999999
1.999999
1.999999
1.999999
1.999999
1.999999
2.000000
2.000000
2.000000
2.000000
2.000000
2.000000
2.000000
2.000001
2.000001
2.000001
2.000001
2.000001
2.000001
2.000001
2.000001
2.000001
2.000001
2.000001
2.000001
2.000001
2.000001
2.000001
2.000001
2.000001
2.000000
2.000000
2.000000
2.000000
2.000000
2.000000
2.000000
2.000000
2.000000
2.000000
2.000000
2.000000
2.000000
2.000000
2.000000
2.000000
2.000000
2.000000
2.000000
2.000000
2.000000
2.000000
2.000000
2.000000
2.000000
2.000000
2.000000
2.000000
2.000000
2.000000
2.000000
2.000000
2.000000
2.000000
2.000000
2.000000
2.000000
2.000000
2.000000
2.000000
2.000000
2.000000
2.000000
2.000000
2.000000
2.000000
2.000000
2.000000
2.000000
2.000000
2.000000
2.000000
2.000000
2.000000
2.000000
2.000000
2.000000
2.000000
2.000000
2.000000
2.000000
2.000000
2.000000
2.000000
2.000000
2.000000
2.000000
2.000000
2.000000
2.000000
2.000000
2.000000
2.000000
2.000000
2.000000
2.000000
2.000000
2.000000
2.000000
2.000000
2.000000
2.000000
2.000000
2.000000
2.000000
2.000000
2.000000
2.000000
2.000000
2.000000
2.000000
2.000000
2.000000
2.000000
2.000000
2.000000
2.000000
2.000000
2.000000
2.000000
2.000000
2.000000
2.000000
2.000000
2.000000
2.000000
2.000000
2.000000
2.000000
2.000000
2.000000
2.000000
2.000000
2.000000
2.000000
2.000000
2.000000
2.000000
2.000000
2.000000
2.000000
2.000000
2.000000
2.000000
2.000000
2.000000
2.000000
2.000000
2.000000
2.000000
2.000000
2.000000
2.000000
2.000000
2.000000
2.000000
2.000000
2.000000
2.000000
2.000000
2.000000
2.000000
2.000000
2.000000
2.000000
2.000000
2.000000
2.000000
2.000000
2.000000
2.000000
2.000000
2.000000
2.000000
2.000000
2.000000
2.000000
2.000000
2.000000
2.000000
2.000000
2.000000
2.000000
2.000000
2.000000
2.000000
2.000000
2.000000
2.000000
2.000000
2.000000
2.000000
2.000000
2.000000
2.000000
2.000000
2.000000
2.000000
2.000000
2.000000
2.000000
2.000000
2.000000
2.000000
2.000000
2.000000
2.000000
2.000000
2.000000
2.000000
2.000000
2.000000
2.000000
2.000000
2.000000
2.000000
2.000000
2.000000
2.000000
2.000000
2.000000
2.000000
2.000000
2.000000
2.000000
2.000000
2.000000
2.000000
2.000000
2.000000
2.000000
2.000000
2.000000
2.000000
2.000000
2.000000
2.000000
2.000000
2.000000
2.000000
2.000000
2.000000
2.000000
2.000000
2.000000
2.000000
2.000000
2.000000
2.000000
2.000000
2.000000
2.000000
2.000000
2.000000
2.000000
2.000000
2.000000
2.000000
2.000000
2.000000
2.000000
2.000000
2.000000
2.000000
2.000000
2.000000
2.000000
2.000000
2.000000
2.000000
2.000000
2.000000
2.000000
2.000000
2.000000
2.000000
2.000000
2.000000
2.000000
2.000000
2.000000
2.000000
2.000000
2.000000
2.000000
2.000000
2.000000
2.000000
2.000000
2.000000
2.000000
2.000000
2.000000
2.000000
2.000000
2.000000
2.000000
2.000000
2.000000
2.000000
2.000000
2.000000
2.000000
2.000000
2.000000
2.000000
2.000000
2.000000
2.000000
2.000000
2.000000
2.000000
2.000000
2.000000
2.000000
2.000000
2.000000
2.000000
2.000000
2.000000
2.000000
2.000000
2.000000
2.000000
2.000000
2.000000
2.000000
2.000000
2.000000
2.000000
2.000000
2.000000
2.000000
2.000000
2.000000
2.000000
2.000000
2.000000
2.000000
2.000000
2.000000
2.000000
2.000000
2.000000
2.000000
2.000000
2.000000
2.000000
2.000000
2.000000
2.000000
2.000000
2.000000
2.000000
2.000000
2.000000
2.000000
2.000000
2.000000
2.000000
2.000000
2.000000
2.000000
2.000000
2.000000
2.000000
2.000000
2.000000
2.000000
2.000000
2.000000
2.000000
2.000000
2.000000
2.000000
2.000000
2.000000
2.000000
2.000000
2.000000
2.000000
2.000000
2.000000
2.000000
2.000000
2.000000
2.000000
2.000000
2.000000
2.000000
2.000000
2.000000
2.000000
2.000000
2.000000
2.000000
2.000000
2.000000
2.000000
2.000000
2.000000
2.000000
2.000000
2.000000
2.000000
2.000000
2.000000
2.000000
2.000000
2.000000
2.000000
2.000000
2.000000
2.000000
2.000000
2.000000
2.000000
2.000000
2.000000
2.000000
2.000000
2.000000
2.000000
2.000000
2.000000
2.000000
2.000000
2.000000
2.000000
2.000000
2.000000
2.000000
2.000000
2.000000
2.000000
2.000000
2.000000
2.000000
2.000000
2.000000
2.000000
2.000000
2.000000
2.000000
2.000000
2.000000
2.000000
2.000000
2.000000
2.000000
2.000000
2.000000
2.000000
2.000000
2.000000
2.000000
2.000000
