2.001388
2.000749
2.000384
2.000384
2.000749
2.001388
2.002250
2.003250
2.004345
2.005459
2.006558
2.007577
2.008493
2.009253
2.009846
2.010232
2.010410
2.010355
2.010077
2.009561
2.008830
2.007877
2.006734
2.005405
2.003928
2.002313
2.000603
1.998813
1.996988
1.995145
1.993330
1.991559
1.989876
1.988296
1.986859
1.985575
1.984478
1.983575
1.982892
1.982430
1.982207
1.982217
1.982472
1.982958
1.983679
1.984614
1.985762
1.987095
1.988606
1.990261
1.992048
1.993931
1.995895
1.997900
1.999930
2.001945
2.003928
2.005840
2.007666
2.009371
2.010942
2.012347
2.013577
2.014608
2.015436
2.016041
2.016425
2.016577
2.016504
2.016202
2.015684
2.014951
2.014025
2.012911
2.011636
2.010209
2.008662
2.007007
2.005278
2.003492
2.001680
1.999861
1.998068
1.996318
1.994640
1.993051
1.991578
1.990233
1.989039
1.988005
1.987148
1.986472
1.985990
1.985700
1.985610
1.985711
1.986007
1.986485
1.987142
1.987960
1.988932
1.990038
1.991266
1.992592
1.994002
1.995470
1.996982
1.998510
2.000039
2.001543
2.003006
2.004404
2.005724
2.006944
2.008053
2.009034
2.009879
2.010575
2.011118
2.011499
2.011719
2.011775
2.011672
2.011410
2.010999
2.010444
2.009758
2.008950
2.008036
2.007028
2.005944
2.004797
2.003607
2.002390
2.001164
1.999943
1.998749
1.997592
1.996493
1.995460
1.994511
1.993655
1.992902
1.992260
1.991736
1.991335
1.991060
1.990912
1.990891
1.990994
1.991217
1.991555
1.992002
1.992547
1.993183
1.993898
1.994682
1.995522
1.996405
1.997318
1.998250
1.999184
2.000111
2.001016
2.001889
2.002717
2.003491
2.004200
2.004837
2.005395
2.005867
2.006249
2.006539
2.006733
2.006833
2.006837
2.006750
2.006573
2.006312
2.005972
2.005560
2.005083
2.004550
2.003969
2.003350
2.002701
2.002033
2.001354
2.000676
2.000007
1.999356
1.998732
1.998142
1.997593
1.997093
1.996647
1.996259
1.995933
1.995672
1.995478
1.995351
1.995292
1.995300
1.995372
1.995506
1.995698
1.995944
1.996240
1.996579
1.996956
1.997364
1.997797
1.998249
1.998713
1.999182
1.999649
2.000108
2.000553
2.000978
2.001378
2.001749
2.002085
2.002384
2.002643
2.002858
2.003029
2.003154
2.003233
2.003266
2.003255
2.003200
2.003104
2.002970
2.002800
2.002598
2.002369
2.002114
2.001840
2.001551
2.001250
2.000943
2.000634
2.000327
2.000027
1.999736
1.999461
1.999202
1.998963
1.998748
1.998558
1.998394
1.998259
1.998153
1.998076
1.998029
1.998012
1.998023
1.998061
1.998125
1.998213
1.998323
1.998453
1.998600
1.998762
1.998936
1.999118
1.999307
1.999499
1.999692
1.999882
2.000068
2.000247
2.000416
2.000574
2.000719
2.000849
2.000963
2.001061
2.001141
2.001203
2.001246
2.001272
2.001279
2.001270
2.001243
2.001202
2.001145
2.001076
2.000996
2.000905
2.000806
2.000700
2.000589
2.000476
2.000360
2.000245
2.000131
2.000021
1.999915
1.999815
1.999722
1.999637
1.999561
1.999495
1.999438
1.999392
1.999357
1.999333
1.999319
1.999315
1.999321
1.999337
1.999362
1.999395
1.999435
1.999481
1.999533
1.999590
1.999650
1.999713
1.999777
1.999842
1.999906
1.999970
2.000031
2.000090
2.000145
2.000196
2.000242
2.000283
2.000319
2.000349
2.000373
2.000391
2.000403
2.000410
2.000410
2.000406
2.000396
2.000381
2.000362
2.000339
2.000313
2.000284
2.000252
2.000219
2.000184
2.000149
2.000113
2.000078
2.000043
2.000010
1.999978
1.999949
1.999921
1.999897
1.999875
1.999856
1.999840
1.999827
1.999817
1.999811
1.999808
1.999807
1.999810
1.999815
1.999823
1.999833
1.999844
1.999858
1.999873
1.999889
1.999906
1.999924
1.999941
1.999959
1.999977
1.999994
2.000011
2.000027
2.000041
2.000055
2.000067
2.000077
2.000086
2.000094
2.000100
2.000104
2.000107
2.000108
2.000108
2.000106
2.000103
2.000099
2.000094
2.000088
2.000080
2.000073
2.000064
2.000056
2.000047
2.000038
2.000029
2.000020
2.000012
2.000004
1.999996
1.999989
1.999982
1.999976
1.999971
1.999966
1.999963
1.999960
1.999958
1.999956
1.999956
1.999956
1.999956
1.999958
1.999960
1.999962
1.999965
1.999968
1.999972
1.999976
1.999979
1.999983
1.999987
1.999992
1.999995
1.999999
2.000003
2.000006
2.000010
2.000012
2.000015
2.000017
2.000019
2.000021
2.000022
2.000023
2.000023
2.000023
2.000023
2.000023
2.000022
2.000021
2.000020
2.000018
2.000017
2.000015
2.000014
2.000012
2.000010
2.000008
2.000006
2.000004
2.000003
2.000001
1.999999
1.999998
1.999997
1.999996
1.999994
1.999994
1.999993
1.999992
1.999992
1.999992
1.999992
1.999992
1.999992
1.999992
1.999993
1.999993
1.999994
1.999994
1.999995
1.999996
1.999996
1.999997
1.999998
1.999999
1.999999
2.000000
2.000001
2.000001
2.000002
2.000002
2.000003
2.000003
2.000003
2.000004
2.000004
2.000004
2.000004
2.000004
2.000004
2.000004
2.000004
2.000004
2.000003
2.000003
2.000003
2.000003
2.000002
2.000002
2.000002
2.000001
2.000001
2.000001
2.000000
2.000000
2.000000
2.000000
1.999999
1.999999
1.999999
1.999999
1.999999
1.999999
1.999999
1.999999
1.999999
1.999999
1.999999
1.999999
1.999999
1.999999
1.999999
1.999999
1.999999
1.999999
1.999999
2.000000
2.000000
2.000000
2.000000
2.000000
2.000000
2.000000
2.000000
2.000000
2.000000
2.000000
2.000001
2.000001
2.000001
2.000001
2.000001
2.000001
2.000001
2.000001
2.000001
2.000001
2.000000
2.000000
2.000000
2.000000
2.000000
2.000000
2.000000
2.000000
2.000000
2.000000
2.000000
2.000000
2.000000
2.000000
2.000000
2.000000
2.000000
2.000000
2.000000
2.000000
2.000000
2.000000
2.000000
2.000000
2.000000
2.000000
2.000000
2.000000
2.000000
2.000000
2.000000
2.000000
2.000000
2.000000
2.000000
2.000000
2.000000
2.000000
2.000000
2.000000
2.000000
2.000000
2.000000
2.000000
2.000000
2.000000
2.000000
2.000000
2.000000
2.000000
2.000000
2.000000
2.000000
2.000000
2.000000
2.000000
2.000000
2.000000
2.000000
2.000000
2.000000
2.000000
2.000000
2.000000
2.000000
2.000000
2.000000
2.000000
2.000000
2.000000
2.000000
2.000000
2.000000
2.000000
2.000000
2.000000
2.000000
2.000000
2.000000
2.000000
2.000000
2.000000
2.000000
2.000000
2.000000
2.000000
2.000000
2.000000
2.000000
2.000000
2.000000
2.000000
2.000000
2.000000
2.000000
2.000000
2.000000
2.000000
2.000000
2.000000
2.000000
2.000000
2.000000
2.000000
2.000000
2.000000
2.000000
2.000000
2.000000
2.000000
2.000000
2.000000
2.000000
2.000000
2.000000
2.000000
2.000000
2.000000
2.000000
2.000000
2.000000
2.000000
2.000000
2.000000
2.000000
2.000000
2.000000
2.000000
2.000000
2.000000
2.000000
2.000000
2.000000
2.000000
2.000000
2.000000
2.000000
2.000000
2.000000
2.000000
2.000000
2.000000
2.000000
2.000000
2.000000
2.000000
2.000000
2.000000
2.000000
2.000000
2.000000
2.000000
2.000000
2.000000
2.000000
2.000000
2.000000
2.000000
2.000000
2.000000
2.000000
2.000000
2.000000
2.000000
2.000000
2.000000
2.000000
2.000000
2.000000
2.000000
2.000000
2.000000
2.000000
2.000000
2.000000
2.000000
2.000000
2.000000
2.000000
2.000000
2.000000
2.000000
2.000000
2.000000
2.000000
2.000000
2.000000
2.000000
2.000000
2.000000
2.000000
2.000000
2.000000
2.000000
2.000000
2.000000
2.000000
2.000000
2.000000
2.000000
2.000000
2.000000
2.000000
2.000000
2.000000
2.000000
2.000000
2.000000
2.000000
2.000000
2.000000
2.000000
2.000000
2.000000
2.000000
2.000000
2.000000
2.000000
2.000000
2.000000
2.000000
2.000000
2.000000
2.000000
2.000000
2.000000
2.000000
2.000000
2.000000
2.000000
2.000000
2.000000
2.000000
2.000000
2.000000
2.000000
2.000000
2.000000
2.000000
2.000000
2.000000
2.000000
2.000000
2.000000
2.000000
2.000000
2.000000
2.000000
2.000000
2.000000
2.000000
2.000000
2.000000
2.000000
2.000000
2.000000
2.000000
2.000000
2.000000
2.000000
2.000000
2.000000
2.000000
2.000000
2.000000
2.000000
2.000000
2.000000
2.000000
2.000000
2.000000
2.000000
2.000000
2.000000
2.000000
2.000000
2.000000
2.000000
2.000000
2.000000
2.000000
2.000000
2.000000
2.000000
2.000000
2.000000
2.000000
2.000000
2.000000
2.000000
2.000000
2.000000
2.000000
2.000000
2.000000
2.000000
2.000000
2.000000
2.000000
2.000000
2.000000
2.000000
2.000000
2.000000
2.000000
2.000000
2.000000
2.000000
2.000000
2.000000
2.000000
2.000000
2.000000
2.000000
2.000000
2.000000
2.000000
2.000000
2.000000
2.000000
2.000000
2.000000
2.000000
2.000000
2.000000
2.000000
2.000000
2.000000
2.000000
2.000000
2.000000
2.000000
2.000000
2.000000
2.000000
2.000000
2.000000
2.000000
2.000000
2.000000
2.000000
2.000000
2.000000
2.000000
2.000000
2.000000
2.000000
2.000000
2.000000
2.000000
2.000000
2.000000
2.000000
2.000000
2.000000
2.000000
2.000000
2.000000
2.000000
2.000000
2.000000
2.000000
2.000000
2.000000
2.000000
2.000000
2.000000
2.000000
2.000000
2.000000
2.000000
2.000000
2.000000
2.000000
2.000000
2.000000
2.000000
2.000000
2.000000
2.000000
2.000000
2.000000
2.000000
2.000000
2.000000
2.000000
2.000000
2.000000
2.000000
2.000000
2.000000
2.000000
2.000000
2.000000
2.000000
2.000000
2.000000
2.000000
2.000000
2.000000
2.000000
2.000000
2.000000
2.000000
2.000000
2.000000
2.000000
2.000000
2.000000
2.000000
2.000000
2.000000
2.000000
2.000000
2.000000
2.000000
2.000000
2.000000
2.000000
2.000000
2.000000
2.000000
2.000000
2.000000
2.000000
2.000000
2.000000
2.000000
2.000000
2.000000
2.000000
2.000000
2.000000
2.000000
2.000000
2.000000
2.000000
2.000000
2.000000
2.000000
2.000000
2.000000
2.000000
2.000000
