2.001789
2.001113
2.000724
2.000724
2.001113
2.001789
2.002701
2.003755
2.004907
2.006073
2.007217
2.008268
2.009202
2.009959
2.010529
2.010865
2.010970
2.010810
2.010402
2.009725
2.008807
2.007637
2.006256
2.004662
2.002903
2.000987
1.998965
1.996853
1.994704
1.992536
1.990404
1.988326
1.986355
1.984506
1.982829
1.981334
1.980065
1.979025
1.978253
1.977743
1.977524
1.977584
1.977943
1.978580
1.979504
1.980688
1.982134
1.983804
1.985694
1.987761
1.989994
1.992344
1.994797
1.997302
1.999841
2.002362
2.004848
2.007249
2.009546
2.011695
2.013681
2.015462
2.017030
2.018350
2.019420
2.020212
2.020732
2.020960
2.020909
2.020567
2.019957
2.019074
2.017948
2.016581
2.015008
2.013240
2.011316
2.009251
2.007087
2.004843
2.002562
2.000264
1.997992
1.995766
1.993628
1.991592
1.989699
1.987959
1.986408
1.985051
1.983917
1.983007
1.982342
1.981916
1.981744
1.981813
1.982131
1.982679
1.983457
1.984442
1.985627
1.986984
1.988503
1.990149
1.991910
1.993750
1.995653
1.997582
1.999521
2.001433
2.003302
2.005094
2.006796
2.008375
2.009822
2.011109
2.012231
2.013166
2.013912
2.014455
2.014797
2.014930
2.014863
2.014592
2.014133
2.013486
2.012673
2.011698
2.010586
2.009347
2.008008
2.006581
2.005095
2.003564
2.002016
2.000467
1.998945
1.997462
1.996046
1.994706
1.993469
1.992340
1.991340
1.990474
1.989758
1.989192
1.988786
1.988537
1.988452
1.988521
1.988748
1.989120
1.989635
1.990276
1.991039
1.991905
1.992865
1.993900
1.994998
1.996139
1.997311
1.998491
1.999671
2.000827
2.001951
2.003021
2.004031
2.004962
2.005808
2.006556
2.007201
2.007733
2.008152
2.008449
2.008629
2.008686
2.008628
2.008454
2.008173
2.007787
2.007309
2.006742
2.006101
2.005393
2.004633
2.003828
2.002995
2.002142
2.001285
2.000432
1.999598
1.998791
1.998024
1.997303
1.996641
1.996042
1.995515
1.995062
1.994692
1.994402
1.994200
1.994080
1.994048
1.994096
1.994226
1.994430
1.994706
1.995047
1.995447
1.995898
1.996394
1.996925
1.997484
1.998062
1.998652
1.999243
1.999830
2.000402
2.000954
2.001478
2.001968
2.002417
2.002822
2.003177
2.003481
2.003728
2.003920
2.004052
2.004129
2.004147
2.004110
2.004019
2.003878
2.003690
2.003460
2.003190
2.002887
2.002556
2.002202
2.001830
2.001447
2.001058
2.000669
2.000283
1.999909
1.999549
1.999208
1.998890
1.998600
1.998339
1.998111
1.997916
1.997759
1.997637
1.997554
1.997507
1.997498
1.997523
1.997583
1.997673
1.997794
1.997941
1.998113
1.998304
1.998513
1.998736
1.998969
1.999208
1.999451
1.999693
1.999932
2.000163
2.000385
2.000595
2.000789
2.000967
2.001125
2.001263
2.001380
2.001474
2.001546
2.001594
2.001620
2.001624
2.001606
2.001567
2.001510
2.001435
2.001344
2.001238
2.001121
2.000994
2.000859
2.000718
2.000574
2.000428
2.000283
2.000141
2.000003
1.999871
1.999747
1.999632
1.999527
1.999434
1.999353
1.999284
1.999229
1.999187
1.999159
1.999144
1.999142
1.999152
1.999174
1.999207
1.999250
1.999301
1.999361
1.999428
1.999500
1.999576
1.999655
1.999736
1.999818
1.999899
1.999978
2.000055
2.000128
2.000196
2.000260
2.000317
2.000368
2.000412
2.000449
2.000478
2.000500
2.000514
2.000521
2.000521
2.000514
2.000501
2.000482
2.000457
2.000428
2.000394
2.000357
2.000317
2.000275
2.000231
2.000187
2.000142
2.000098
2.000054
2.000013
1.999973
1.999936
1.999902
1.999871
1.999843
1.999820
1.999800
1.999784
1.999772
1.999764
1.999760
1.999760
1.999763
1.999769
1.999779
1.999791
1.999806
1.999823
1.999842
1.999862
1.999884
1.999906
1.999928
1.999951
1.999973
1.999994
2.000015
2.000035
2.000053
2.000070
2.000085
2.000098
2.000110
2.000119
2.000127
2.000132
2.000136
2.000137
2.000137
2.000135
2.000131
2.000126
2.000120
2.000112
2.000103
2.000093
2.000083
2.000072
2.000061
2.000050
2.000038
2.000027
2.000017
2.000006
1.999996
1.999987
1.999979
1.999971
1.999965
1.999959
1.999954
1.999951
1.999948
1.999946
1.999945
1.999945
1.999946
1.999947
1.999950
1.999953
1.999956
1.999960
1.999964
1.999969
1.999974
1.999979
1.999984
1.999989
1.999994
1.999999
2.000003
2.000008
2.000012
2.000015
2.000019
2.000022
2.000024
2.000026
2.000028
2.000029
2.000029
2.000030
2.000030
2.000029
2.000028
2.000027
2.000026
2.000024
2.000022
2.000020
2.000018
2.000015
2.000013
2.000011
2.000009
2.000006
2.000004
2.000002
2.000000
1.999998
1.999996
1.999995
1.999994
1.999992
1.999992
1.999991
1.999990
1.999990
1.999990
1.999990
1.999990
1.999990
1.999991
1.999991
1.999992
1.999993
1.999993
1.999994
1.999995
1.999996
1.999997
1.999998
1.999999
2.000000
2.000001
2.000001
2.000002
2.000003
2.000003
2.000004
2.000004
2.000005
2.000005
2.000005
2.000005
2.000005
2.000005
2.000005
2.000005
2.000005
2.000005
2.000004
2.000004
2.000003
2.000003
2.000003
2.000002
2.000002
2.000002
2.000001
2.000001
2.000000
2.000000
2.000000
2.000000
1.999999
1.999999
1.999999
1.999999
1.999999
1.999999
1.999998
1.999998
1.999998
1.999998
1.999998
1.999999
1.999999
1.999999
1.999999
1.999999
1.999999
1.999999
1.999999
2.000000
2.000000
2.000000
2.000000
2.000000
2.000000
2.000000
2.000000
2.000001
2.000001
2.000001
2.000001
2.000001
2.000001
2.000001
2.000001
2.000001
2.000001
2.000001
2.000001
2.000001
2.000001
2.000001
2.000000
2.000000
2.000000
2.000000
2.000000
2.000000
2.000000
2.000000
2.000000
2.000000
2.000000
2.000000
2.000000
2.000000
2.000000
2.000000
2.000000
2.000000
2.000000
2.000000
2.000000
2.000000
2.000000
2.000000
2.000000
2.000000
2.000000
2.000000
2.000000
2.000000
2.000000
2.000000
2.000000
2.000000
2.000000
2.000000
2.000000
2.000000
2.000000
2.000000
2.000000
2.000000
2.000000
2.000000
2.000000
2.000000
2.000000
2.000000
2.000000
2.000000
2.000000
2.000000
2.000000
2.000000
2.000000
2.000000
2.000000
2.000000
2.000000
2.000000
2.000000
2.000000
2.000000
2.000000
2.000000
2.000000
2.000000
2.000000
2.000000
2.000000
2.000000
2.000000
2.000000
2.000000
2.000000
2.000000
2.000000
2.000000
2.000000
2.000000
2.000000
2.000000
2.000000
2.000000
2.000000
2.000000
2.000000
2.000000
2.000000
2.000000
2.000000
2.000000
2.000000
2.000000
2.000000
2.000000
2.000000
2.000000
2.000000
2.000000
2.000000
2.000000
2.000000
2.000000
2.000000
2.000000
2.000000
2.000000
2.000000
2.000000
2.000000
2.000000
2.000000
2.000000
2.000000
2.000000
2.000000
2.000000
2.000000
2.000000
2.000000
2.000000
2.000000
2.000000
2.000000
2.000000
2.000000
2.000000
2.000000
2.000000
2.000000
2.000000
2.000000
2.000000
2.000000
2.000000
2.000000
2.000000
2.000000
2.000000
2.000000
2.000000
2.000000
2.000000
2.000000
2.000000
2.000000
2.000000
2.000000
2.000000
2.000000
2.000000
2.000000
2.000000
2.000000
2.000000
2.000000
2.000000
2.000000
2.000000
2.000000
2.000000
2.000000
2.000000
2.000000
2.000000
2.000000
2.000000
2.000000
2.000000
2.000000
2.000000
2.000000
2.000000
2.000000
2.000000
2.000000
2.000000
2.000000
2.000000
2.000000
2.000000
2.000000
2.000000
2.000000
2.000000
2.000000
2.000000
2.000000
2.000000
2.000000
2.000000
2.000000
2.000000
2.000000
2.000000
2.000000
2.000000
2.000000
2.000000
2.000000
2.000000
2.000000
2.000000
2.000000
2.000000
2.000000
2.000000
2.000000
2.000000
2.000000
2.000000
2.000000
2.000000
2.000000
2.000000
2.000000
2.000000
2.000000
2.000000
2.000000
2.000000
2.000000
2.000000
2.000000
2.000000
2.000000
2.000000
2.000000
2.000000
2.000000
2.000000
2.000000
2.000000
2.000000
2.000000
2.000000
2.000000
2.000000
2.000000
2.000000
2.000000
2.000000
2.000000
2.000000
2.000000
2.000000
2.000000
2.000000
2.000000
2.000000
2.000000
2.000000
2.000000
2.000000
2.000000
2.000000
2.000000
2.000000
2.000000
2.000000
2.000000
2.000000
2.000000
2.000000
2.000000
2.000000
2.000000
2.000000
2.000000
2.000000
2.000000
2.000000
2.000000
2.000000
2.000000
2.000000
2.000000
2.000000
2.000000
2.000000
2.000000
2.000000
2.000000
2.000000
2.000000
2.000000
2.000000
2.000000
2.000000
2.000000
2.000000
2.000000
2.000000
2.000000
2.000000
2.000000
2.000000
2.000000
2.000000
2.000000
2.000000
2.000000
2.000000
2.000000
2.000000
2.000000
2.000000
2.000000
2.000000
2.000000
2.000000
2.000000
2.000000
2.000000
2.000000
2.000000
2.000000
2.000000
2.000000
2.000000
2.000000
2.000000
2.000000
2.000000
2.000000
2.000000
2.000000
2.000000
2.000000
2.000000
2.000000
2.000000
2.000000
2.000000
2.000000
2.000000
2.000000
2.000000
2.000000
2.000000
2.000000
2.000000
2.000000
2.000000
2.000000
2.000000
2.000000
2.000000
2.000000
2.000000
2.000000
2.000000
2.000000
2.000000
2.000000
2.000000
2.000000
2.000000
2.000000
2.000000
2.000000
2.000000
2.000000
2.000000
2.000000
2.000000
2.000000
2.000000
2.000000
2.000000
2.000000
2.000000
2.000000
2.000000
2.000000
2.000000
2.000000
2.000000
2.000000
2.000000
2.000000
2.000000
2.000000
2.000000
2.000000
2.000000
2.000000
2.000000
2.000000
2.000000
2.000000
2.000000
2.000000
2.000000
2.000000
2.000000
2.000000
2.000000
2.000000
2.000000
2.000000
2.000000
2.000000
2.000000
2.000000
2.000000
2.000000
2.000000
2.000000
2.000000
2.000000
2.000000
2.000000
2.000000
2.000000
2.000000
2.000000
2.000000
2.000000
2.000000
2.000000
2.000000
2.000000
2.000000
2.000000
2.000000
2.000000
2.000000
2.000000
2.000000
2.000000
2.000000
2.000000
2.000000
2.000000
2.000000
2.000000
2.000000
2.000000
