2.002004
2.001327
2.000937
2.000937
2.001327
2.002004
2.002916
2.003966
2.005110
2.006260
2.007382
2.008402
2.009295
2.010000
2.010508
2.010770
2.010790
2.010532
2.010015
2.009217
2.008168
2.006857
2.005327
2.003577
2.001656
1.999575
1.997387
1.995108
1.992797
1.990470
1.988188
1.985968
1.983869
1.981906
1.980132
1.978557
1.977231
1.976155
1.975371
1.974873
1.974693
1.974817
1.975266
1.976018
1.977085
1.978433
1.980067
1.981947
1.984066
1.986377
1.988870
1.991490
1.994223
1.997012
1.999838
2.002645
2.005412
2.008084
2.010644
2.013039
2.015254
2.017244
2.018999
2.020480
2.021685
2.022582
2.023179
2.023451
2.023415
2.023056
2.022398
2.021436
2.020203
2.018700
2.016968
2.015015
2.012886
2.010597
2.008195
2.005698
2.003158
2.000593
1.998055
1.995562
1.993162
1.990873
1.988739
1.986772
1.985012
1.983465
1.982165
1.981111
1.980330
1.979814
1.979581
1.979617
1.979931
1.980503
1.981334
1.982397
1.983688
1.985173
1.986842
1.988657
1.990606
1.992646
1.994762
1.996912
1.999078
2.001218
2.003317
2.005334
2.007255
2.009043
2.010688
2.012158
2.013448
2.014531
2.015407
2.016055
2.016484
2.016677
2.016649
2.016391
2.015923
2.015243
2.014375
2.013323
2.012116
2.010761
2.009292
2.007718
2.006075
2.004374
2.002652
2.000921
1.999215
1.997547
1.995950
1.994433
1.993025
1.991734
1.990585
1.989581
1.988743
1.988068
1.987573
1.987250
1.987112
1.987145
1.987357
1.987730
1.988266
1.988945
1.989765
1.990701
1.991748
1.992881
1.994090
1.995351
1.996652
1.997966
1.999286
2.000582
2.001848
2.003058
2.004206
2.005268
2.006241
2.007105
2.007859
2.008487
2.008992
2.009361
2.009601
2.009704
2.009678
2.009521
2.009244
2.008847
2.008345
2.007742
2.007053
2.006285
2.005456
2.004572
2.003654
2.002708
2.001754
2.000800
1.999864
1.998952
1.998083
1.997261
1.996503
1.995810
1.995197
1.994663
1.994220
1.993866
1.993609
1.993443
1.993375
1.993397
1.993512
1.993710
1.993992
1.994345
1.994770
1.995252
1.995788
1.996365
1.996979
1.997615
1.998270
1.998927
1.999584
2.000227
2.000852
2.001446
2.002007
2.002523
2.002994
2.003410
2.003771
2.004069
2.004307
2.004479
2.004589
2.004633
2.004617
2.004538
2.004404
2.004214
2.003977
2.003692
2.003371
2.003013
2.002630
2.002223
2.001802
2.001370
2.000937
2.000506
2.000084
1.999675
1.999288
1.998922
1.998587
1.998281
1.998012
1.997779
1.997587
1.997433
1.997323
1.997253
1.997225
1.997235
1.997285
1.997370
1.997490
1.997640
1.997820
1.998022
1.998247
1.998487
1.998741
1.999004
1.999273
1.999542
1.999810
2.000070
2.000323
2.000562
2.000786
2.000992
2.001179
2.001342
2.001484
2.001600
2.001692
2.001758
2.001799
2.001815
2.001807
2.001774
2.001721
2.001647
2.001555
2.001445
2.001322
2.001185
2.001040
2.000886
2.000728
2.000567
2.000405
2.000245
2.000090
1.999939
1.999797
1.999663
1.999541
1.999430
1.999334
1.999249
1.999181
1.999126
1.999087
1.999062
1.999052
1.999055
1.999073
1.999102
1.999144
1.999196
1.999258
1.999327
1.999404
1.999485
1.999572
1.999660
1.999751
1.999841
1.999930
2.000016
2.000100
2.000179
2.000252
2.000319
2.000380
2.000433
2.000479
2.000516
2.000545
2.000565
2.000578
2.000583
2.000580
2.000569
2.000552
2.000528
2.000499
2.000464
2.000425
2.000383
2.000337
2.000290
2.000241
2.000191
2.000142
2.000093
2.000046
2.000000
1.999958
1.999917
1.999881
1.999848
1.999819
1.999794
1.999774
1.999758
1.999746
1.999739
1.999736
1.999736
1.999741
1.999750
1.999762
1.999776
1.999793
1.999813
1.999834
1.999857
1.999881
1.999905
1.999930
1.999955
1.999979
2.000003
2.000025
2.000046
2.000066
2.000084
2.000100
2.000114
2.000126
2.000136
2.000144
2.000149
2.000152
2.000153
2.000152
2.000149
2.000145
2.000139
2.000131
2.000122
2.000112
2.000101
2.000090
2.000078
2.000065
2.000053
2.000040
2.000028
2.000016
2.000005
1.999994
1.999984
1.999975
1.999967
1.999960
1.999954
1.999949
1.999945
1.999942
1.999941
1.999940
1.999940
1.999941
1.999943
1.999946
1.999949
1.999953
1.999957
1.999962
1.999967
1.999973
1.999978
1.999984
1.999989
1.999995
2.000000
2.000005
2.000010
2.000014
2.000018
2.000022
2.000025
2.000027
2.000029
2.000031
2.000032
2.000033
2.000033
2.000033
2.000032
2.000031
2.000030
2.000028
2.000026
2.000024
2.000022
2.000020
2.000017
2.000014
2.000012
2.000009
2.000007
2.000004
2.000002
2.000000
1.999998
1.999996
1.999994
1.999993
1.999992
1.999991
1.999990
1.999989
1.999989
1.999989
1.999989
1.999989
1.999989
1.999990
1.999990
1.999991
1.999992
1.999993
1.999994
1.999995
1.999996
1.999997
1.999998
1.999999
2.000000
2.000001
2.000002
2.000002
2.000003
2.000004
2.000004
2.000005
2.000005
2.000005
2.000006
2.000006
2.000006
2.000006
2.000006
2.000005
2.000005
2.000005
2.000005
2.000004
2.000004
2.000003
2.000003
2.000003
2.000002
2.000002
2.000001
2.000001
2.000001
2.000000
2.000000
1.999999
1.999999
1.999999
1.999999
1.999999
1.999998
1.999998
1.999998
1.999998
1.999998
1.999998
1.999998
1.999998
1.999999
1.999999
1.999999
1.999999
1.999999
1.999999
1.999999
2.000000
2.000000
2.000000
2.000000
2.000000
2.000000
2.000000
2.000000
2.000001
2.000001
2.000001
2.000001
2.000001
2.000001
2.000001
2.000001
2.000001
2.000001
2.000001
2.000001
2.000001
2.000001
2.000001
2.000001
2.000000
2.000000
2.000000
2.000000
2.000000
2.000000
2.000000
2.000000
2.000000
2.000000
2.000000
2.000000
2.000000
2.000000
2.000000
2.000000
2.000000
2.000000
2.000000
2.000000
2.000000
2.000000
2.000000
2.000000
2.000000
2.000000
2.000000
2.000000
2.000000
2.000000
2.000000
2.000000
2.000000
2.000000
2.000000
2.000000
2.000000
2.000000
2.000000
2.000000
2.000000
2.000000
2.000000
2.000000
2.000000
2.000000
2.000000
2.000000
2.000000
2.000000
2.000000
2.000000
2.000000
2.000000
2.000000
2.000000
2.000000
2.000000
2.000000
2.000000
2.000000
2.000000
2.000000
2.000000
2.000000
2.000000
2.000000
2.000000
2.000000
2.000000
2.000000
2.000000
2.000000
2.000000
2.000000
2.000000
2.000000
2.000000
2.000000
2.000000
2.000000
2.000000
2.000000
2.000000
2.000000
2.000000
2.000000
2.000000
2.000000
2.000000
2.000000
2.000000
2.000000
2.000000
2.000000
2.000000
2.000000
2.000000
2.000000
2.000000
2.000000
2.000000
2.000000
2.000000
2.000000
2.000000
2.000000
2.000000
2.000000
2.000000
2.000000
2.000000
2.000000
2.000000
2.000000
2.000000
2.000000
2.000000
2.000000
2.000000
2.000000
2.000000
2.000000
2.000000
2.000000
2.000000
2.000000
2.000000
2.000000
2.000000
2.000000
2.000000
2.000000
2.000000
2.000000
2.000000
2.000000
2.000000
2.000000
2.000000
2.000000
2.000000
2.000000
2.000000
2.000000
2.000000
2.000000
2.000000
2.000000
2.000000
2.000000
2.000000
2.000000
2.000000
2.000000
2.000000
2.000000
2.000000
2.000000
2.000000
2.000000
2.000000
2.000000
2.000000
2.000000
2.000000
2.000000
2.000000
2.000000
2.000000
2.000000
2.000000
2.000000
2.000000
2.000000
2.000000
2.000000
2.000000
2.000000
2.000000
2.000000
2.000000
2.000000
2.000000
2.000000
2.000000
2.000000
2.000000
2.000000
2.000000
2.000000
2.000000
2.000000
2.000000
2.000000
2.000000
2.000000
2.000000
2.000000
2.000000
2.000000
2.000000
2.000000
2.000000
2.000000
2.000000
2.000000
2.000000
2.000000
2.000000
2.000000
2.000000
2.000000
2.000000
2.000000
2.000000
2.000000
2.000000
2.000000
2.000000
2.000000
2.000000
2.000000
2.000000
2.000000
2.000000
2.000000
2.000000
2.000000
2.000000
2.000000
2.000000
2.000000
2.000000
2.000000
2.000000
2.000000
2.000000
2.000000
2.000000
2.000000
2.000000
2.000000
2.000000
2.000000
2.000000
2.000000
2.000000
2.000000
2.000000
2.000000
2.000000
2.000000
2.000000
2.000000
2.000000
2.000000
2.000000
2.000000
2.000000
2.000000
2.000000
2.000000
2.000000
2.000000
2.000000
2.000000
2.000000
2.000000
2.000000
2.000000
2.000000
2.000000
2.000000
2.000000
2.000000
2.000000
2.000000
2.000000
2.000000
2.000000
2.000000
2.000000
2.000000
2.000000
2.000000
2.000000
2.000000
2.000000
2.000000
2.000000
2.000000
2.000000
2.000000
2.000000
2.000000
2.000000
2.000000
2.000000
2.000000
2.000000
2.000000
2.000000
2.000000
2.000000
2.000000
2.000000
2.000000
2.000000
2.000000
2.000000
2.000000
2.000000
2.000000
2.000000
2.000000
2.000000
2.000000
2.000000
2.000000
2.000000
2.000000
2.000000
2.000000
2.000000
2.000000
2.000000
2.000000
2.000000
2.000000
2.000000
2.000000
2.000000
2.000000
2.000000
2.000000
2.000000
2.000000
2.000000
2.000000
2.000000
2.000000
2.000000
2.000000
2.000000
2.000000
2.000000
2.000000
2.000000
2.000000
2.000000
2.000000
2.000000
2.000000
2.000000
2.000000
2.000000
2.000000
2.000000
2.000000
2.000000
2.000000
2.000000
2.000000
2.000000
2.000000
2.000000
2.000000
2.000000
2.000000
2.000000
2.000000
2.000000
2.000000
2.000000
2.000000
2.000000
2.000000
2.000000
2.000000
2.000000
2.000000
2.000000
2.000000
2.000000
2.000000
2.000000
2.000000
2.000000
2.000000
2.000000
2.000000
2.000000
2.000000
2.000000
2.000000
2.000000
2.000000
2.000000
2.000000
2.000000
2.000000
2.000000
2.000000
2.000000
2.000000
2.000000
2.000000
2.000000
2.000000
2.000000
2.000000
2.000000
2.000000
2.000000
2.000000
2.000000
2.000000
2.000000
2.000000
2.000000
2.000000
2.000000
2.000000
2.000000
2.000000
2.000000
2.000000
2.000000
2.000000
2.000000
2.000000
2.000000
2.000000
2.000000
2.000000
2.000000
2.000000
