2.001861
2.001182
2.000792
2.000792
2.001182
2.001861
2.002775
2.003831
2.004984
2.006148
2.007290
2.008335
2.009260
2.010005
2.010559
2.010875
2.010956
2.010768
2.010328
2.009614
2.008655
2.007442
2.006013
2.004369
2.002557
2.000587
1.998510
1.996342
1.994139
1.991917
1.989734
1.987607
1.985591
1.983701
1.981989
1.980464
1.979173
1.978118
1.977338
1.976828
1.976619
1.976696
1.977082
1.977753
1.978721
1.979957
1.981462
1.983198
1.985162
1.987307
1.989624
1.992062
1.994605
1.997203
1.999836
2.002450
2.005029
2.007518
2.009902
2.012131
2.014192
2.016042
2.017672
2.019045
2.020160
2.020986
2.021531
2.021773
2.021727
2.021380
2.020754
2.019845
2.018682
2.017271
2.015645
2.013816
2.011824
2.009685
2.007442
2.005115
2.002749
2.000363
1.998004
1.995690
1.993466
1.991347
1.989375
1.987561
1.985942
1.984524
1.983336
1.982380
1.981678
1.981223
1.981033
1.981092
1.981410
1.981967
1.982764
1.983776
1.984997
1.986397
1.987967
1.989670
1.991493
1.993400
1.995374
1.997376
1.999389
2.001376
2.003321
2.005187
2.006960
2.008607
2.010118
2.011465
2.012641
2.013623
2.014411
2.014986
2.015356
2.015507
2.015451
2.015183
2.014719
2.014060
2.013227
2.012225
2.011081
2.009802
2.008419
2.006943
2.005404
2.003816
2.002211
2.000602
1.999019
1.997475
1.996000
1.994602
1.993309
1.992128
1.991081
1.990170
1.989415
1.988814
1.988381
1.988109
1.988008
1.988067
1.988291
1.988664
1.989188
1.989843
1.990626
1.991516
1.992506
1.993574
1.994710
1.995891
1.997106
1.998331
1.999557
2.000759
2.001930
2.003046
2.004100
2.005074
2.005961
2.006746
2.007426
2.007989
2.008434
2.008754
2.008952
2.009023
2.008975
2.008804
2.008523
2.008132
2.007645
2.007065
2.006407
2.005678
2.004894
2.004063
2.003201
2.002317
2.001428
2.000541
1.999673
1.998832
1.998032
1.997278
1.996585
1.995955
1.995401
1.994922
1.994529
1.994219
1.993999
1.993866
1.993823
1.993864
1.993990
1.994193
1.994473
1.994818
1.995228
1.995689
1.996200
1.996747
1.997325
1.997922
1.998534
1.999147
1.999757
2.000353
2.000929
2.001475
2.001988
2.002459
2.002886
2.003260
2.003582
2.003845
2.004052
2.004196
2.004283
2.004308
2.004278
2.004190
2.004050
2.003860
2.003627
2.003351
2.003042
2.002701
2.002337
2.001953
2.001558
2.001154
2.000750
2.000349
1.999959
1.999583
1.999227
1.998894
1.998589
1.998313
1.998072
1.997866
1.997697
1.997566
1.997474
1.997420
1.997405
1.997426
1.997484
1.997573
1.997694
1.997843
1.998018
1.998213
1.998428
1.998657
1.998897
1.999145
1.999396
1.999647
1.999896
2.000137
2.000369
2.000588
2.000792
2.000979
2.001147
2.001293
2.001417
2.001518
2.001596
2.001650
2.001681
2.001687
2.001672
2.001635
2.001579
2.001504
2.001412
2.001305
2.001185
2.001055
2.000916
2.000771
2.000622
2.000471
2.000320
2.000172
2.000028
1.999890
1.999760
1.999639
1.999529
1.999430
1.999343
1.999270
1.999211
1.999165
1.999133
1.999115
1.999111
1.999119
1.999140
1.999172
1.999215
1.999267
1.999328
1.999395
1.999469
1.999547
1.999629
1.999713
1.999797
1.999881
1.999964
2.000044
2.000121
2.000192
2.000259
2.000319
2.000373
2.000420
2.000460
2.000491
2.000516
2.000532
2.000541
2.000542
2.000536
2.000523
2.000505
2.000480
2.000451
2.000417
2.000379
2.000338
2.000295
2.000249
2.000203
2.000157
2.000111
2.000066
2.000022
1.999981
1.999942
1.999906
1.999873
1.999844
1.999818
1.999797
1.999780
1.999766
1.999757
1.999752
1.999751
1.999754
1.999760
1.999769
1.999781
1.999796
1.999813
1.999833
1.999853
1.999875
1.999898
1.999921
1.999944
1.999967
1.999990
2.000012
2.000032
2.000051
2.000069
2.000085
2.000100
2.000112
2.000122
2.000130
2.000136
2.000140
2.000142
2.000143
2.000141
2.000137
2.000132
2.000126
2.000118
2.000109
2.000099
2.000089
2.000078
2.000066
2.000054
2.000043
2.000031
2.000020
2.000009
1.999999
1.999989
1.999980
1.999972
1.999965
1.999959
1.999954
1.999950
1.999947
1.999945
1.999943
1.999943
1.999944
1.999945
1.999947
1.999950
1.999954
1.999958
1.999962
1.999967
1.999972
1.999977
1.999982
1.999987
1.999993
1.999998
2.000002
2.000007
2.000011
2.000015
2.000019
2.000022
2.000024
2.000027
2.000028
2.000030
2.000030
2.000031
2.000031
2.000030
2.000030
2.000028
2.000027
2.000025
2.000023
2.000021
2.000019
2.000017
2.000014
2.000012
2.000010
2.000007
2.000005
2.000003
2.000001
1.999999
1.999997
1.999995
1.999994
1.999993
1.999992
1.999991
1.999990
1.999990
1.999989
1.999989
1.999989
1.999990
1.999990
1.999991
1.999991
1.999992
1.999993
1.999994
1.999995
1.999996
1.999997
1.999998
1.999999
2.000000
2.000000
2.000001
2.000002
2.000003
2.000003
2.000004
2.000004
2.000005
2.000005
2.000005
2.000005
2.000005
2.000005
2.000005
2.000005
2.000005
2.000005
2.000004
2.000004
2.000004
2.000003
2.000003
2.000003
2.000002
2.000002
2.000001
2.000001
2.000001
2.000000
2.000000
2.000000
1.999999
1.999999
1.999999
1.999999
1.999999
1.999999
1.999998
1.999998
1.999998
1.999998
1.999998
1.999999
1.999999
1.999999
1.999999
1.999999
1.999999
1.999999
1.999999
2.000000
2.000000
2.000000
2.000000
2.000000
2.000000
2.000000
2.000000
2.000000
2.000001
2.000001
2.000001
2.000001
2.000001
2.000001
2.000001
2.000001
2.000001
2.000001
2.000001
2.000001
2.000001
2.000001
2.000001
2.000000
2.000000
2.000000
2.000000
2.000000
2.000000
2.000000
2.000000
2.000000
2.000000
2.000000
2.000000
2.000000
2.000000
2.000000
2.000000
2.000000
2.000000
2.000000
2.000000
2.000000
2.000000
2.000000
2.000000
2.000000
2.000000
2.000000
2.000000
2.000000
2.000000
2.000000
2.000000
2.000000
2.000000
2.000000
2.000000
2.000000
2.000000
2.000000
2.000000
2.000000
2.000000
2.000000
2.000000
2.000000
2.000000
2.000000
2.000000
2.000000
2.000000
2.000000
2.000000
2.000000
2.000000
2.000000
2.000000
2.000000
2.000000
2.000000
2.000000
2.000000
2.000000
2.000000
2.000000
2.000000
2.000000
2.000000
2.000000
2.000000
2.000000
2.000000
2.000000
2.000000
2.000000
2.000000
2.000000
2.000000
2.000000
2.000000
2.000000
2.000000
2.000000
2.000000
2.000000
2.000000
2.000000
2.000000
2.000000
2.000000
2.000000
2.000000
2.000000
2.000000
2.000000
2.000000
2.000000
2.000000
2.000000
2.000000
2.000000
2.000000
2.000000
2.000000
2.000000
2.000000
2.000000
2.000000
2.000000
2.000000
2.000000
2.000000
2.000000
2.000000
2.000000
2.000000
2.000000
2.000000
2.000000
2.000000
2.000000
2.000000
2.000000
2.000000
2.000000
2.000000
2.000000
2.000000
2.000000
2.000000
2.000000
2.000000
2.000000
2.000000
2.000000
2.000000
2.000000
2.000000
2.000000
2.000000
2.000000
2.000000
2.000000
2.000000
2.000000
2.000000
2.000000
2.000000
2.000000
2.000000
2.000000
2.000000
2.000000
2.000000
2.000000
2.000000
2.000000
2.000000
2.000000
2.000000
2.000000
2.000000
2.000000
2.000000
2.000000
2.000000
2.000000
2.000000
2.000000
2.000000
2.000000
2.000000
2.000000
2.000000
2.000000
2.000000
2.000000
2.000000
2.000000
2.000000
2.000000
2.000000
2.000000
2.000000
2.000000
2.000000
2.000000
2.000000
2.000000
2.000000
2.000000
2.000000
2.000000
2.000000
2.000000
2.000000
2.000000
2.000000
2.000000
2.000000
2.000000
2.000000
2.000000
2.000000
2.000000
2.000000
2.000000
2.000000
2.000000
2.000000
2.000000
2.000000
2.000000
2.000000
2.000000
2.000000
2.000000
2.000000
2.000000
2.000000
2.000000
2.000000
2.000000
2.000000
2.000000
2.000000
2.000000
2.000000
2.000000
2.000000
2.000000
2.000000
2.000000
2.000000
2.000000
2.000000
2.000000
2.000000
2.000000
2.000000
2.000000
2.000000
2.000000
2.000000
2.000000
2.000000
2.000000
2.000000
2.000000
2.000000
2.000000
2.000000
2.000000
2.000000
2.000000
2.000000
2.000000
2.000000
2.000000
2.000000
2.000000
2.000000
2.000000
2.000000
2.000000
2.000000
2.000000
2.000000
2.000000
2.000000
2.000000
2.000000
2.000000
2.000000
2.000000
2.000000
2.000000
2.000000
2.000000
2.000000
2.000000
2.000000
2.000000
2.000000
2.000000
2.000000
2.000000
2.000000
2.000000
2.000000
2.000000
2.000000
2.000000
2.000000
2.000000
2.000000
2.000000
2.000000
2.000000
2.000000
2.000000
2.000000
2.000000
2.000000
2.000000
2.000000
2.000000
2.000000
2.000000
2.000000
2.000000
2.000000
2.000000
2.000000
2.000000
2.000000
2.000000
2.000000
2.000000
2.000000
2.000000
2.000000
2.000000
2.000000
2.000000
2.000000
2.000000
2.000000
2.000000
2.000000
2.000000
2.000000
2.000000
2.000000
2.000000
2.000000
2.000000
2.000000
2.000000
2.000000
2.000000
2.000000
2.000000
2.000000
2.000000
2.000000
2.000000
2.000000
2.000000
2.000000
2.000000
2.000000
2.000000
2.000000
2.000000
2.000000
2.000000
2.000000
2.000000
2.000000
2.000000
2.000000
2.000000
2.000000
2.000000
2.000000
2.000000
2.000000
2.000000
2.000000
2.000000
2.000000
2.000000
2.000000
2.000000
2.000000
2.000000
2.000000
2.000000
2.000000
2.000000
2.000000
2.000000
2.000000
2.000000
2.000000
2.000000
2.000000
2.000000
2.000000
2.000000
2.000000
2.000000
2.000000
2.000000
2.000000
2.000000
2.000000
2.000000
2.000000
2.000000
2.000000
2.000000
2.000000
2.000000
2.000000
2.000000
2.000000
2.000000
2.000000
2.000000
2.000000
2.000000
2.000000
2.000000
2.000000
2.000000
2.000000
2.000000
2.000000
2.000000
2.000000
2.000000
2.000000
2.000000
2.000000
2.000000
2.000000
2.000000
2.000000
2.000000
2.000000
2.000000
2.000000
2.000000
2.000000
2.000000
2.000000
2.000000
2.000000
