2.002022
2.001346
2.000956
2.000956
2.001346
2.002022
2.002933
2.003981
2.005123
2.006269
2.007388
2.008403
2.009291
2.009989
2.010490
2.010743
2.010753
2.010485
2.009958
2.009148
2.008086
2.006762
2.005218
2.003454
2.001519
1.999423
1.997222
1.994928
1.992603
1.990264
1.987970
1.985739
1.983630
1.981658
1.979877
1.978298
1.976968
1.975891
1.975107
1.974612
1.974437
1.974568
1.975026
1.975790
1.976870
1.978234
1.979885
1.981784
1.983923
1.986257
1.988772
1.991417
1.994175
1.996989
1.999840
2.002671
2.005463
2.008159
2.010741
2.013157
2.015393
2.017400
2.019172
2.020666
2.021883
2.022789
2.023392
2.023668
2.023633
2.023273
2.022611
2.021643
2.020400
2.018886
2.017140
2.015172
2.013025
2.010716
2.008294
2.005776
2.003213
2.000626
1.998065
1.995548
1.993126
1.990815
1.988660
1.986673
1.984895
1.983331
1.982016
1.980950
1.980158
1.979634
1.979395
1.979427
1.979741
1.980314
1.981149
1.982218
1.983518
1.985013
1.986695
1.988524
1.990488
1.992546
1.994680
1.996848
1.999034
2.001194
2.003312
2.005348
2.007288
2.009094
2.010757
2.012243
2.013548
2.014644
2.015532
2.016190
2.016627
2.016826
2.016802
2.016546
2.016078
2.015396
2.014524
2.013466
2.012251
2.010887
2.009407
2.007821
2.006165
2.004450
2.002713
2.000966
1.999245
1.997561
1.995948
1.994416
1.992993
1.991688
1.990526
1.989509
1.988659
1.987975
1.987471
1.987142
1.986998
1.987028
1.987237
1.987610
1.988147
1.988829
1.989653
1.990594
1.991648
1.992789
1.994008
1.995278
1.996590
1.997916
1.999247
2.000556
2.001834
2.003056
2.004215
2.005289
2.006273
2.007148
2.007911
2.008548
2.009061
2.009437
2.009683
2.009790
2.009768
2.009613
2.009337
2.008939
2.008437
2.007830
2.007138
2.006365
2.005531
2.004640
2.003715
2.002761
2.001800
2.000837
1.999892
1.998971
1.998094
1.997263
1.996496
1.995795
1.995174
1.994633
1.994183
1.993823
1.993561
1.993391
1.993319
1.993338
1.993451
1.993648
1.993930
1.994284
1.994710
1.995194
1.995734
1.996315
1.996933
1.997574
1.998233
1.998896
1.999559
2.000208
2.000839
2.001439
2.002007
2.002529
2.003006
2.003427
2.003793
2.004096
2.004339
2.004514
2.004628
2.004674
2.004660
2.004583
2.004450
2.004260
2.004022
2.003737
2.003414
2.003055
2.002669
2.002259
2.001836
2.001400
2.000964
2.000528
2.000103
1.999690
1.999298
1.998928
1.998589
1.998279
1.998007
1.997770
1.997574
1.997418
1.997305
1.997232
1.997202
1.997211
1.997260
1.997344
1.997464
1.997614
1.997794
1.997997
1.998223
1.998464
1.998721
1.998985
1.999256
1.999527
1.999797
2.000060
2.000316
2.000557
2.000784
2.000992
2.001182
2.001348
2.001492
2.001610
2.001704
2.001771
2.001814
2.001830
2.001824
2.001792
2.001740
2.001665
2.001573
2.001463
2.001340
2.001203
2.001057
2.000902
2.000743
2.000580
2.000418
2.000256
2.000099
1.999946
1.999803
1.999667
1.999544
1.999432
1.999333
1.999248
1.999178
1.999122
1.999082
1.999055
1.999045
1.999047
1.999065
1.999094
1.999135
1.999187
1.999249
1.999318
1.999395
1.999477
1.999564
1.999653
1.999744
1.999835
1.999925
2.000012
2.000097
2.000176
2.000251
2.000319
2.000381
2.000434
2.000481
2.000518
2.000548
2.000569
2.000583
2.000588
2.000585
2.000575
2.000558
2.000534
2.000505
2.000470
2.000431
2.000388
2.000343
2.000295
2.000246
2.000196
2.000146
2.000097
2.000049
2.000003
1.999960
1.999919
1.999882
1.999849
1.999820
1.999794
1.999773
1.999757
1.999745
1.999737
1.999734
1.999734
1.999739
1.999747
1.999759
1.999773
1.999791
1.999810
1.999832
1.999854
1.999878
1.999903
1.999928
1.999953
1.999978
2.000001
2.000024
2.000045
2.000066
2.000084
2.000100
2.000114
2.000127
2.000137
2.000145
2.000150
2.000153
2.000155
2.000154
2.000151
2.000147
2.000140
2.000133
2.000124
2.000114
2.000103
2.000091
2.000079
2.000067
2.000054
2.000042
2.000029
2.000017
2.000006
1.999995
1.999985
1.999976
1.999968
1.999961
1.999954
1.999949
1.999945
1.999942
1.999940
1.999939
1.999940
1.999941
1.999942
1.999945
1.999948
1.999952
1.999957
1.999962
1.999967
1.999972
1.999978
1.999983
1.999989
1.999994
2.000000
2.000005
2.000010
2.000014
2.000018
2.000022
2.000025
2.000027
2.000029
2.000031
2.000032
2.000033
2.000033
2.000033
2.000032
2.000032
2.000030
2.000029
2.000027
2.000025
2.000022
2.000020
2.000017
2.000015
2.000012
2.000010
2.000007
2.000005
2.000002
2.000000
1.999998
1.999996
1.999994
1.999993
1.999992
1.999991
1.999990
1.999989
1.999989
1.999989
1.999989
1.999989
1.999989
1.999990
1.999990
1.999991
1.999992
1.999993
1.999994
1.999995
1.999996
1.999997
1.999998
1.999999
2.000000
2.000001
2.000002
2.000002
2.000003
2.000004
2.000004
2.000005
2.000005
2.000005
2.000006
2.000006
2.000006
2.000006
2.000006
2.000006
2.000005
2.000005
2.000005
2.000004
2.000004
2.000004
2.000003
2.000003
2.000002
2.000002
2.000001
2.000001
2.000001
2.000000
2.000000
2.000000
1.999999
1.999999
1.999999
1.999999
1.999998
1.999998
1.999998
1.999998
1.999998
1.999998
1.999998
1.999998
1.999999
1.999999
1.999999
1.999999
1.999999
1.999999
1.999999
1.999999
2.000000
2.000000
2.000000
2.000000
2.000000
2.000000
2.000000
2.000001
2.000001
2.000001
2.000001
2.000001
2.000001
2.000001
2.000001
2.000001
2.000001
2.000001
2.000001
2.000001
2.000001
2.000001
2.000001
2.000001
2.000000
2.000000
2.000000
2.000000
2.000000
2.000000
2.000000
2.000000
2.000000
2.000000
2.000000
2.000000
2.000000
2.000000
2.000000
2.000000
2.000000
2.000000
2.000000
2.000000
2.000000
2.000000
2.000000
2.000000
2.000000
2.000000
2.000000
2.000000
2.000000
2.000000
2.000000
2.000000
2.000000
2.000000
2.000000
2.000000
2.000000
2.000000
2.000000
2.000000
2.000000
2.000000
2.000000
2.000000
2.000000
2.000000
2.000000
2.000000
2.000000
2.000000
2.000000
2.000000
2.000000
2.000000
2.000000
2.000000
2.000000
2.000000
2.000000
2.000000
2.000000
2.000000
2.000000
2.000000
2.000000
2.000000
2.000000
2.000000
2.000000
2.000000
2.000000
2.000000
2.000000
2.000000
2.000000
2.000000
2.000000
2.000000
2.000000
2.000000
2.000000
2.000000
2.000000
2.000000
2.000000
2.000000
2.000000
2.000000
2.000000
2.000000
2.000000
2.000000
2.000000
2.000000
2.000000
2.000000
2.000000
2.000000
2.000000
2.000000
2.000000
2.000000
2.000000
2.000000
2.000000
2.000000
2.000000
2.000000
2.000000
2.000000
2.000000
2.000000
2.000000
2.000000
2.000000
2.000000
2.000000
2.000000
2.000000
2.000000
2.000000
2.000000
2.000000
2.000000
2.000000
2.000000
2.000000
2.000000
2.000000
2.000000
2.000000
2.000000
2.000000
2.000000
2.000000
2.000000
2.000000
2.000000
2.000000
2.000000
2.000000
2.000000
2.000000
2.000000
2.000000
2.000000
2.000000
2.000000
2.000000
2.000000
2.000000
2.000000
2.000000
2.000000
2.000000
2.000000
2.000000
2.000000
2.000000
2.000000
2.000000
2.000000
2.000000
2.000000
2.000000
2.000000
2.000000
2.000000
2.000000
2.000000
2.000000
2.000000
2.000000
2.000000
2.000000
2.000000
2.000000
2.000000
2.000000
2.000000
2.000000
2.000000
2.000000
2.000000
2.000000
2.000000
2.000000
2.000000
2.000000
2.000000
2.000000
2.000000
2.000000
2.000000
2.000000
2.000000
2.000000
2.000000
2.000000
2.000000
2.000000
2.000000
2.000000
2.000000
2.000000
2.000000
2.000000
2.000000
2.000000
2.000000
2.000000
2.000000
2.000000
2.000000
2.000000
2.000000
2.000000
2.000000
2.000000
2.000000
2.000000
2.000000
2.000000
2.000000
2.000000
2.000000
2.000000
2.000000
2.000000
2.000000
2.000000
2.000000
2.000000
2.000000
2.000000
2.000000
2.000000
2.000000
2.000000
2.000000
2.000000
2.000000
2.000000
2.000000
2.000000
2.000000
2.000000
2.000000
2.000000
2.000000
2.000000
2.000000
2.000000
2.000000
2.000000
2.000000
2.000000
2.000000
2.000000
2.000000
2.000000
2.000000
2.000000
2.000000
2.000000
2.000000
2.000000
2.000000
2.000000
2.000000
2.000000
2.000000
2.000000
2.000000
2.000000
2.000000
2.000000
2.000000
2.000000
2.000000
2.000000
2.000000
2.000000
2.000000
2.000000
2.000000
2.000000
2.000000
2.000000
2.000000
2.000000
2.000000
2.000000
2.000000
2.000000
2.000000
2.000000
2.000000
2.000000
2.000000
2.000000
2.000000
2.000000
2.000000
2.000000
2.000000
2.000000
2.000000
2.000000
2.000000
2.000000
2.000000
2.000000
2.000000
2.000000
2.000000
2.000000
2.000000
2.000000
2.000000
2.000000
2.000000
2.000000
2.000000
2.000000
2.000000
2.000000
2.000000
2.000000
2.000000
2.000000
2.000000
2.000000
2.000000
2.000000
2.000000
2.000000
2.000000
2.000000
2.000000
2.000000
2.000000
2.000000
2.000000
2.000000
2.000000
2.000000
2.000000
2.000000
2.000000
2.000000
2.000000
2.000000
2.000000
2.000000
2.000000
2.000000
2.000000
2.000000
2.000000
2.000000
2.000000
2.000000
2.000000
2.000000
2.000000
2.000000
2.000000
2.000000
2.000000
2.000000
2.000000
2.000000
2.000000
2.000000
2.000000
2.000000
2.000000
2.000000
2.000000
2.000000
2.000000
2.000000
2.000000
2.000000
2.000000
2.000000
2.000000
2.000000
2.000000
2.000000
2.000000
2.000000
2.000000
2.000000
2.000000
2.000000
2.000000
2.000000
2.000000
2.000000
2.000000
2.000000
2.000000
2.000000
2.000000
2.000000
2.000000
2.000000
2.000000
2.000000
2.000000
2.000000
2.000000
2.000000
2.000000
2.000000
2.000000
2.000000
2.000000
2.000000
2.000000
2.000000
2.000000
2.000000
2.000000
2.000000
2.000000
2.000000
2.000000
2.000000
2.000000
2.000000
2.000000
2.000000
2.000000
2.000000
