2.001425
2.000781
2.000412
2.000412
2.000781
2.001425
2.002294
2.003302
2.004405
2.005528
2.006634
2.007660
2.008582
2.009346
2.009940
2.010325
2.010501
2.010439
2.010152
2.009624
2.008876
2.007905
2.006742
2.005389
2.003886
2.002243
2.000504
1.998683
1.996826
1.994952
1.993105
1.991304
1.989592
1.987984
1.986522
1.985216
1.984100
1.983181
1.982488
1.982018
1.981793
1.981805
1.982067
1.982564
1.983302
1.984259
1.985433
1.986795
1.988339
1.990031
1.991858
1.993784
1.995792
1.997842
1.999918
2.001980
2.004008
2.005966
2.007835
2.009581
2.011189
2.012628
2.013890
2.014947
2.015796
2.016418
2.016815
2.016973
2.016902
2.016595
2.016068
2.015322
2.014376
2.013239
2.011936
2.010478
2.008895
2.007203
2.005434
2.003606
2.001751
1.999889
1.998052
1.996259
1.994540
1.992911
1.991400
1.990020
1.988794
1.987731
1.986851
1.986155
1.985657
1.985356
1.985260
1.985360
1.985659
1.986145
1.986813
1.987648
1.988641
1.989770
1.991025
1.992381
1.993823
1.995326
1.996874
1.998439
2.000004
2.001545
2.003044
2.004478
2.005832
2.007084
2.008223
2.009230
2.010099
2.010815
2.011375
2.011770
2.012000
2.012062
2.011960
2.011696
2.011279
2.010714
2.010016
2.009191
2.008258
2.007228
2.006120
2.004947
2.003730
2.002484
2.001228
1.999978
1.998754
1.997568
1.996440
1.995381
1.994406
1.993526
1.992752
1.992090
1.991551
1.991136
1.990851
1.990695
1.990669
1.990770
1.990996
1.991338
1.991792
1.992347
1.992996
1.993726
1.994526
1.995384
1.996288
1.997222
1.998175
1.999133
2.000082
2.001010
2.001905
2.002755
2.003549
2.004278
2.004933
2.005507
2.005994
2.006389
2.006689
2.006892
2.006997
2.007005
2.006919
2.006741
2.006477
2.006132
2.005713
2.005227
2.004684
2.004090
2.003457
2.002794
2.002110
2.001416
2.000721
2.000035
1.999368
1.998727
1.998122
1.997558
1.997044
1.996584
1.996184
1.995848
1.995578
1.995376
1.995244
1.995181
1.995185
1.995256
1.995391
1.995585
1.995835
1.996135
1.996481
1.996865
1.997282
1.997725
1.998187
1.998661
1.999141
1.999619
2.000090
2.000546
2.000983
2.001394
2.001775
2.002121
2.002429
2.002696
2.002918
2.003095
2.003225
2.003309
2.003345
2.003336
2.003282
2.003186
2.003050
2.002878
2.002673
2.002439
2.002180
2.001900
2.001604
2.001297
2.000983
2.000666
2.000352
2.000044
1.999746
1.999463
1.999197
1.998951
1.998729
1.998533
1.998364
1.998224
1.998114
1.998034
1.997984
1.997965
1.997974
1.998012
1.998076
1.998165
1.998277
1.998409
1.998558
1.998723
1.998900
1.999087
1.999280
1.999476
1.999673
1.999869
2.000059
2.000243
2.000417
2.000579
2.000728
2.000863
2.000981
2.001082
2.001165
2.001229
2.001275
2.001302
2.001311
2.001302
2.001276
2.001234
2.001177
2.001108
2.001026
2.000933
2.000832
2.000725
2.000611
2.000495
2.000377
2.000259
2.000142
2.000029
1.999920
1.999817
1.999721
1.999634
1.999556
1.999487
1.999428
1.999381
1.999344
1.999318
1.999303
1.999299
1.999305
1.999320
1.999345
1.999378
1.999418
1.999466
1.999518
1.999576
1.999637
1.999701
1.999767
1.999834
1.999900
1.999965
2.000028
2.000088
2.000145
2.000197
2.000245
2.000288
2.000324
2.000356
2.000381
2.000400
2.000413
2.000420
2.000421
2.000416
2.000406
2.000392
2.000372
2.000349
2.000322
2.000293
2.000261
2.000227
2.000191
2.000155
2.000119
2.000083
2.000047
2.000013
1.999980
1.999950
1.999922
1.999896
1.999873
1.999854
1.999837
1.999824
1.999814
1.999807
1.999803
1.999803
1.999805
1.999810
1.999818
1.999828
1.999840
1.999854
1.999869
1.999885
1.999902
1.999920
1.999939
1.999957
1.999975
1.999993
2.000010
2.000026
2.000041
2.000055
2.000067
2.000078
2.000088
2.000096
2.000102
2.000107
2.000109
2.000111
2.000111
2.000109
2.000106
2.000102
2.000096
2.000090
2.000083
2.000075
2.000067
2.000058
2.000049
2.000040
2.000031
2.000022
2.000013
2.000004
1.999996
1.999989
1.999982
1.999976
1.999971
1.999966
1.999962
1.999959
1.999957
1.999955
1.999955
1.999955
1.999955
1.999957
1.999959
1.999961
1.999964
1.999967
1.999971
1.999975
1.999979
1.999983
1.999987
1.999991
1.999995
1.999999
2.000003
2.000006
2.000010
2.000013
2.000015
2.000018
2.000019
2.000021
2.000022
2.000023
2.000024
2.000024
2.000024
2.000023
2.000023
2.000022
2.000020
2.000019
2.000018
2.000016
2.000014
2.000012
2.000010
2.000008
2.000006
2.000005
2.000003
2.000001
2.000000
1.999998
1.999997
1.999996
1.999994
1.999994
1.999993
1.999992
1.999992
1.999992
1.999991
1.999992
1.999992
1.999992
1.999992
1.999993
1.999993
1.999994
1.999995
1.999995
1.999996
1.999997
1.999998
1.999998
1.999999
2.000000
2.000001
2.000001
2.000002
2.000002
2.000003
2.000003
2.000004
2.000004
2.000004
2.000004
2.000004
2.000004
2.000004
2.000004
2.000004
2.000004
2.000004
2.000003
2.000003
2.000003
2.000002
2.000002
2.000002
2.000001
2.000001
2.000001
2.000000
2.000000
2.000000
2.000000
1.999999
1.999999
1.999999
1.999999
1.999999
1.999999
1.999999
1.999999
1.999999
1.999999
1.999999
1.999999
1.999999
1.999999
1.999999
1.999999
1.999999
1.999999
1.999999
2.000000
2.000000
2.000000
2.000000
2.000000
2.000000
2.000000
2.000000
2.000000
2.000000
2.000000
2.000001
2.000001
2.000001
2.000001
2.000001
2.000001
2.000001
2.000001
2.000001
2.000001
2.000000
2.000000
2.000000
2.000000
2.000000
2.000000
2.000000
2.000000
2.000000
2.000000
2.000000
2.000000
2.000000
2.000000
2.000000
2.000000
2.000000
2.000000
2.000000
2.000000
2.000000
2.000000
2.000000
2.000000
2.000000
2.000000
2.000000
2.000000
2.000000
2.000000
2.000000
2.000000
2.000000
2.000000
2.000000
2.000000
2.000000
2.000000
2.000000
2.000000
2.000000
2.000000
2.000000
2.000000
2.000000
2.000000
2.000000
2.000000
2.000000
2.000000
2.000000
2.000000
2.000000
2.000000
2.000000
2.000000
2.000000
2.000000
2.000000
2.000000
2.000000
2.000000
2.000000
2.000000
2.000000
2.000000
2.000000
2.000000
2.000000
2.000000
2.000000
2.000000
2.000000
2.000000
2.000000
2.000000
2.000000
2.000000
2.000000
2.000000
2.000000
2.000000
2.000000
2.000000
2.000000
2.000000
2.000000
2.000000
2.000000
2.000000
2.000000
2.000000
2.000000
2.000000
2.000000
2.000000
2.000000
2.000000
2.000000
2.000000
2.000000
2.000000
2.000000
2.000000
2.000000
2.000000
2.000000
2.000000
2.000000
2.000000
2.000000
2.000000
2.000000
2.000000
2.000000
2.000000
2.000000
2.000000
2.000000
2.000000
2.000000
2.000000
2.000000
2.000000
2.000000
2.000000
2.000000
2.000000
2.000000
2.000000
2.000000
2.000000
2.000000
2.000000
2.000000
2.000000
2.000000
2.000000
2.000000
2.000000
2.000000
2.000000
2.000000
2.000000
2.000000
2.000000
2.000000
2.000000
2.000000
2.000000
2.000000
2.000000
2.000000
2.000000
2.000000
2.000000
2.000000
2.000000
2.000000
2.000000
2.000000
2.000000
2.000000
2.000000
2.000000
2.000000
2.000000
2.000000
2.000000
2.000000
2.000000
2.000000
2.000000
2.000000
2.000000
2.000000
2.000000
2.000000
2.000000
2.000000
2.000000
2.000000
2.000000
2.000000
2.000000
2.000000
2.000000
2.000000
2.000000
2.000000
2.000000
2.000000
2.000000
2.000000
2.000000
2.000000
2.000000
2.000000
2.000000
2.000000
2.000000
2.000000
2.000000
2.000000
2.000000
2.000000
2.000000
2.000000
2.000000
2.000000
2.000000
2.000000
2.000000
2.000000
2.000000
2.000000
2.000000
2.000000
2.000000
2.000000
2.000000
2.000000
2.000000
2.000000
2.000000
2.000000
2.000000
2.000000
2.000000
2.000000
2.000000
2.000000
2.000000
2.000000
2.000000
2.000000
2.000000
2.000000
2.000000
2.000000
2.000000
2.000000
2.000000
2.000000
2.000000
2.000000
2.000000
2.000000
2.000000
2.000000
2.000000
2.000000
2.000000
2.000000
2.000000
2.000000
2.000000
2.000000
2.000000
2.000000
2.000000
2.000000
2.000000
2.000000
2.000000
2.000000
2.000000
2.000000
2.000000
2.000000
2.000000
2.000000
2.000000
2.000000
2.000000
2.000000
2.000000
2.000000
2.000000
2.000000
2.000000
2.000000
2.000000
2.000000
2.000000
2.000000
2.000000
2.000000
2.000000
2.000000
2.000000
2.000000
2.000000
2.000000
2.000000
2.000000
2.000000
2.000000
2.000000
2.000000
2.000000
2.000000
2.000000
2.000000
2.000000
2.000000
2.000000
2.000000
2.000000
2.000000
2.000000
2.000000
2.000000
2.000000
2.000000
2.000000
2.000000
2.000000
2.000000
2.000000
2.000000
2.000000
2.000000
2.000000
2.000000
2.000000
2.000000
2.000000
2.000000
2.000000
2.000000
2.000000
2.000000
2.000000
2.000000
2.000000
2.000000
2.000000
2.000000
2.000000
2.000000
2.000000
2.000000
2.000000
2.000000
2.000000
2.000000
2.000000
2.000000
2.000000
2.000000
2.000000
2.000000
2.000000
2.000000
2.000000
2.000000
2.000000
2.000000
2.000000
2.000000
2.000000
2.000000
2.000000
2.000000
2.000000
2.000000
2.000000
2.000000
2.000000
2.000000
2.000000
2.000000
2.000000
2.000000
2.000000
2.000000
2.000000
2.000000
2.000000
2.000000
2.000000
2.000000
2.000000
2.000000
2.000000
2.000000
2.000000
2.000000
2.000000
2.000000
2.000000
2.000000
2.000000
2.000000
2.000000
2.000000
2.000000
2.000000
2.000000
2.000000
2.000000
2.000000
2.000000
2.000000
2.000000
2.000000
2.000000
2.000000
2.000000
2.000000
2.000000
2.000000
2.000000
2.000000
2.000000
2.000000
2.000000
2.000000
2.000000
2.000000
2.000000
2.000000
2.000000
2.000000
2.000000
2.000000
2.000000
2.000000
2.000000
2.000000
2.000000
2.000000
2.000000
2.000000
2.000000
2.000000
2.000000
2.000000
2.000000
2.000000
2.000000
2.000000
2.000000
