2.001710
2.001038
2.000652
2.000652
2.001038
2.001710
2.002617
2.003666
2.004814
2.005976
2.007120
2.008173
2.009111
2.009877
2.010460
2.010813
2.010940
2.010808
2.010432
2.009791
2.008914
2.007791
2.006459
2.004919
2.003216
2.001359
1.999398
1.997346
1.995259
1.993151
1.991078
1.989056
1.987136
1.985335
1.983699
1.982239
1.980998
1.979979
1.979218
1.978711
1.978486
1.978531
1.978864
1.979466
1.980346
1.981476
1.982859
1.984460
1.986272
1.988255
1.990397
1.992654
1.995008
1.997413
1.999851
2.002272
2.004658
2.006961
2.009165
2.011226
2.013129
2.014836
2.016337
2.017600
2.018621
2.019376
2.019869
2.020080
2.020024
2.019690
2.019097
2.018243
2.017155
2.015838
2.014323
2.012622
2.010772
2.008788
2.006710
2.004556
2.002368
2.000165
1.997990
1.995858
1.993812
1.991867
1.990058
1.988399
1.986920
1.985630
1.984553
1.983692
1.983066
1.982669
1.982516
1.982595
1.982911
1.983447
1.984204
1.985158
1.986303
1.987612
1.989074
1.990658
1.992351
1.994118
1.995944
1.997793
1.999650
2.001480
2.003268
2.004981
2.006605
2.008111
2.009489
2.010713
2.011777
2.012662
2.013365
2.013872
2.014187
2.014302
2.014224
2.013952
2.013500
2.012868
2.012078
2.011133
2.010059
2.008864
2.007574
2.006201
2.004773
2.003303
2.001820
2.000336
1.998879
1.997462
1.996110
1.994833
1.993654
1.992582
1.991633
1.990815
1.990139
1.989608
1.989232
1.989006
1.988936
1.989015
1.989245
1.989612
1.990116
1.990741
1.991481
1.992319
1.993246
1.994243
1.995300
1.996396
1.997521
1.998653
1.999782
2.000888
2.001961
2.002982
2.003943
2.004829
2.005632
2.006340
2.006948
2.007448
2.007839
2.008113
2.008274
2.008318
2.008252
2.008075
2.007795
2.007416
2.006949
2.006398
2.005777
2.005092
2.004359
2.003584
2.002783
2.001964
2.001142
2.000326
1.999529
1.998758
1.998027
1.997342
1.996713
1.996146
1.995648
1.995223
1.994876
1.994607
1.994422
1.994317
1.994294
1.994350
1.994482
1.994686
1.994959
1.995292
1.995682
1.996119
1.996599
1.997111
1.997651
1.998206
1.998773
1.999339
1.999901
2.000447
2.000974
2.001472
2.001938
2.002363
2.002746
2.003081
2.003365
2.003596
2.003773
2.003893
2.003959
2.003970
2.003928
2.003834
2.003693
2.003507
2.003281
2.003018
2.002724
2.002403
2.002061
2.001703
2.001334
2.000961
2.000588
2.000219
1.999862
1.999518
1.999195
1.998893
1.998618
1.998372
1.998158
1.997976
1.997830
1.997719
1.997644
1.997604
1.997600
1.997629
1.997691
1.997782
1.997902
1.998047
1.998214
1.998401
1.998603
1.998819
1.999043
1.999274
1.999507
1.999739
1.999967
2.000188
2.000399
2.000598
2.000782
2.000950
2.001099
2.001228
2.001337
2.001424
2.001489
2.001532
2.001554
2.001554
2.001533
2.001493
2.001435
2.001361
2.001271
2.001168
2.001054
2.000931
2.000800
2.000664
2.000526
2.000386
2.000247
2.000111
1.999979
1.999854
1.999736
1.999627
1.999529
1.999441
1.999365
1.999302
1.999251
1.999213
1.999188
1.999176
1.999176
1.999188
1.999211
1.999244
1.999287
1.999338
1.999397
1.999462
1.999532
1.999606
1.999682
1.999760
1.999839
1.999916
1.999992
2.000065
2.000134
2.000199
2.000259
2.000313
2.000360
2.000401
2.000435
2.000462
2.000482
2.000494
2.000500
2.000498
2.000491
2.000477
2.000457
2.000433
2.000404
2.000371
2.000335
2.000296
2.000255
2.000213
2.000170
2.000127
2.000085
2.000043
2.000004
1.999966
1.999931
1.999899
1.999870
1.999844
1.999822
1.999804
1.999789
1.999779
1.999772
1.999769
1.999769
1.999773
1.999780
1.999790
1.999802
1.999817
1.999834
1.999852
1.999872
1.999892
1.999914
1.999935
1.999957
1.999978
1.999999
2.000018
2.000037
2.000054
2.000070
2.000084
2.000097
2.000107
2.000116
2.000123
2.000128
2.000131
2.000132
2.000131
2.000129
2.000125
2.000119
2.000113
2.000105
2.000097
2.000087
2.000077
2.000067
2.000056
2.000045
2.000034
2.000024
2.000013
2.000003
1.999994
1.999986
1.999978
1.999971
1.999965
1.999959
1.999955
1.999952
1.999949
1.999948
1.999947
1.999947
1.999948
1.999950
1.999952
1.999955
1.999959
1.999962
1.999967
1.999971
1.999976
1.999981
1.999986
1.999991
1.999995
2.000000
2.000004
2.000008
2.000012
2.000016
2.000019
2.000021
2.000024
2.000025
2.000027
2.000028
2.000028
2.000028
2.000028
2.000028
2.000027
2.000026
2.000024
2.000022
2.000021
2.000019
2.000016
2.000014
2.000012
2.000010
2.000008
2.000005
2.000003
2.000001
1.999999
1.999998
1.999996
1.999995
1.999993
1.999992
1.999992
1.999991
1.999990
1.999990
1.999990
1.999990
1.999990
1.999991
1.999991
1.999992
1.999992
1.999993
1.999994
1.999995
1.999996
1.999996
1.999997
1.999998
1.999999
2.000000
2.000001
2.000002
2.000002
2.000003
2.000003
2.000004
2.000004
2.000005
2.000005
2.000005
2.000005
2.000005
2.000005
2.000005
2.000005
2.000004
2.000004
2.000004
2.000004
2.000003
2.000003
2.000002
2.000002
2.000002
2.000001
2.000001
2.000001
2.000000
2.000000
2.000000
1.999999
1.999999
1.999999
1.999999
1.999999
1.999999
1.999999
1.999998
1.999998
1.999998
1.999999
1.999999
1.999999
1.999999
1.999999
1.999999
1.999999
1.999999
1.999999
1.999999
2.000000
2.000000
2.000000
2.000000
2.000000
2.000000
2.000000
2.000000
2.000001
2.000001
2.000001
2.000001
2.000001
2.000001
2.000001
2.000001
2.000001
2.000001
2.000001
2.000001
2.000001
2.000001
2.000001
2.000000
2.000000
2.000000
2.000000
2.000000
2.000000
2.000000
2.000000
2.000000
2.000000
2.000000
2.000000
2.000000
2.000000
2.000000
2.000000
2.000000
2.000000
2.000000
2.000000
2.000000
2.000000
2.000000
2.000000
2.000000
2.000000
2.000000
2.000000
2.000000
2.000000
2.000000
2.000000
2.000000
2.000000
2.000000
2.000000
2.000000
2.000000
2.000000
2.000000
2.000000
2.000000
2.000000
2.000000
2.000000
2.000000
2.000000
2.000000
2.000000
2.000000
2.000000
2.000000
2.000000
2.000000
2.000000
2.000000
2.000000
2.000000
2.000000
2.000000
2.000000
2.000000
2.000000
2.000000
2.000000
2.000000
2.000000
2.000000
2.000000
2.000000
2.000000
2.000000
2.000000
2.000000
2.000000
2.000000
2.000000
2.000000
2.000000
2.000000
2.000000
2.000000
2.000000
2.000000
2.000000
2.000000
2.000000
2.000000
2.000000
2.000000
2.000000
2.000000
2.000000
2.000000
2.000000
2.000000
2.000000
2.000000
2.000000
2.000000
2.000000
2.000000
2.000000
2.000000
2.000000
2.000000
2.000000
2.000000
2.000000
2.000000
2.000000
2.000000
2.000000
2.000000
2.000000
2.000000
2.000000
2.000000
2.000000
2.000000
2.000000
2.000000
2.000000
2.000000
2.000000
2.000000
2.000000
2.000000
2.000000
2.000000
2.000000
2.000000
2.000000
2.000000
2.000000
2.000000
2.000000
2.000000
2.000000
2.000000
2.000000
2.000000
2.000000
2.000000
2.000000
2.000000
2.000000
2.000000
2.000000
2.000000
2.000000
2.000000
2.000000
2.000000
2.000000
2.000000
2.000000
2.000000
2.000000
2.000000
2.000000
2.000000
2.000000
2.000000
2.000000
2.000000
2.000000
2.000000
2.000000
2.000000
2.000000
2.000000
2.000000
2.000000
2.000000
2.000000
2.000000
2.000000
2.000000
2.000000
2.000000
2.000000
2.000000
2.000000
2.000000
2.000000
2.000000
2.000000
2.000000
2.000000
2.000000
2.000000
2.000000
2.000000
2.000000
2.000000
2.000000
2.000000
2.000000
2.000000
2.000000
2.000000
2.000000
2.000000
2.000000
2.000000
2.000000
2.000000
2.000000
2.000000
2.000000
2.000000
2.000000
2.000000
2.000000
2.000000
2.000000
2.000000
2.000000
2.000000
2.000000
2.000000
2.000000
2.000000
2.000000
2.000000
2.000000
2.000000
2.000000
2.000000
2.000000
2.000000
2.000000
2.000000
2.000000
2.000000
2.000000
2.000000
2.000000
2.000000
2.000000
2.000000
2.000000
2.000000
2.000000
2.000000
2.000000
2.000000
2.000000
2.000000
2.000000
2.000000
2.000000
2.000000
2.000000
2.000000
2.000000
2.000000
2.000000
2.000000
2.000000
2.000000
2.000000
2.000000
2.000000
2.000000
2.000000
2.000000
2.000000
2.000000
2.000000
2.000000
2.000000
2.000000
2.000000
2.000000
2.000000
2.000000
2.000000
2.000000
2.000000
2.000000
2.000000
2.000000
2.000000
2.000000
2.000000
2.000000
2.000000
2.000000
2.000000
2.000000
2.000000
2.000000
2.000000
2.000000
2.000000
2.000000
2.000000
2.000000
2.000000
2.000000
2.000000
2.000000
2.000000
2.000000
2.000000
2.000000
2.000000
2.000000
2.000000
2.000000
2.000000
2.000000
2.000000
2.000000
2.000000
2.000000
2.000000
2.000000
2.000000
2.000000
2.000000
2.000000
2.000000
2.000000
2.000000
2.000000
2.000000
2.000000
2.000000
2.000000
2.000000
2.000000
2.000000
2.000000
2.000000
2.000000
2.000000
2.000000
2.000000
2.000000
2.000000
2.000000
2.000000
2.000000
2.000000
2.000000
2.000000
2.000000
2.000000
2.000000
2.000000
2.000000
2.000000
2.000000
2.000000
2.000000
2.000000
2.000000
2.000000
2.000000
2.000000
2.000000
2.000000
2.000000
2.000000
2.000000
2.000000
2.000000
2.000000
2.000000
2.000000
2.000000
2.000000
2.000000
2.000000
2.000000
2.000000
2.000000
2.000000
2.000000
2.000000
2.000000
2.000000
2.000000
2.000000
2.000000
2.000000
2.000000
2.000000
2.000000
2.000000
2.000000
2.000000
2.000000
2.000000
2.000000
2.000000
2.000000
2.000000
2.000000
2.000000
2.000000
2.000000
2.000000
2.000000
2.000000
2.000000
2.000000
2.000000
2.000000
2.000000
2.000000
2.000000
2.000000
2.000000
2.000000
2.000000
2.000000
2.000000
2.000000
2.000000
2.000000
2.000000
2.000000
2.000000
2.000000
2.000000
2.000000
2.000000
2.000000
2.000000
2.000000
2.000000
2.000000
2.000000
2.000000
2.000000
2.000000
