2.000498
2.000074
1.999838
1.999838
2.000074
2.000498
2.001057
2.001709
2.002409
2.003122
2.003811
2.004452
2.005016
2.005488
2.005847
2.006086
2.006195
2.006175
2.006021
2.005741
2.005338
2.004824
2.004206
2.003503
2.002722
2.001884
2.001000
2.000092
1.999171
1.998257
1.997361
1.996504
1.995692
1.994946
1.994270
1.993679
1.993178
1.992778
1.992478
1.992289
1.992205
1.992234
1.992368
1.992611
1.992952
1.993391
1.993915
1.994523
1.995200
1.995941
1.996729
1.997560
1.998415
1.999288
2.000162
2.001030
2.001873
2.002688
2.003455
2.004172
2.004822
2.005403
2.005902
2.006318
2.006639
2.006870
2.007000
2.007036
2.006971
2.006813
2.006560
2.006222
2.005799
2.005302
2.004735
2.004112
2.003435
2.002722
2.001976
2.001214
2.000441
1.999674
1.998917
1.998187
1.997487
1.996832
1.996226
1.995681
1.995199
1.994791
1.994456
1.994203
1.994030
1.993943
1.993936
1.994015
1.994171
1.994407
1.994713
1.995089
1.995525
1.996018
1.996555
1.997135
1.997744
1.998377
1.999020
1.999671
2.000314
2.000945
2.001553
2.002132
2.002671
2.003168
2.003611
2.004000
2.004326
2.004590
2.004785
2.004913
2.004969
2.004958
2.004877
2.004733
2.004524
2.004259
2.003938
2.003570
2.003159
2.002713
2.002236
2.001740
2.001226
2.000708
2.000188
1.999677
1.999178
1.998703
1.998252
1.997836
1.997456
1.997120
1.996829
1.996588
1.996398
1.996262
1.996178
1.996150
1.996174
1.996251
1.996376
1.996550
1.996767
1.997024
1.997315
1.997639
1.997987
1.998356
1.998739
1.999132
1.999528
1.999923
2.000309
2.000685
2.001041
2.001377
2.001685
2.001965
2.002210
2.002421
2.002593
2.002727
2.002819
2.002872
2.002883
2.002856
2.002790
2.002688
2.002551
2.002383
2.002186
2.001966
2.001723
2.001464
2.001190
2.000909
2.000622
2.000334
2.000049
1.999772
1.999505
1.999253
1.999017
1.998802
1.998608
1.998440
1.998298
1.998183
1.998097
1.998039
1.998010
1.998010
1.998036
1.998090
1.998168
1.998270
1.998393
1.998535
1.998693
1.998865
1.999047
1.999238
1.999434
1.999633
1.999830
2.000025
2.000214
2.000395
2.000565
2.000723
2.000867
2.000994
2.001104
2.001197
2.001269
2.001323
2.001357
2.001372
2.001367
2.001345
2.001304
2.001247
2.001175
2.001090
2.000992
2.000885
2.000768
2.000646
2.000518
2.000389
2.000258
2.000128
2.000001
1.999878
1.999762
1.999653
1.999552
1.999462
1.999382
1.999314
1.999257
1.999214
1.999182
1.999164
1.999157
1.999163
1.999180
1.999209
1.999247
1.999295
1.999351
1.999414
1.999483
1.999557
1.999635
1.999715
1.999797
1.999878
1.999958
2.000037
2.000112
2.000183
2.000249
2.000309
2.000363
2.000410
2.000450
2.000483
2.000507
2.000524
2.000534
2.000535
2.000530
2.000517
2.000498
2.000473
2.000443
2.000408
2.000368
2.000326
2.000280
2.000233
2.000185
2.000136
2.000087
2.000040
1.999993
1.999949
1.999908
1.999870
1.999835
1.999804
1.999777
1.999755
1.999737
1.999723
1.999714
1.999710
1.999710
1.999714
1.999722
1.999733
1.999748
1.999766
1.999787
1.999810
1.999834
1.999860
1.999887
1.999914
1.999942
1.999969
1.999996
2.000021
2.000045
2.000068
2.000089
2.000107
2.000124
2.000138
2.000150
2.000159
2.000166
2.000170
2.000171
2.000171
2.000168
2.000162
2.000155
2.000147
2.000136
2.000125
2.000112
2.000098
2.000084
2.000069
2.000054
2.000039
2.000024
2.000010
1.999996
1.999983
1.999971
1.999960
1.999951
1.999942
1.999935
1.999929
1.999924
1.999921
1.999919
1.999918
1.999919
1.999920
1.999923
1.999927
1.999932
1.999937
1.999943
1.999950
1.999957
1.999964
1.999972
1.999979
1.999987
1.999994
2.000001
2.000008
2.000014
2.000020
2.000026
2.000030
2.000034
2.000038
2.000041
2.000043
2.000044
2.000045
2.000045
2.000044
2.000043
2.000042
2.000040
2.000037
2.000034
2.000031
2.000028
2.000024
2.000020
2.000017
2.000013
2.000009
2.000005
2.000002
1.999999
1.999996
1.999993
1.999990
1.999988
1.999986
1.999984
1.999983
1.999982
1.999982
1.999981
1.999981
1.999981
1.999982
1.999983
1.999984
1.999985
1.999986
1.999988
1.999989
1.999991
1.999993
1.999994
1.999996
1.999998
1.999999
2.000001
2.000002
2.000004
2.000005
2.000006
2.000007
2.000008
2.000008
2.000009
2.000009
2.000010
2.000010
2.000010
2.000009
2.000009
2.000009
2.000008
2.000008
2.000007
2.000006
2.000006
2.000005
2.000004
2.000003
2.000003
2.000002
2.000001
2.000000
2.000000
1.999999
1.999999
1.999998
1.999998
1.999997
1.999997
1.999997
1.999997
1.999996
1.999996
1.999996
1.999997
1.999997
1.999997
1.999997
1.999997
1.999998
1.999998
1.999998
1.999998
1.999999
1.999999
1.999999
2.000000
2.000000
2.000000
2.000001
2.000001
2.000001
2.000001
2.000001
2.000001
2.000002
2.000002
2.000002
2.000002
2.000002
2.000002
2.000002
2.000002
2.000001
2.000001
2.000001
2.000001
2.000001
2.000001
2.000001
2.000001
2.000001
2.000000
2.000000
2.000000
2.000000
2.000000
2.000000
2.000000
2.000000
2.000000
2.000000
2.000000
1.999999
1.999999
1.999999
1.999999
1.999999
1.999999
2.000000
2.000000
2.000000
2.000000
2.000000
2.000000
2.000000
2.000000
2.000000
2.000000
2.000000
2.000000
2.000000
2.000000
2.000000
2.000000
2.000000
2.000000
2.000000
2.000000
2.000000
2.000000
2.000000
2.000000
2.000000
2.000000
2.000000
2.000000
2.000000
2.000000
2.000000
2.000000
2.000000
2.000000
2.000000
2.000000
2.000000
2.000000
2.000000
2.000000
2.000000
2.000000
2.000000
2.000000
2.000000
2.000000
2.000000
2.000000
2.000000
2.000000
2.000000
2.000000
2.000000
2.000000
2.000000
2.000000
2.000000
2.000000
2.000000
2.000000
2.000000
2.000000
2.000000
2.000000
2.000000
2.000000
2.000000
2.000000
2.000000
2.000000
2.000000
2.000000
2.000000
2.000000
2.000000
2.000000
2.000000
2.000000
2.000000
2.000000
2.000000
2.000000
2.000000
2.000000
2.000000
2.000000
2.000000
2.000000
2.000000
2.000000
2.000000
2.000000
2.000000
2.000000
2.000000
2.000000
2.000000
2.000000
2.000000
2.000000
2.000000
2.000000
2.000000
2.000000
2.000000
2.000000
2.000000
2.000000
2.000000
2.000000
2.000000
2.000000
2.000000
2.000000
2.000000
2.000000
2.000000
2.000000
2.000000
2.000000
2.000000
2.000000
2.000000
2.000000
2.000000
2.000000
2.000000
2.000000
2.000000
2.000000
2.000000
2.000000
2.000000
2.000000
2.000000
2.000000
2.000000
2.000000
2.000000
2.000000
2.000000
2.000000
2.000000
2.000000
2.000000
2.000000
2.000000
2.000000
2.000000
2.000000
2.000000
2.000000
2.000000
2.000000
2.000000
2.000000
2.000000
2.000000
2.000000
2.000000
2.000000
2.000000
2.000000
2.000000
2.000000
2.000000
2.000000
2.000000
2.000000
2.000000
2.000000
2.000000
2.000000
2.000000
2.000000
2.000000
2.000000
2.000000
2.000000
2.000000
2.000000
2.000000
2.000000
2.000000
2.000000
2.000000
2.000000
2.000000
2.000000
2.000000
2.000000
2.000000
2.000000
2.000000
2.000000
2.000000
2.000000
2.000000
2.000000
2.000000
2.000000
2.000000
2.000000
2.000000
2.000000
2.000000
2.000000
2.000000
2.000000
2.000000
2.000000
2.000000
2.000000
2.000000
2.000000
2.000000
2.000000
2.000000
2.000000
2.000000
2.000000
2.000000
2.000000
2.000000
2.000000
2.000000
2.000000
2.000000
2.000000
2.000000
2.000000
2.000000
2.000000
2.000000
2.000000
2.000000
2.000000
2.000000
2.000000
2.000000
2.000000
2.000000
2.000000
2.000000
2.000000
2.000000
2.000000
2.000000
2.000000
2.000000
2.000000
2.000000
2.000000
2.000000
2.000000
2.000000
2.000000
2.000000
2.000000
2.000000
2.000000
2.000000
2.000000
2.000000
2.000000
2.000000
2.000000
2.000000
2.000000
2.000000
2.000000
2.000000
2.000000
2.000000
2.000000
2.000000
2.000000
2.000000
2.000000
2.000000
2.000000
2.000000
2.000000
2.000000
2.000000
2.000000
2.000000
2.000000
2.000000
2.000000
2.000000
2.000000
2.000000
2.000000
2.000000
2.000000
2.000000
2.000000
2.000000
2.000000
2.000000
2.000000
2.000000
2.000000
2.000000
2.000000
2.000000
2.000000
2.000000
2.000000
2.000000
2.000000
2.000000
2.000000
2.000000
2.000000
2.000000
2.000000
2.000000
2.000000
2.000000
2.000000
2.000000
2.000000
2.000000
2.000000
2.000000
2.000000
2.000000
2.000000
2.000000
2.000000
2.000000
2.000000
2.000000
2.000000
2.000000
2.000000
2.000000
2.000000
2.000000
2.000000
2.000000
2.000000
2.000000
2.000000
2.000000
2.000000
2.000000
2.000000
2.000000
2.000000
2.000000
2.000000
2.000000
2.000000
2.000000
2.000000
2.000000
2.000000
2.000000
2.000000
2.000000
2.000000
2.000000
2.000000
2.000000
2.000000
2.000000
2.000000
2.000000
2.000000
2.000000
2.000000
2.000000
2.000000
2.000000
2.000000
2.000000
2.000000
2.000000
2.000000
2.000000
2.000000
2.000000
2.000000
2.000000
2.000000
2.000000
2.000000
2.000000
2.000000
2.000000
2.000000
2.000000
2.000000
2.000000
2.000000
2.000000
2.000000
2.000000
2.000000
2.000000
2.000000
2.000000
2.000000
2.000000
2.000000
2.000000
2.000000
2.000000
2.000000
2.000000
2.000000
2.000000
2.000000
2.000000
2.000000
2.000000
2.000000
2.000000
2.000000
2.000000
2.000000
2.000000
2.000000
2.000000
2.000000
2.000000
2.000000
2.000000
2.000000
2.000000
2.000000
2.000000
2.000000
2.000000
2.000000
2.000000
2.000000
2.000000
2.000000
2.000000
2.000000
2.000000
2.000000
2.000000
2.000000
2.000000
2.000000
2.000000
2.000000
2.000000
2.000000
2.000000
2.000000
2.000000
2.000000
2.000000
2.000000
2.000000
2.000000
2.000000
2.000000
2.000000
2.000000
2.000000
2.000000
2.000000
2.000000
2.000000
2.000000
2.000000
2.000000
2.000000
