2.001813
2.001136
2.000747
2.000747
2.001136
2.001813
2.002727
2.003782
2.004935
2.006100
2.007244
2.008293
2.009225
2.009978
2.010543
2.010873
2.010970
2.010801
2.010382
2.009693
2.008761
2.007577
2.006179
2.004568
2.002791
2.000856
1.998816
1.996684
1.994517
1.992330
1.990180
1.988085
1.986099
1.984235
1.982546
1.981040
1.979763
1.978718
1.977942
1.977432
1.977216
1.977282
1.977650
1.978298
1.979237
1.980439
1.981904
1.983597
1.985512
1.987606
1.989867
1.992247
1.994731
1.997267
1.999838
2.002392
2.004910
2.007340
2.009668
2.011844
2.013855
2.015660
2.017249
2.018588
2.019673
2.020477
2.021005
2.021238
2.021188
2.020845
2.020229
2.019337
2.018199
2.016816
2.015226
2.013436
2.011489
2.009399
2.007208
2.004935
2.002625
2.000297
1.997995
1.995739
1.993571
1.991507
1.989587
1.987822
1.986248
1.984870
1.983718
1.982792
1.982114
1.981679
1.981500
1.981566
1.981884
1.982435
1.983220
1.984214
1.985412
1.986784
1.988320
1.989986
1.991769
1.993632
1.995559
1.997513
1.999477
2.001415
2.003310
2.005127
2.006853
2.008456
2.009925
2.011232
2.012373
2.013323
2.014084
2.014637
2.014989
2.015128
2.015064
2.014794
2.014333
2.013682
2.012862
2.011878
2.010755
2.009502
2.008148
2.006704
2.005199
2.003649
2.002082
2.000512
1.998969
1.997465
1.996028
1.994669
1.993413
1.992266
1.991250
1.990369
1.989640
1.989062
1.988647
1.988390
1.988300
1.988366
1.988592
1.988964
1.989482
1.990128
1.990898
1.991773
1.992743
1.993789
1.994901
1.996055
1.997242
1.998438
1.999633
2.000805
2.001945
2.003031
2.004056
2.005001
2.005862
2.006622
2.007279
2.007821
2.008249
2.008554
2.008740
2.008802
2.008747
2.008574
2.008293
2.007905
2.007423
2.006852
2.006205
2.005490
2.004722
2.003908
2.003065
2.002201
2.001333
2.000468
1.999623
1.998804
1.998025
1.997294
1.996621
1.996011
1.995475
1.995013
1.994635
1.994339
1.994130
1.994007
1.993970
1.994016
1.994145
1.994349
1.994626
1.994969
1.995372
1.995827
1.996328
1.996864
1.997431
1.998015
1.998613
1.999211
1.999806
2.000386
2.000947
2.001478
2.001976
2.002432
2.002845
2.003206
2.003516
2.003769
2.003965
2.004102
2.004182
2.004202
2.004167
2.004077
2.003937
2.003748
2.003517
2.003245
2.002940
2.002605
2.002248
2.001872
2.001484
2.001090
2.000696
2.000305
1.999926
1.999560
1.999214
1.998891
1.998595
1.998329
1.998097
1.997898
1.997737
1.997613
1.997527
1.997477
1.997466
1.997490
1.997549
1.997639
1.997760
1.997908
1.998080
1.998273
1.998484
1.998709
1.998945
1.999187
1.999433
1.999678
1.999920
2.000155
2.000380
2.000593
2.000791
2.000971
2.001133
2.001274
2.001393
2.001490
2.001563
2.001614
2.001641
2.001646
2.001629
2.001591
2.001534
2.001458
2.001367
2.001261
2.001143
2.001015
2.000878
2.000736
2.000590
2.000442
2.000296
2.000151
2.000011
1.999877
1.999751
1.999634
1.999527
1.999432
1.999349
1.999279
1.999223
1.999179
1.999150
1.999134
1.999131
1.999140
1.999162
1.999195
1.999238
1.999290
1.999350
1.999417
1.999489
1.999566
1.999646
1.999728
1.999811
1.999893
1.999974
2.000051
2.000126
2.000195
2.000260
2.000318
2.000370
2.000415
2.000453
2.000483
2.000505
2.000520
2.000528
2.000528
2.000522
2.000509
2.000490
2.000465
2.000436
2.000402
2.000365
2.000324
2.000282
2.000237
2.000192
2.000147
2.000102
2.000058
2.000016
1.999976
1.999938
1.999903
1.999871
1.999843
1.999819
1.999799
1.999782
1.999770
1.999762
1.999757
1.999757
1.999760
1.999766
1.999776
1.999788
1.999803
1.999820
1.999839
1.999859
1.999881
1.999903
1.999926
1.999948
1.999971
1.999993
2.000014
2.000034
2.000053
2.000070
2.000085
2.000099
2.000111
2.000120
2.000128
2.000134
2.000137
2.000139
2.000139
2.000137
2.000133
2.000128
2.000122
2.000114
2.000105
2.000095
2.000085
2.000074
2.000063
2.000051
2.000040
2.000029
2.000018
2.000007
1.999997
1.999988
1.999979
1.999972
1.999965
1.999959
1.999954
1.999950
1.999947
1.999945
1.999944
1.999944
1.999945
1.999947
1.999949
1.999952
1.999955
1.999959
1.999964
1.999968
1.999973
1.999978
1.999983
1.999988
1.999994
1.999998
2.000003
2.000007
2.000012
2.000015
2.000019
2.000022
2.000024
2.000026
2.000028
2.000029
2.000030
2.000030
2.000030
2.000029
2.000029
2.000027
2.000026
2.000024
2.000023
2.000020
2.000018
2.000016
2.000014
2.000011
2.000009
2.000007
2.000004
2.000002
2.000000
1.999998
1.999997
1.999995
1.999994
1.999992
1.999992
1.999991
1.999990
1.999990
1.999990
1.999990
1.999990
1.999990
1.999990
1.999991
1.999992
1.999992
1.999993
1.999994
1.999995
1.999996
1.999997
1.999998
1.999999
2.000000
2.000001
2.000001
2.000002
2.000003
2.000003
2.000004
2.000004
2.000005
2.000005
2.000005
2.000005
2.000005
2.000005
2.000005
2.000005
2.000005
2.000005
2.000004
2.000004
2.000004
2.000003
2.000003
2.000002
2.000002
2.000002
2.000001
2.000001
2.000000
2.000000
2.000000
2.000000
1.999999
1.999999
1.999999
1.999999
1.999999
1.999999
1.999998
1.999998
1.999998
1.999998
1.999998
1.999999
1.999999
1.999999
1.999999
1.999999
1.999999
1.999999
1.999999
2.000000
2.000000
2.000000
2.000000
2.000000
2.000000
2.000000
2.000000
2.000001
2.000001
2.000001
2.000001
2.000001
2.000001
2.000001
2.000001
2.000001
2.000001
2.000001
2.000001
2.000001
2.000001
2.000001
2.000001
2.000000
2.000000
2.000000
2.000000
2.000000
2.000000
2.000000
2.000000
2.000000
2.000000
2.000000
2.000000
2.000000
2.000000
2.000000
2.000000
2.000000
2.000000
2.000000
2.000000
2.000000
2.000000
2.000000
2.000000
2.000000
2.000000
2.000000
2.000000
2.000000
2.000000
2.000000
2.000000
2.000000
2.000000
2.000000
2.000000
2.000000
2.000000
2.000000
2.000000
2.000000
2.000000
2.000000
2.000000
2.000000
2.000000
2.000000
2.000000
2.000000
2.000000
2.000000
2.000000
2.000000
2.000000
2.000000
2.000000
2.000000
2.000000
2.000000
2.000000
2.000000
2.000000
2.000000
2.000000
2.000000
2.000000
2.000000
2.000000
2.000000
2.000000
2.000000
2.000000
2.000000
2.000000
2.000000
2.000000
2.000000
2.000000
2.000000
2.000000
2.000000
2.000000
2.000000
2.000000
2.000000
2.000000
2.000000
2.000000
2.000000
2.000000
2.000000
2.000000
2.000000
2.000000
2.000000
2.000000
2.000000
2.000000
2.000000
2.000000
2.000000
2.000000
2.000000
2.000000
2.000000
2.000000
2.000000
2.000000
2.000000
2.000000
2.000000
2.000000
2.000000
2.000000
2.000000
2.000000
2.000000
2.000000
2.000000
2.000000
2.000000
2.000000
2.000000
2.000000
2.000000
2.000000
2.000000
2.000000
2.000000
2.000000
2.000000
2.000000
2.000000
2.000000
2.000000
2.000000
2.000000
2.000000
2.000000
2.000000
2.000000
2.000000
2.000000
2.000000
2.000000
2.000000
2.000000
2.000000
2.000000
2.000000
2.000000
2.000000
2.000000
2.000000
2.000000
2.000000
2.000000
2.000000
2.000000
2.000000
2.000000
2.000000
2.000000
2.000000
2.000000
2.000000
2.000000
2.000000
2.000000
2.000000
2.000000
2.000000
2.000000
2.000000
2.000000
2.000000
2.000000
2.000000
2.000000
2.000000
2.000000
2.000000
2.000000
2.000000
2.000000
2.000000
2.000000
2.000000
2.000000
2.000000
2.000000
2.000000
2.000000
2.000000
2.000000
2.000000
2.000000
2.000000
2.000000
2.000000
2.000000
2.000000
2.000000
2.000000
2.000000
2.000000
2.000000
2.000000
2.000000
2.000000
2.000000
2.000000
2.000000
2.000000
2.000000
2.000000
2.000000
2.000000
2.000000
2.000000
2.000000
2.000000
2.000000
2.000000
2.000000
2.000000
2.000000
2.000000
2.000000
2.000000
2.000000
2.000000
2.000000
2.000000
2.000000
2.000000
2.000000
2.000000
2.000000
2.000000
2.000000
2.000000
2.000000
2.000000
2.000000
2.000000
2.000000
2.000000
2.000000
2.000000
2.000000
2.000000
2.000000
2.000000
2.000000
2.000000
2.000000
2.000000
2.000000
2.000000
2.000000
2.000000
2.000000
2.000000
2.000000
2.000000
2.000000
2.000000
2.000000
2.000000
2.000000
2.000000
2.000000
2.000000
2.000000
2.000000
2.000000
2.000000
2.000000
2.000000
2.000000
2.000000
2.000000
2.000000
2.000000
2.000000
2.000000
2.000000
2.000000
2.000000
2.000000
2.000000
2.000000
2.000000
2.000000
2.000000
2.000000
2.000000
2.000000
2.000000
2.000000
2.000000
2.000000
2.000000
2.000000
2.000000
2.000000
2.000000
2.000000
2.000000
2.000000
2.000000
2.000000
2.000000
2.000000
2.000000
2.000000
2.000000
2.000000
2.000000
2.000000
2.000000
2.000000
2.000000
2.000000
2.000000
2.000000
2.000000
2.000000
2.000000
2.000000
2.000000
2.000000
2.000000
2.000000
2.000000
2.000000
2.000000
2.000000
2.000000
2.000000
2.000000
2.000000
2.000000
2.000000
2.000000
2.000000
2.000000
2.000000
2.000000
2.000000
2.000000
2.000000
2.000000
2.000000
2.000000
2.000000
2.000000
2.000000
2.000000
2.000000
2.000000
2.000000
2.000000
2.000000
2.000000
2.000000
2.000000
2.000000
2.000000
2.000000
2.000000
2.000000
2.000000
2.000000
2.000000
2.000000
2.000000
2.000000
2.000000
2.000000
2.000000
2.000000
2.000000
2.000000
2.000000
2.000000
2.000000
2.000000
2.000000
2.000000
2.000000
2.000000
2.000000
2.000000
2.000000
2.000000
2.000000
2.000000
2.000000
2.000000
2.000000
2.000000
2.000000
2.000000
2.000000
2.000000
2.000000
2.000000
2.000000
2.000000
2.000000
2.000000
2.000000
2.000000
2.000000
2.000000
2.000000
2.000000
2.000000
2.000000
2.000000
2.000000
2.000000
2.000000
2.000000
2.000000
2.000000
2.000000
2.000000
2.000000
2.000000
2.000000
2.000000
2.000000
2.000000
2.000000
2.000000
2.000000
