2.001049
2.000470
2.000141
2.000141
2.000470
2.001049
2.001828
2.002733
2.003721
2.004729
2.005721
2.006644
2.007474
2.008169
2.008714
2.009081
2.009264
2.009247
2.009034
2.008619
2.008016
2.007227
2.006275
2.005167
2.003933
2.002586
2.001159
1.999669
1.998151
1.996621
1.995116
1.993652
1.992261
1.990960
1.989777
1.988723
1.987824
1.987085
1.986526
1.986149
1.985965
1.985972
1.986174
1.986564
1.987141
1.987891
1.988807
1.989872
1.991075
1.992392
1.993811
1.995305
1.996858
1.998444
2.000044
2.001631
2.003188
2.004689
2.006116
2.007448
2.008668
2.009759
2.010707
2.011499
2.012128
2.012582
2.012860
2.012958
2.012877
2.012618
2.012189
2.011594
2.010848
2.009958
2.008941
2.007811
2.006587
2.005284
2.003924
2.002524
2.001105
1.999687
1.998289
1.996930
1.995629
1.994403
1.993267
1.992236
1.991323
1.990538
1.989892
1.989390
1.989039
1.988840
1.988794
1.988901
1.989156
1.989554
1.990089
1.990750
1.991527
1.992409
1.993381
1.994429
1.995538
1.996692
1.997875
1.999069
2.000259
2.001428
2.002561
2.003642
2.004657
2.005594
2.006440
2.007185
2.007821
2.008340
2.008737
2.009008
2.009152
2.009169
2.009060
2.008830
2.008483
2.008026
2.007468
2.006817
2.006085
2.005283
2.004423
2.003519
2.002583
2.001630
2.000673
1.999724
1.998797
1.997905
1.997058
1.996269
1.995545
1.994896
1.994330
1.993853
1.993468
1.993181
1.992992
1.992903
1.992912
1.993018
1.993216
1.993504
1.993873
1.994320
1.994833
1.995408
1.996032
1.996698
1.997394
1.998113
1.998841
1.999570
2.000289
2.000990
2.001661
2.002296
2.002886
2.003424
2.003903
2.004319
2.004666
2.004943
2.005146
2.005275
2.005329
2.005310
2.005219
2.005060
2.004836
2.004552
2.004213
2.003826
2.003396
2.002932
2.002439
2.001927
2.001402
2.000872
2.000344
1.999826
1.999323
1.998845
1.998395
1.997980
1.997603
1.997271
1.996984
1.996748
1.996562
1.996430
1.996350
1.996323
1.996347
1.996422
1.996543
1.996709
1.996916
1.997160
1.997436
1.997740
1.998066
1.998411
1.998768
1.999132
1.999498
1.999861
2.000215
2.000557
2.000882
2.001186
2.001465
2.001717
2.001937
2.002126
2.002280
2.002399
2.002482
2.002530
2.002541
2.002518
2.002462
2.002375
2.002258
2.002115
2.001947
2.001760
2.001554
2.001335
2.001104
2.000867
2.000626
2.000385
2.000147
1.999916
1.999694
1.999484
1.999289
1.999111
1.998951
1.998812
1.998694
1.998599
1.998526
1.998477
1.998451
1.998448
1.998466
1.998506
1.998565
1.998642
1.998735
1.998844
1.998964
1.999095
1.999234
1.999379
1.999528
1.999679
1.999828
1.999976
2.000118
2.000254
2.000382
2.000501
2.000609
2.000705
2.000787
2.000857
2.000912
2.000953
2.000980
2.000993
2.000992
2.000978
2.000951
2.000913
2.000863
2.000805
2.000737
2.000663
2.000583
2.000498
2.000410
2.000320
2.000230
2.000141
2.000053
1.999969
1.999888
1.999813
1.999744
1.999682
1.999626
1.999579
1.999539
1.999508
1.999485
1.999471
1.999464
1.999466
1.999475
1.999492
1.999514
1.999543
1.999578
1.999617
1.999659
1.999705
1.999753
1.999803
1.999854
1.999905
1.999954
2.000003
2.000050
2.000094
2.000135
2.000173
2.000207
2.000236
2.000262
2.000282
2.000298
2.000310
2.000317
2.000319
2.000317
2.000311
2.000301
2.000287
2.000270
2.000251
2.000229
2.000205
2.000179
2.000152
2.000125
2.000097
2.000070
2.000042
2.000016
1.999991
1.999967
1.999945
1.999925
1.999907
1.999892
1.999878
1.999868
1.999859
1.999853
1.999850
1.999849
1.999850
1.999854
1.999859
1.999866
1.999875
1.999885
1.999896
1.999909
1.999922
1.999935
1.999949
1.999963
1.999977
1.999991
2.000004
2.000016
2.000028
2.000039
2.000049
2.000057
2.000065
2.000071
2.000076
2.000080
2.000082
2.000084
2.000084
2.000083
2.000081
2.000078
2.000074
2.000069
2.000064
2.000058
2.000052
2.000045
2.000038
2.000031
2.000024
2.000017
2.000011
2.000004
1.999998
1.999992
1.999987
1.999982
1.999978
1.999974
1.999971
1.999969
1.999967
1.999966
1.999965
1.999965
1.999966
1.999967
1.999968
1.999970
1.999972
1.999974
1.999977
1.999980
1.999983
1.999986
1.999989
1.999993
1.999996
1.999999
2.000002
2.000004
2.000007
2.000009
2.000011
2.000013
2.000015
2.000016
2.000017
2.000017
2.000018
2.000018
2.000018
2.000018
2.000017
2.000016
2.000016
2.000014
2.000013
2.000012
2.000011
2.000009
2.000008
2.000006
2.000005
2.000004
2.000002
2.000001
2.000000
1.999998
1.999997
1.999997
1.999996
1.999995
1.999995
1.999994
1.999994
1.999994
1.999993
1.999993
1.999994
1.999994
1.999994
1.999994
1.999995
1.999995
1.999996
1.999996
1.999997
1.999998
1.999998
1.999999
1.999999
2.000000
2.000000
2.000001
2.000001
2.000002
2.000002
2.000002
2.000003
2.000003
2.000003
2.000003
2.000003
2.000003
2.000003
2.000003
2.000003
2.000003
2.000003
2.000002
2.000002
2.000002
2.000002
2.000002
2.000001
2.000001
2.000001
2.000001
2.000000
2.000000
2.000000
2.000000
2.000000
1.999999
1.999999
1.999999
1.999999
1.999999
1.999999
1.999999
1.999999
1.999999
1.999999
1.999999
1.999999
1.999999
1.999999
1.999999
1.999999
1.999999
2.000000
2.000000
2.000000
2.000000
2.000000
2.000000
2.000000
2.000000
2.000000
2.000000
2.000000
2.000000
2.000000
2.000000
2.000000
2.000000
2.000000
2.000000
2.000000
2.000000
2.000000
2.000000
2.000000
2.000000
2.000000
2.000000
2.000000
2.000000
2.000000
2.000000
2.000000
2.000000
2.000000
2.000000
2.000000
2.000000
2.000000
2.000000
2.000000
2.000000
2.000000
2.000000
2.000000
2.000000
2.000000
2.000000
2.000000
2.000000
2.000000
2.000000
2.000000
2.000000
2.000000
2.000000
2.000000
2.000000
2.000000
2.000000
2.000000
2.000000
2.000000
2.000000
2.000000
2.000000
2.000000
2.000000
2.000000
2.000000
2.000000
2.000000
2.000000
2.000000
2.000000
2.000000
2.000000
2.000000
2.000000
2.000000
2.000000
2.000000
2.000000
2.000000
2.000000
2.000000
2.000000
2.000000
2.000000
2.000000
2.000000
2.000000
2.000000
2.000000
2.000000
2.000000
2.000000
2.000000
2.000000
2.000000
2.000000
2.000000
2.000000
2.000000
2.000000
2.000000
2.000000
2.000000
2.000000
2.000000
2.000000
2.000000
2.000000
2.000000
2.000000
2.000000
2.000000
2.000000
2.000000
2.000000
2.000000
2.000000
2.000000
2.000000
2.000000
2.000000
2.000000
2.000000
2.000000
2.000000
2.000000
2.000000
2.000000
2.000000
2.000000
2.000000
2.000000
2.000000
2.000000
2.000000
2.000000
2.000000
2.000000
2.000000
2.000000
2.000000
2.000000
2.000000
2.000000
2.000000
2.000000
2.000000
2.000000
2.000000
2.000000
2.000000
2.000000
2.000000
2.000000
2.000000
2.000000
2.000000
2.000000
2.000000
2.000000
2.000000
2.000000
2.000000
2.000000
2.000000
2.000000
2.000000
2.000000
2.000000
2.000000
2.000000
2.000000
2.000000
2.000000
2.000000
2.000000
2.000000
2.000000
2.000000
2.000000
2.000000
2.000000
2.000000
2.000000
2.000000
2.000000
2.000000
2.000000
2.000000
2.000000
2.000000
2.000000
2.000000
2.000000
2.000000
2.000000
2.000000
2.000000
2.000000
2.000000
2.000000
2.000000
2.000000
2.000000
2.000000
2.000000
2.000000
2.000000
2.000000
2.000000
2.000000
2.000000
2.000000
2.000000
2.000000
2.000000
2.000000
2.000000
2.000000
2.000000
2.000000
2.000000
2.000000
2.000000
2.000000
2.000000
2.000000
2.000000
2.000000
2.000000
2.000000
2.000000
2.000000
2.000000
2.000000
2.000000
2.000000
2.000000
2.000000
2.000000
2.000000
2.000000
2.000000
2.000000
2.000000
2.000000
2.000000
2.000000
2.000000
2.000000
2.000000
2.000000
2.000000
2.000000
2.000000
2.000000
2.000000
2.000000
2.000000
2.000000
2.000000
2.000000
2.000000
2.000000
2.000000
2.000000
2.000000
2.000000
2.000000
2.000000
2.000000
2.000000
2.000000
2.000000
2.000000
2.000000
2.000000
2.000000
2.000000
2.000000
2.000000
2.000000
2.000000
2.000000
2.000000
2.000000
2.000000
2.000000
2.000000
2.000000
2.000000
2.000000
2.000000
2.000000
2.000000
2.000000
2.000000
2.000000
2.000000
2.000000
2.000000
2.000000
2.000000
2.000000
2.000000
2.000000
2.000000
2.000000
2.000000
2.000000
2.000000
2.000000
2.000000
2.000000
2.000000
2.000000
2.000000
2.000000
2.000000
2.000000
2.000000
2.000000
2.000000
2.000000
2.000000
2.000000
2.000000
2.000000
2.000000
2.000000
2.000000
2.000000
2.000000
2.000000
2.000000
2.000000
2.000000
2.000000
2.000000
2.000000
2.000000
2.000000
2.000000
2.000000
2.000000
2.000000
2.000000
2.000000
2.000000
2.000000
2.000000
2.000000
2.000000
2.000000
2.000000
2.000000
2.000000
2.000000
2.000000
2.000000
2.000000
2.000000
2.000000
2.000000
2.000000
2.000000
2.000000
2.000000
2.000000
2.000000
2.000000
2.000000
2.000000
2.000000
2.000000
2.000000
2.000000
2.000000
2.000000
2.000000
2.000000
2.000000
2.000000
2.000000
2.000000
2.000000
2.000000
2.000000
2.000000
2.000000
2.000000
2.000000
2.000000
2.000000
2.000000
2.000000
2.000000
2.000000
2.000000
2.000000
2.000000
2.000000
2.000000
2.000000
2.000000
2.000000
2.000000
2.000000
2.000000
2.000000
2.000000
2.000000
2.000000
2.000000
2.000000
2.000000
2.000000
2.000000
2.000000
2.000000
2.000000
2.000000
2.000000
2.000000
2.000000
2.000000
2.000000
2.000000
2.000000
2.000000
2.000000
2.000000
2.000000
2.000000
2.000000
2.000000
2.000000
2.000000
2.000000
2.000000
2.000000
2.000000
2.000000
2.000000
2.000000
2.000000
2.000000
2.000000
2.000000
2.000000
2.000000
2.000000
2.000000
2.000000
2.000000
2.000000
2.000000
2.000000
2.000000
2.000000
2.000000
2.000000
2.000000
2.000000
