2.001142
2.000544
2.000203
2.000203
2.000544
2.001142
2.001946
2.002882
2.003904
2.004946
2.005973
2.006928
2.007787
2.008506
2.009069
2.009446
2.009632
2.009608
2.009380
2.008940
2.008303
2.007470
2.006466
2.005297
2.003995
2.002573
2.001066
1.999491
1.997885
1.996266
1.994671
1.993119
1.991644
1.990263
1.989005
1.987885
1.986927
1.986140
1.985544
1.985140
1.984943
1.984948
1.985163
1.985578
1.986193
1.986992
1.987972
1.989110
1.990396
1.991806
1.993326
1.994927
1.996593
1.998294
2.000012
2.001717
2.003391
2.005005
2.006542
2.007975
2.009292
2.010468
2.011493
2.012350
2.013032
2.013527
2.013833
2.013944
2.013864
2.013592
2.013137
2.012504
2.011707
2.010755
2.009667
2.008455
2.007141
2.005742
2.004280
2.002774
2.001248
1.999721
1.998216
1.996750
1.995348
1.994023
1.992797
1.991681
1.990693
1.989842
1.989140
1.988592
1.988207
1.987985
1.987929
1.988036
1.988304
1.988726
1.989295
1.990001
1.990833
1.991776
1.992819
1.993944
1.995135
1.996376
1.997648
1.998933
2.000215
2.001475
2.002697
2.003864
2.004961
2.005973
2.006890
2.007698
2.008389
2.008954
2.009389
2.009689
2.009852
2.009877
2.009768
2.009527
2.009161
2.008676
2.008081
2.007386
2.006603
2.005744
2.004822
2.003851
2.002846
2.001821
2.000790
1.999768
1.998768
1.997805
1.996890
1.996035
1.995251
1.994547
1.993932
1.993411
1.992991
1.992674
1.992464
1.992360
1.992363
1.992470
1.992677
1.992980
1.993372
1.993846
1.994394
1.995008
1.995677
1.996391
1.997139
1.997911
1.998694
1.999480
2.000255
2.001011
2.001736
2.002423
2.003062
2.003645
2.004166
2.004620
2.005000
2.005304
2.005529
2.005674
2.005739
2.005724
2.005633
2.005467
2.005232
2.004931
2.004571
2.004159
2.003700
2.003203
2.002675
2.002125
2.001561
2.000990
2.000421
1.999862
1.999320
1.998802
1.998314
1.997864
1.997455
1.997092
1.996779
1.996520
1.996315
1.996167
1.996076
1.996042
1.996062
1.996138
1.996263
1.996438
1.996656
1.996915
1.997209
1.997534
1.997883
1.998253
1.998636
1.999027
1.999421
1.999812
2.000195
2.000565
2.000917
2.001247
2.001550
2.001824
2.002065
2.002272
2.002441
2.002574
2.002667
2.002722
2.002738
2.002718
2.002661
2.002570
2.002448
2.002297
2.002119
2.001919
2.001700
2.001465
2.001218
2.000964
2.000705
2.000445
2.000188
1.999939
1.999698
1.999471
1.999258
1.999065
1.998890
1.998738
1.998608
1.998503
1.998422
1.998366
1.998335
1.998329
1.998345
1.998386
1.998446
1.998527
1.998626
1.998741
1.998868
1.999008
1.999157
1.999313
1.999472
1.999635
1.999796
1.999955
2.000109
2.000257
2.000396
2.000525
2.000642
2.000747
2.000838
2.000915
2.000976
2.001023
2.001053
2.001069
2.001070
2.001057
2.001029
2.000990
2.000938
2.000876
2.000805
2.000726
2.000640
2.000550
2.000455
2.000359
2.000262
2.000165
2.000071
1.999979
1.999892
1.999811
1.999735
1.999667
1.999606
1.999554
1.999510
1.999475
1.999449
1.999432
1.999424
1.999425
1.999433
1.999450
1.999473
1.999504
1.999540
1.999581
1.999626
1.999675
1.999727
1.999780
1.999835
1.999889
1.999943
1.999996
2.000047
2.000095
2.000139
2.000181
2.000218
2.000250
2.000278
2.000302
2.000319
2.000333
2.000341
2.000344
2.000342
2.000336
2.000326
2.000312
2.000294
2.000274
2.000250
2.000225
2.000198
2.000169
2.000140
2.000110
2.000080
2.000051
2.000022
1.999995
1.999969
1.999945
1.999923
1.999903
1.999886
1.999871
1.999859
1.999850
1.999843
1.999839
1.999837
1.999839
1.999842
1.999847
1.999854
1.999864
1.999874
1.999886
1.999899
1.999913
1.999928
1.999943
1.999958
1.999973
1.999988
2.000002
2.000016
2.000028
2.000040
2.000051
2.000060
2.000069
2.000076
2.000081
2.000085
2.000088
2.000090
2.000090
2.000090
2.000088
2.000084
2.000081
2.000076
2.000070
2.000064
2.000057
2.000050
2.000043
2.000035
2.000028
2.000020
2.000013
2.000006
1.999999
1.999993
1.999987
1.999982
1.999977
1.999973
1.999970
1.999967
1.999965
1.999964
1.999963
1.999963
1.999963
1.999964
1.999965
1.999967
1.999969
1.999972
1.999975
1.999978
1.999981
1.999985
1.999988
1.999991
1.999995
1.999998
2.000001
2.000004
2.000007
2.000009
2.000012
2.000014
2.000015
2.000017
2.000018
2.000019
2.000019
2.000019
2.000019
2.000019
2.000019
2.000018
2.000017
2.000016
2.000015
2.000013
2.000012
2.000010
2.000009
2.000007
2.000006
2.000004
2.000003
2.000001
2.000000
1.999999
1.999998
1.999996
1.999996
1.999995
1.999994
1.999994
1.999993
1.999993
1.999993
1.999993
1.999993
1.999993
1.999994
1.999994
1.999994
1.999995
1.999995
1.999996
1.999997
1.999997
1.999998
1.999999
1.999999
2.000000
2.000000
2.000001
2.000001
2.000002
2.000002
2.000003
2.000003
2.000003
2.000003
2.000003
2.000003
2.000003
2.000003
2.000003
2.000003
2.000003
2.000003
2.000003
2.000003
2.000002
2.000002
2.000002
2.000001
2.000001
2.000001
2.000001
2.000000
2.000000
2.000000
2.000000
2.000000
1.999999
1.999999
1.999999
1.999999
1.999999
1.999999
1.999999
1.999999
1.999999
1.999999
1.999999
1.999999
1.999999
1.999999
1.999999
1.999999
1.999999
2.000000
2.000000
2.000000
2.000000
2.000000
2.000000
2.000000
2.000000
2.000000
2.000000
2.000000
2.000000
2.000000
2.000000
2.000000
2.000000
2.000000
2.000000
2.000000
2.000000
2.000000
2.000000
2.000000
2.000000
2.000000
2.000000
2.000000
2.000000
2.000000
2.000000
2.000000
2.000000
2.000000
2.000000
2.000000
2.000000
2.000000
2.000000
2.000000
2.000000
2.000000
2.000000
2.000000
2.000000
2.000000
2.000000
2.000000
2.000000
2.000000
2.000000
2.000000
2.000000
2.000000
2.000000
2.000000
2.000000
2.000000
2.000000
2.000000
2.000000
2.000000
2.000000
2.000000
2.000000
2.000000
2.000000
2.000000
2.000000
2.000000
2.000000
2.000000
2.000000
2.000000
2.000000
2.000000
2.000000
2.000000
2.000000
2.000000
2.000000
2.000000
2.000000
2.000000
2.000000
2.000000
2.000000
2.000000
2.000000
2.000000
2.000000
2.000000
2.000000
2.000000
2.000000
2.000000
2.000000
2.000000
2.000000
2.000000
2.000000
2.000000
2.000000
2.000000
2.000000
2.000000
2.000000
2.000000
2.000000
2.000000
2.000000
2.000000
2.000000
2.000000
2.000000
2.000000
2.000000
2.000000
2.000000
2.000000
2.000000
2.000000
2.000000
2.000000
2.000000
2.000000
2.000000
2.000000
2.000000
2.000000
2.000000
2.000000
2.000000
2.000000
2.000000
2.000000
2.000000
2.000000
2.000000
2.000000
2.000000
2.000000
2.000000
2.000000
2.000000
2.000000
2.000000
2.000000
2.000000
2.000000
2.000000
2.000000
2.000000
2.000000
2.000000
2.000000
2.000000
2.000000
2.000000
2.000000
2.000000
2.000000
2.000000
2.000000
2.000000
2.000000
2.000000
2.000000
2.000000
2.000000
2.000000
2.000000
2.000000
2.000000
2.000000
2.000000
2.000000
2.000000
2.000000
2.000000
2.000000
2.000000
2.000000
2.000000
2.000000
2.000000
2.000000
2.000000
2.000000
2.000000
2.000000
2.000000
2.000000
2.000000
2.000000
2.000000
2.000000
2.000000
2.000000
2.000000
2.000000
2.000000
2.000000
2.000000
2.000000
2.000000
2.000000
2.000000
2.000000
2.000000
2.000000
2.000000
2.000000
2.000000
2.000000
2.000000
2.000000
2.000000
2.000000
2.000000
2.000000
2.000000
2.000000
2.000000
2.000000
2.000000
2.000000
2.000000
2.000000
2.000000
2.000000
2.000000
2.000000
2.000000
2.000000
2.000000
2.000000
2.000000
2.000000
2.000000
2.000000
2.000000
2.000000
2.000000
2.000000
2.000000
2.000000
2.000000
2.000000
2.000000
2.000000
2.000000
2.000000
2.000000
2.000000
2.000000
2.000000
2.000000
2.000000
2.000000
2.000000
2.000000
2.000000
2.000000
2.000000
2.000000
2.000000
2.000000
2.000000
2.000000
2.000000
2.000000
2.000000
2.000000
2.000000
2.000000
2.000000
2.000000
2.000000
2.000000
2.000000
2.000000
2.000000
2.000000
2.000000
2.000000
2.000000
2.000000
2.000000
2.000000
2.000000
2.000000
2.000000
2.000000
2.000000
2.000000
2.000000
2.000000
2.000000
2.000000
2.000000
2.000000
2.000000
2.000000
2.000000
2.000000
2.000000
2.000000
2.000000
2.000000
2.000000
2.000000
2.000000
2.000000
2.000000
2.000000
2.000000
2.000000
2.000000
2.000000
2.000000
2.000000
2.000000
2.000000
2.000000
2.000000
2.000000
2.000000
2.000000
2.000000
2.000000
2.000000
2.000000
2.000000
2.000000
2.000000
2.000000
2.000000
2.000000
2.000000
2.000000
2.000000
2.000000
2.000000
2.000000
2.000000
2.000000
2.000000
2.000000
2.000000
2.000000
2.000000
2.000000
2.000000
2.000000
2.000000
2.000000
2.000000
2.000000
2.000000
2.000000
2.000000
2.000000
2.000000
2.000000
2.000000
2.000000
2.000000
2.000000
2.000000
2.000000
2.000000
2.000000
2.000000
2.000000
2.000000
2.000000
2.000000
2.000000
2.000000
2.000000
2.000000
2.000000
2.000000
2.000000
2.000000
2.000000
2.000000
2.000000
2.000000
2.000000
2.000000
2.000000
2.000000
2.000000
2.000000
2.000000
2.000000
2.000000
2.000000
2.000000
2.000000
2.000000
2.000000
2.000000
2.000000
2.000000
2.000000
2.000000
2.000000
2.000000
2.000000
2.000000
2.000000
2.000000
2.000000
2.000000
2.000000
2.000000
2.000000
2.000000
2.000000
2.000000
2.000000
2.000000
2.000000
2.000000
2.000000
2.000000
2.000000
2.000000
2.000000
2.000000
2.000000
2.000000
2.000000
2.000000
2.000000
2.000000
2.000000
2.000000
2.000000
2.000000
2.000000
2.000000
2.000000
2.000000
2.000000
2.000000
2.000000
2.000000
2.000000
2.000000
2.000000
2.000000
2.000000
2.000000
2.000000
2.000000
2.000000
2.000000
2.000000
2.000000
2.000000
2.000000
2.000000
2.000000
2.000000
