2.001311
2.000683
2.000325
2.000325
2.000683
2.001311
2.002157
2.003139
2.004214
2.005309
2.006388
2.007391
2.008292
2.009043
2.009629
2.010015
2.010199
2.010155
2.009895
2.009405
2.008704
2.007789
2.006690
2.005411
2.003988
2.002432
2.000785
1.999060
1.997302
1.995527
1.993778
1.992074
1.990453
1.988933
1.987549
1.986314
1.985259
1.984389
1.983732
1.983285
1.983069
1.983076
1.983317
1.983779
1.984466
1.985359
1.986453
1.987725
1.989165
1.990743
1.992446
1.994242
1.996112
1.998022
1.999955
2.001873
2.003759
2.005578
2.007314
2.008934
2.010425
2.011758
2.012924
2.013901
2.014682
2.015252
2.015611
2.015750
2.015674
2.015381
2.014882
2.014180
2.013293
2.012230
2.011012
2.009653
2.008178
2.006603
2.004957
2.003259
2.001536
1.999809
1.998107
1.996446
1.994855
1.993350
1.991954
1.990682
1.989554
1.988578
1.987770
1.987136
1.986685
1.986418
1.986339
1.986444
1.986732
1.987194
1.987824
1.988607
1.989536
1.990592
1.991762
1.993025
1.994367
1.995765
1.997201
1.998653
2.000104
2.001531
2.002918
2.004243
2.005492
2.006646
2.007694
2.008620
2.009416
2.010069
2.010577
2.010932
2.011133
2.011178
2.011072
2.010816
2.010417
2.009883
2.009225
2.008452
2.007578
2.006616
2.005582
2.004490
2.003358
2.002201
2.001036
1.999878
1.998745
1.997650
1.996608
1.995633
1.994736
1.993928
1.993220
1.992616
1.992127
1.991753
1.991500
1.991366
1.991354
1.991459
1.991678
1.992006
1.992437
1.992961
1.993570
1.994254
1.995002
1.995803
1.996644
1.997513
1.998398
1.999286
2.000165
2.001023
2.001849
2.002632
2.003363
2.004032
2.004632
2.005156
2.005599
2.005956
2.006224
2.006402
2.006489
2.006487
2.006397
2.006223
2.005969
2.005641
2.005244
2.004787
2.004277
2.003722
2.003130
2.002512
2.001876
2.001232
2.000588
1.999954
1.999337
1.998746
1.998189
1.997672
1.997201
1.996781
1.996418
1.996113
1.995871
1.995692
1.995577
1.995527
1.995540
1.995613
1.995746
1.995933
1.996171
1.996456
1.996781
1.997142
1.997532
1.997946
1.998376
1.998817
1.999263
1.999706
2.000141
2.000562
2.000964
2.001342
2.001691
2.002007
2.002288
2.002529
2.002730
2.002888
2.003002
2.003073
2.003100
2.003086
2.003029
2.002935
2.002804
2.002639
2.002445
2.002224
2.001980
2.001718
2.001442
2.001156
2.000863
2.000570
2.000279
1.999994
1.999720
1.999459
1.999215
1.998991
1.998789
1.998611
1.998458
1.998333
1.998235
1.998166
1.998124
1.998111
1.998124
1.998163
1.998227
1.998313
1.998420
1.998545
1.998687
1.998842
1.999008
1.999182
1.999362
1.999545
1.999727
1.999908
2.000084
2.000253
2.000412
2.000561
2.000697
2.000819
2.000926
2.001017
2.001090
2.001147
2.001186
2.001209
2.001214
2.001203
2.001176
2.001134
2.001079
2.001012
2.000934
2.000847
2.000752
2.000651
2.000545
2.000437
2.000327
2.000218
2.000110
2.000006
1.999906
1.999812
1.999724
1.999645
1.999573
1.999512
1.999459
1.999417
1.999385
1.999363
1.999351
1.999349
1.999356
1.999373
1.999397
1.999429
1.999468
1.999513
1.999563
1.999618
1.999675
1.999735
1.999796
1.999858
1.999919
1.999979
2.000037
2.000092
2.000144
2.000192
2.000235
2.000274
2.000307
2.000335
2.000357
2.000373
2.000384
2.000389
2.000389
2.000384
2.000374
2.000359
2.000340
2.000318
2.000293
2.000265
2.000234
2.000202
2.000169
2.000136
2.000102
2.000068
2.000036
2.000005
1.999975
1.999947
1.999921
1.999898
1.999878
1.999860
1.999845
1.999834
1.999825
1.999820
1.999817
1.999817
1.999820
1.999825
1.999833
1.999843
1.999854
1.999867
1.999881
1.999897
1.999913
1.999930
1.999947
1.999964
1.999981
1.999997
2.000013
2.000028
2.000041
2.000054
2.000065
2.000075
2.000083
2.000090
2.000095
2.000099
2.000102
2.000103
2.000102
2.000100
2.000097
2.000093
2.000088
2.000082
2.000075
2.000068
2.000060
2.000052
2.000043
2.000035
2.000026
2.000018
2.000010
2.000002
1.999995
1.999988
1.999982
1.999976
1.999971
1.999967
1.999964
1.999961
1.999959
1.999958
1.999958
1.999958
1.999959
1.999960
1.999962
1.999965
1.999967
1.999970
1.999974
1.999977
1.999981
1.999985
1.999989
1.999993
1.999996
2.000000
2.000003
2.000007
2.000010
2.000012
2.000015
2.000017
2.000018
2.000020
2.000021
2.000022
2.000022
2.000022
2.000022
2.000021
2.000021
2.000020
2.000019
2.000017
2.000016
2.000014
2.000012
2.000011
2.000009
2.000007
2.000005
2.000004
2.000002
2.000001
1.999999
1.999998
1.999997
1.999996
1.999995
1.999994
1.999993
1.999993
1.999992
1.999992
1.999992
1.999992
1.999992
1.999993
1.999993
1.999993
1.999994
1.999995
1.999995
1.999996
1.999997
1.999997
1.999998
1.999999
1.999999
2.000000
2.000001
2.000001
2.000002
2.000002
2.000003
2.000003
2.000003
2.000004
2.000004
2.000004
2.000004
2.000004
2.000004
2.000004
2.000004
2.000003
2.000003
2.000003
2.000003
2.000002
2.000002
2.000002
2.000002
2.000001
2.000001
2.000001
2.000000
2.000000
2.000000
2.000000
1.999999
1.999999
1.999999
1.999999
1.999999
1.999999
1.999999
1.999999
1.999999
1.999999
1.999999
1.999999
1.999999
1.999999
1.999999
1.999999
1.999999
1.999999
2.000000
2.000000
2.000000
2.000000
2.000000
2.000000
2.000000
2.000000
2.000000
2.000000
2.000000
2.000000
2.000000
2.000001
2.000001
2.000001
2.000001
2.000001
2.000001
2.000001
2.000001
2.000000
2.000000
2.000000
2.000000
2.000000
2.000000
2.000000
2.000000
2.000000
2.000000
2.000000
2.000000
2.000000
2.000000
2.000000
2.000000
2.000000
2.000000
2.000000
2.000000
2.000000
2.000000
2.000000
2.000000
2.000000
2.000000
2.000000
2.000000
2.000000
2.000000
2.000000
2.000000
2.000000
2.000000
2.000000
2.000000
2.000000
2.000000
2.000000
2.000000
2.000000
2.000000
2.000000
2.000000
2.000000
2.000000
2.000000
2.000000
2.000000
2.000000
2.000000
2.000000
2.000000
2.000000
2.000000
2.000000
2.000000
2.000000
2.000000
2.000000
2.000000
2.000000
2.000000
2.000000
2.000000
2.000000
2.000000
2.000000
2.000000
2.000000
2.000000
2.000000
2.000000
2.000000
2.000000
2.000000
2.000000
2.000000
2.000000
2.000000
2.000000
2.000000
2.000000
2.000000
2.000000
2.000000
2.000000
2.000000
2.000000
2.000000
2.000000
2.000000
2.000000
2.000000
2.000000
2.000000
2.000000
2.000000
2.000000
2.000000
2.000000
2.000000
2.000000
2.000000
2.000000
2.000000
2.000000
2.000000
2.000000
2.000000
2.000000
2.000000
2.000000
2.000000
2.000000
2.000000
2.000000
2.000000
2.000000
2.000000
2.000000
2.000000
2.000000
2.000000
2.000000
2.000000
2.000000
2.000000
2.000000
2.000000
2.000000
2.000000
2.000000
2.000000
2.000000
2.000000
2.000000
2.000000
2.000000
2.000000
2.000000
2.000000
2.000000
2.000000
2.000000
2.000000
2.000000
2.000000
2.000000
2.000000
2.000000
2.000000
2.000000
2.000000
2.000000
2.000000
2.000000
2.000000
2.000000
2.000000
2.000000
2.000000
2.000000
2.000000
2.000000
2.000000
2.000000
2.000000
2.000000
2.000000
2.000000
2.000000
2.000000
2.000000
2.000000
2.000000
2.000000
2.000000
2.000000
2.000000
2.000000
2.000000
2.000000
2.000000
2.000000
2.000000
2.000000
2.000000
2.000000
2.000000
2.000000
2.000000
2.000000
2.000000
2.000000
2.000000
2.000000
2.000000
2.000000
2.000000
2.000000
2.000000
2.000000
2.000000
2.000000
2.000000
2.000000
2.000000
2.000000
2.000000
2.000000
2.000000
2.000000
2.000000
2.000000
2.000000
2.000000
2.000000
2.000000
2.000000
2.000000
2.000000
2.000000
2.000000
2.000000
2.000000
2.000000
2.000000
2.000000
2.000000
2.000000
2.000000
2.000000
2.000000
2.000000
2.000000
2.000000
2.000000
2.000000
2.000000
2.000000
2.000000
2.000000
2.000000
2.000000
2.000000
2.000000
2.000000
2.000000
2.000000
2.000000
2.000000
2.000000
2.000000
2.000000
2.000000
2.000000
2.000000
2.000000
2.000000
2.000000
2.000000
2.000000
2.000000
2.000000
2.000000
2.000000
2.000000
2.000000
2.000000
2.000000
2.000000
2.000000
2.000000
2.000000
2.000000
2.000000
2.000000
2.000000
2.000000
2.000000
2.000000
2.000000
2.000000
2.000000
2.000000
2.000000
2.000000
2.000000
2.000000
2.000000
2.000000
2.000000
2.000000
2.000000
2.000000
2.000000
2.000000
2.000000
2.000000
2.000000
2.000000
2.000000
2.000000
2.000000
2.000000
2.000000
2.000000
2.000000
2.000000
2.000000
2.000000
2.000000
2.000000
2.000000
2.000000
2.000000
2.000000
2.000000
2.000000
2.000000
2.000000
2.000000
2.000000
2.000000
2.000000
2.000000
2.000000
2.000000
2.000000
2.000000
2.000000
2.000000
2.000000
2.000000
2.000000
2.000000
2.000000
2.000000
2.000000
2.000000
2.000000
2.000000
2.000000
2.000000
2.000000
2.000000
2.000000
2.000000
2.000000
2.000000
2.000000
2.000000
2.000000
2.000000
2.000000
2.000000
2.000000
2.000000
2.000000
2.000000
2.000000
2.000000
2.000000
2.000000
2.000000
2.000000
2.000000
2.000000
2.000000
2.000000
2.000000
2.000000
2.000000
2.000000
2.000000
2.000000
2.000000
2.000000
2.000000
2.000000
2.000000
2.000000
2.000000
2.000000
2.000000
2.000000
2.000000
2.000000
2.000000
2.000000
2.000000
2.000000
2.000000
2.000000
2.000000
2.000000
2.000000
2.000000
2.000000
2.000000
2.000000
2.000000
2.000000
2.000000
2.000000
2.000000
2.000000
2.000000
2.000000
2.000000
2.000000
2.000000
2.000000
2.000000
2.000000
2.000000
2.000000
2.000000
2.000000
2.000000
2.000000
2.000000
2.000000
2.000000
2.000000
2.000000
2.000000
2.000000
2.000000
2.000000
2.000000
2.000000
2.000000
2.000000
2.000000
2.000000
2.000000
2.000000
2.000000
2.000000
2.000000
2.000000
2.000000
2.000000
