2.001653
2.000985
2.000602
2.000602
2.000985
2.001653
2.002555
2.003599
2.004741
2.005899
2.007039
2.008091
2.009030
2.009800
2.010389
2.010752
2.010892
2.010777
2.010422
2.009806
2.008957
2.007866
2.006568
2.005066
2.003403
2.001589
1.999671
1.997664
1.995621
1.993558
1.991528
1.989547
1.987667
1.985901
1.984297
1.982865
1.981646
1.980644
1.979893
1.979391
1.979163
1.979198
1.979515
1.980093
1.980943
1.982037
1.983376
1.984928
1.986685
1.988609
1.990687
1.992877
1.995162
1.997496
1.999861
2.002209
2.004524
2.006758
2.008896
2.010893
2.012738
2.014391
2.015844
2.017066
2.018053
2.018780
2.019254
2.019454
2.019395
2.019066
2.018486
2.017653
2.016593
2.015311
2.013838
2.012185
2.010388
2.008462
2.006446
2.004357
2.002236
2.000101
1.997993
1.995930
1.993950
1.992068
1.990320
1.988717
1.987290
1.986046
1.985010
1.984183
1.983584
1.983208
1.983068
1.983152
1.983466
1.983993
1.984734
1.985665
1.986781
1.988054
1.989476
1.991015
1.992658
1.994373
1.996143
1.997935
1.999734
2.001506
2.003235
2.004892
2.006461
2.007915
2.009244
2.010424
2.011448
2.012297
2.012970
2.013453
2.013750
2.013852
2.013768
2.013496
2.013049
2.012430
2.011657
2.010735
2.009688
2.008525
2.007270
2.005937
2.004551
2.003126
2.001688
2.000251
1.998841
1.997470
1.996164
1.994931
1.993794
1.992761
1.991849
1.991063
1.990416
1.989910
1.989553
1.989343
1.989284
1.989368
1.989598
1.989962
1.990457
1.991069
1.991792
1.992609
1.993512
1.994482
1.995509
1.996573
1.997663
1.998761
1.999854
2.000924
2.001961
2.002947
2.003874
2.004727
2.005500
2.006180
2.006763
2.007241
2.007612
2.007871
2.008019
2.008055
2.007984
2.007805
2.007527
2.007154
2.006695
2.006156
2.005550
2.004883
2.004169
2.003416
2.002638
2.001844
2.001047
2.000257
1.999486
1.998742
1.998036
1.997376
1.996771
1.996226
1.995749
1.995342
1.995011
1.994757
1.994584
1.994488
1.994472
1.994531
1.994666
1.994868
1.995137
1.995465
1.995846
1.996274
1.996742
1.997241
1.997765
1.998305
1.998854
1.999403
1.999946
2.000475
2.000983
2.001463
2.001911
2.002321
2.002688
2.003008
2.003280
2.003499
2.003666
2.003778
2.003837
2.003843
2.003798
2.003703
2.003562
2.003378
2.003156
2.002898
2.002610
2.002297
2.001964
2.001615
2.001258
2.000895
2.000534
2.000178
1.999832
1.999501
1.999189
1.998899
1.998635
1.998400
1.998195
1.998022
1.997884
1.997779
1.997710
1.997675
1.997674
1.997706
1.997768
1.997860
1.997978
1.998121
1.998285
1.998468
1.998666
1.998876
1.999094
1.999318
1.999544
1.999769
1.999989
2.000202
2.000406
2.000598
2.000775
2.000935
2.001078
2.001201
2.001304
2.001387
2.001447
2.001487
2.001505
2.001503
2.001481
2.001441
2.001383
2.001309
2.001220
2.001119
2.001007
2.000887
2.000760
2.000628
2.000493
2.000357
2.000223
2.000091
1.999964
1.999844
1.999730
1.999626
1.999532
1.999448
1.999376
1.999316
1.999268
1.999233
1.999210
1.999200
1.999201
1.999214
1.999238
1.999271
1.999314
1.999365
1.999422
1.999486
1.999554
1.999626
1.999701
1.999776
1.999852
1.999927
2.000001
2.000071
2.000138
2.000200
2.000257
2.000309
2.000354
2.000393
2.000425
2.000450
2.000468
2.000480
2.000484
2.000482
2.000474
2.000460
2.000440
2.000416
2.000387
2.000355
2.000319
2.000281
2.000241
2.000200
2.000158
2.000117
2.000076
2.000036
1.999998
1.999962
1.999928
1.999897
1.999869
1.999845
1.999824
1.999807
1.999794
1.999784
1.999778
1.999775
1.999776
1.999780
1.999787
1.999797
1.999810
1.999824
1.999841
1.999859
1.999878
1.999898
1.999919
1.999940
1.999961
1.999982
2.000001
2.000021
2.000038
2.000055
2.000070
2.000084
2.000095
2.000105
2.000114
2.000120
2.000124
2.000127
2.000128
2.000127
2.000124
2.000120
2.000115
2.000108
2.000101
2.000092
2.000083
2.000073
2.000063
2.000052
2.000042
2.000031
2.000021
2.000011
2.000002
1.999993
1.999985
1.999977
1.999970
1.999965
1.999960
1.999956
1.999952
1.999950
1.999949
1.999948
1.999949
1.999950
1.999951
1.999954
1.999957
1.999960
1.999964
1.999968
1.999973
1.999977
1.999982
1.999987
1.999992
1.999996
2.000001
2.000005
2.000009
2.000012
2.000016
2.000019
2.000021
2.000023
2.000025
2.000026
2.000027
2.000027
2.000027
2.000027
2.000027
2.000026
2.000024
2.000023
2.000021
2.000020
2.000018
2.000016
2.000013
2.000011
2.000009
2.000007
2.000005
2.000003
2.000001
1.999999
1.999997
1.999996
1.999995
1.999993
1.999992
1.999992
1.999991
1.999991
1.999990
1.999990
1.999990
1.999991
1.999991
1.999991
1.999992
1.999993
1.999993
1.999994
1.999995
1.999996
1.999997
1.999998
1.999998
1.999999
2.000000
2.000001
2.000002
2.000002
2.000003
2.000003
2.000004
2.000004
2.000004
2.000005
2.000005
2.000005
2.000005
2.000005
2.000005
2.000005
2.000004
2.000004
2.000004
2.000003
2.000003
2.000003
2.000002
2.000002
2.000002
2.000001
2.000001
2.000001
2.000000
2.000000
2.000000
1.999999
1.999999
1.999999
1.999999
1.999999
1.999999
1.999999
1.999999
1.999999
1.999999
1.999999
1.999999
1.999999
1.999999
1.999999
1.999999
1.999999
1.999999
1.999999
2.000000
2.000000
2.000000
2.000000
2.000000
2.000000
2.000000
2.000000
2.000000
2.000001
2.000001
2.000001
2.000001
2.000001
2.000001
2.000001
2.000001
2.000001
2.000001
2.000001
2.000001
2.000001
2.000001
2.000000
2.000000
2.000000
2.000000
2.000000
2.000000
2.000000
2.000000
2.000000
2.000000
2.000000
2.000000
2.000000
2.000000
2.000000
2.000000
2.000000
2.000000
2.000000
2.000000
2.000000
2.000000
2.000000
2.000000
2.000000
2.000000
2.000000
2.000000
2.000000
2.000000
2.000000
2.000000
2.000000
2.000000
2.000000
2.000000
2.000000
2.000000
2.000000
2.000000
2.000000
2.000000
2.000000
2.000000
2.000000
2.000000
2.000000
2.000000
2.000000
2.000000
2.000000
2.000000
2.000000
2.000000
2.000000
2.000000
2.000000
2.000000
2.000000
2.000000
2.000000
2.000000
2.000000
2.000000
2.000000
2.000000
2.000000
2.000000
2.000000
2.000000
2.000000
2.000000
2.000000
2.000000
2.000000
2.000000
2.000000
2.000000
2.000000
2.000000
2.000000
2.000000
2.000000
2.000000
2.000000
2.000000
2.000000
2.000000
2.000000
2.000000
2.000000
2.000000
2.000000
2.000000
2.000000
2.000000
2.000000
2.000000
2.000000
2.000000
2.000000
2.000000
2.000000
2.000000
2.000000
2.000000
2.000000
2.000000
2.000000
2.000000
2.000000
2.000000
2.000000
2.000000
2.000000
2.000000
2.000000
2.000000
2.000000
2.000000
2.000000
2.000000
2.000000
2.000000
2.000000
2.000000
2.000000
2.000000
2.000000
2.000000
2.000000
2.000000
2.000000
2.000000
2.000000
2.000000
2.000000
2.000000
2.000000
2.000000
2.000000
2.000000
2.000000
2.000000
2.000000
2.000000
2.000000
2.000000
2.000000
2.000000
2.000000
2.000000
2.000000
2.000000
2.000000
2.000000
2.000000
2.000000
2.000000
2.000000
2.000000
2.000000
2.000000
2.000000
2.000000
2.000000
2.000000
2.000000
2.000000
2.000000
2.000000
2.000000
2.000000
2.000000
2.000000
2.000000
2.000000
2.000000
2.000000
2.000000
2.000000
2.000000
2.000000
2.000000
2.000000
2.000000
2.000000
2.000000
2.000000
2.000000
2.000000
2.000000
2.000000
2.000000
2.000000
2.000000
2.000000
2.000000
2.000000
2.000000
2.000000
2.000000
2.000000
2.000000
2.000000
2.000000
2.000000
2.000000
2.000000
2.000000
2.000000
2.000000
2.000000
2.000000
2.000000
2.000000
2.000000
2.000000
2.000000
2.000000
2.000000
2.000000
2.000000
2.000000
2.000000
2.000000
2.000000
2.000000
2.000000
2.000000
2.000000
2.000000
2.000000
2.000000
2.000000
2.000000
2.000000
2.000000
2.000000
2.000000
2.000000
2.000000
2.000000
2.000000
2.000000
2.000000
2.000000
2.000000
2.000000
2.000000
2.000000
2.000000
2.000000
2.000000
2.000000
2.000000
2.000000
2.000000
2.000000
2.000000
2.000000
2.000000
2.000000
2.000000
2.000000
2.000000
2.000000
2.000000
2.000000
2.000000
2.000000
2.000000
2.000000
2.000000
2.000000
2.000000
2.000000
2.000000
2.000000
2.000000
2.000000
2.000000
2.000000
2.000000
2.000000
2.000000
2.000000
2.000000
2.000000
2.000000
2.000000
2.000000
2.000000
2.000000
2.000000
2.000000
2.000000
2.000000
2.000000
2.000000
2.000000
2.000000
2.000000
2.000000
2.000000
2.000000
2.000000
2.000000
2.000000
2.000000
2.000000
2.000000
2.000000
2.000000
2.000000
2.000000
2.000000
2.000000
2.000000
2.000000
2.000000
2.000000
2.000000
2.000000
2.000000
2.000000
2.000000
2.000000
2.000000
2.000000
2.000000
2.000000
2.000000
2.000000
2.000000
2.000000
2.000000
2.000000
2.000000
2.000000
2.000000
2.000000
2.000000
2.000000
2.000000
2.000000
2.000000
2.000000
2.000000
2.000000
2.000000
2.000000
2.000000
2.000000
2.000000
2.000000
2.000000
2.000000
2.000000
2.000000
2.000000
2.000000
2.000000
2.000000
2.000000
2.000000
2.000000
2.000000
2.000000
2.000000
2.000000
2.000000
2.000000
2.000000
2.000000
2.000000
2.000000
2.000000
2.000000
2.000000
2.000000
2.000000
2.000000
2.000000
2.000000
2.000000
2.000000
2.000000
2.000000
2.000000
2.000000
2.000000
2.000000
2.000000
2.000000
2.000000
2.000000
2.000000
2.000000
2.000000
2.000000
2.000000
2.000000
2.000000
2.000000
2.000000
2.000000
2.000000
2.000000
2.000000
2.000000
2.000000
2.000000
2.000000
2.000000
2.000000
2.000000
2.000000
2.000000
2.000000
2.000000
2.000000
2.000000
2.000000
2.000000
2.000000
2.000000
2.000000
2.000000
2.000000
2.000000
2.000000
2.000000
2.000000
2.000000
2.000000
2.000000
2.000000
2.000000
2.000000
2.000000
