2.000680
2.000195
1.999923
1.999923
2.000195
2.000680
2.001324
2.002075
2.002887
2.003716
2.004525
2.005278
2.005948
2.006509
2.006945
2.007239
2.007383
2.007370
2.007201
2.006877
2.006406
2.005796
2.005061
2.004213
2.003271
2.002251
2.001173
2.000056
1.998921
1.997787
1.996673
1.995599
1.994582
1.993638
1.992782
1.992028
1.991386
1.990867
1.990476
1.990221
1.990103
1.990125
1.990283
1.990577
1.990999
1.991545
1.992205
1.992969
1.993826
1.994763
1.995766
1.996821
1.997912
1.999026
2.000144
2.001252
2.002334
2.003377
2.004364
2.005284
2.006122
2.006870
2.007515
2.008053
2.008473
2.008774
2.008949
2.009001
2.008926
2.008731
2.008415
2.007988
2.007453
2.006823
2.006104
2.005310
2.004450
2.003539
2.002588
2.001614
2.000627
1.999644
1.998676
1.997739
1.996841
1.996000
1.995220
1.994518
1.993896
1.993367
1.992933
1.992602
1.992374
1.992253
1.992238
1.992330
1.992523
1.992816
1.993201
1.993676
1.994227
1.994852
1.995536
1.996273
1.997048
1.997855
1.998677
1.999508
2.000332
2.001141
2.001920
2.002664
2.003359
2.003999
2.004572
2.005076
2.005501
2.005846
2.006103
2.006274
2.006355
2.006349
2.006255
2.006078
2.005819
2.005486
2.005083
2.004619
2.004098
2.003532
2.002926
2.002293
2.001639
2.000976
2.000311
1.999656
1.999016
1.998404
1.997824
1.997287
1.996796
1.996360
1.995981
1.995666
1.995415
1.995233
1.995118
1.995075
1.995097
1.995188
1.995342
1.995557
1.995827
1.996150
1.996518
1.996927
1.997368
1.997838
1.998326
1.998828
1.999333
1.999839
2.000335
2.000817
2.001276
2.001709
2.002108
2.002471
2.002791
2.003066
2.003293
2.003471
2.003596
2.003671
2.003692
2.003664
2.003586
2.003462
2.003292
2.003084
2.002837
2.002559
2.002252
2.001923
2.001576
2.001217
2.000851
2.000483
2.000118
1.999761
1.999417
1.999092
1.998786
1.998507
1.998255
1.998035
1.997848
1.997696
1.997579
1.997500
1.997457
1.997451
1.997480
1.997544
1.997639
1.997764
1.997917
1.998095
1.998293
1.998511
1.998742
1.998985
1.999235
1.999489
1.999742
1.999992
2.000235
2.000469
2.000689
2.000894
2.001080
2.001248
2.001392
2.001514
2.001612
2.001685
2.001733
2.001756
2.001754
2.001729
2.001681
2.001613
2.001524
2.001418
2.001295
2.001160
2.001013
2.000858
2.000695
2.000530
2.000362
2.000196
2.000032
1.999874
1.999723
1.999582
1.999451
1.999333
1.999228
1.999138
1.999063
1.999004
1.998960
1.998933
1.998922
1.998927
1.998946
1.998980
1.999026
1.999085
1.999154
1.999233
1.999320
1.999414
1.999513
1.999615
1.999719
1.999823
1.999926
2.000027
2.000124
2.000216
2.000302
2.000381
2.000452
2.000514
2.000567
2.000611
2.000645
2.000669
2.000682
2.000687
2.000681
2.000667
2.000645
2.000614
2.000577
2.000533
2.000484
2.000430
2.000373
2.000313
2.000251
2.000189
2.000126
2.000065
2.000005
1.999948
1.999894
1.999844
1.999799
1.999758
1.999722
1.999692
1.999668
1.999649
1.999636
1.999630
1.999628
1.999632
1.999641
1.999655
1.999673
1.999695
1.999721
1.999749
1.999780
1.999813
1.999847
1.999882
1.999917
1.999952
1.999986
2.000019
2.000051
2.000080
2.000108
2.000132
2.000154
2.000173
2.000189
2.000201
2.000211
2.000217
2.000220
2.000219
2.000216
2.000211
2.000202
2.000191
2.000179
2.000164
2.000148
2.000131
2.000112
2.000094
2.000074
2.000055
2.000036
2.000018
2.000000
1.999983
1.999967
1.999953
1.999940
1.999929
1.999919
1.999911
1.999904
1.999900
1.999897
1.999895
1.999895
1.999897
1.999900
1.999905
1.999911
1.999917
1.999925
1.999933
1.999942
1.999952
1.999961
1.999971
1.999981
1.999990
1.999999
2.000008
2.000016
2.000024
2.000031
2.000037
2.000043
2.000047
2.000051
2.000054
2.000056
2.000057
2.000058
2.000057
2.000056
2.000054
2.000052
2.000049
2.000045
2.000041
2.000037
2.000032
2.000028
2.000023
2.000018
2.000013
2.000009
2.000004
2.000000
1.999996
1.999992
1.999989
1.999985
1.999983
1.999981
1.999979
1.999978
1.999977
1.999976
1.999976
1.999976
1.999977
1.999978
1.999979
1.999980
1.999982
1.999984
1.999986
1.999988
1.999990
1.999992
1.999994
1.999996
1.999998
2.000001
2.000002
2.000004
2.000006
2.000007
2.000009
2.000010
2.000011
2.000011
2.000012
2.000012
2.000012
2.000012
2.000012
2.000012
2.000011
2.000011
2.000010
2.000009
2.000008
2.000008
2.000007
2.000006
2.000005
2.000004
2.000003
2.000002
2.000001
2.000000
1.999999
1.999998
1.999998
1.999997
1.999997
1.999996
1.999996
1.999996
1.999996
1.999995
1.999995
1.999996
1.999996
1.999996
1.999996
1.999996
1.999997
1.999997
1.999997
1.999998
1.999998
1.999999
1.999999
1.999999
2.000000
2.000000
2.000001
2.000001
2.000001
2.000001
2.000002
2.000002
2.000002
2.000002
2.000002
2.000002
2.000002
2.000002
2.000002
2.000002
2.000002
2.000002
2.000002
2.000002
2.000001
2.000001
2.000001
2.000001
2.000001
2.000001
2.000000
2.000000
2.000000
2.000000
2.000000
2.000000
2.000000
2.000000
1.999999
1.999999
1.999999
1.999999
1.999999
1.999999
1.999999
1.999999
1.999999
1.999999
1.999999
1.999999
2.000000
2.000000
2.000000
2.000000
2.000000
2.000000
2.000000
2.000000
2.000000
2.000000
2.000000
2.000000
2.000000
2.000000
2.000000
2.000000
2.000000
2.000000
2.000000
2.000000
2.000000
2.000000
2.000000
2.000000
2.000000
2.000000
2.000000
2.000000
2.000000
2.000000
2.000000
2.000000
2.000000
2.000000
2.000000
2.000000
2.000000
2.000000
2.000000
2.000000
2.000000
2.000000
2.000000
2.000000
2.000000
2.000000
2.000000
2.000000
2.000000
2.000000
2.000000
2.000000
2.000000
2.000000
2.000000
2.000000
2.000000
2.000000
2.000000
2.000000
2.000000
2.000000
2.000000
2.000000
2.000000
2.000000
2.000000
2.000000
2.000000
2.000000
2.000000
2.000000
2.000000
2.000000
2.000000
2.000000
2.000000
2.000000
2.000000
2.000000
2.000000
2.000000
2.000000
2.000000
2.000000
2.000000
2.000000
2.000000
2.000000
2.000000
2.000000
2.000000
2.000000
2.000000
2.000000
2.000000
2.000000
2.000000
2.000000
2.000000
2.000000
2.000000
2.000000
2.000000
2.000000
2.000000
2.000000
2.000000
2.000000
2.000000
2.000000
2.000000
2.000000
2.000000
2.000000
2.000000
2.000000
2.000000
2.000000
2.000000
2.000000
2.000000
2.000000
2.000000
2.000000
2.000000
2.000000
2.000000
2.000000
2.000000
2.000000
2.000000
2.000000
2.000000
2.000000
2.000000
2.000000
2.000000
2.000000
2.000000
2.000000
2.000000
2.000000
2.000000
2.000000
2.000000
2.000000
2.000000
2.000000
2.000000
2.000000
2.000000
2.000000
2.000000
2.000000
2.000000
2.000000
2.000000
2.000000
2.000000
2.000000
2.000000
2.000000
2.000000
2.000000
2.000000
2.000000
2.000000
2.000000
2.000000
2.000000
2.000000
2.000000
2.000000
2.000000
2.000000
2.000000
2.000000
2.000000
2.000000
2.000000
2.000000
2.000000
2.000000
2.000000
2.000000
2.000000
2.000000
2.000000
2.000000
2.000000
2.000000
2.000000
2.000000
2.000000
2.000000
2.000000
2.000000
2.000000
2.000000
2.000000
2.000000
2.000000
2.000000
2.000000
2.000000
2.000000
2.000000
2.000000
2.000000
2.000000
2.000000
2.000000
2.000000
2.000000
2.000000
2.000000
2.000000
2.000000
2.000000
2.000000
2.000000
2.000000
2.000000
2.000000
2.000000
2.000000
2.000000
2.000000
2.000000
2.000000
2.000000
2.000000
2.000000
2.000000
2.000000
2.000000
2.000000
2.000000
2.000000
2.000000
2.000000
2.000000
2.000000
2.000000
2.000000
2.000000
2.000000
2.000000
2.000000
2.000000
2.000000
2.000000
2.000000
2.000000
2.000000
2.000000
2.000000
2.000000
2.000000
2.000000
2.000000
2.000000
2.000000
2.000000
2.000000
2.000000
2.000000
2.000000
2.000000
2.000000
2.000000
2.000000
2.000000
2.000000
2.000000
2.000000
2.000000
2.000000
2.000000
2.000000
2.000000
2.000000
2.000000
2.000000
2.000000
2.000000
2.000000
2.000000
2.000000
2.000000
2.000000
2.000000
2.000000
2.000000
2.000000
2.000000
2.000000
2.000000
2.000000
2.000000
2.000000
2.000000
2.000000
2.000000
2.000000
2.000000
2.000000
2.000000
2.000000
2.000000
2.000000
2.000000
2.000000
2.000000
2.000000
2.000000
2.000000
2.000000
2.000000
2.000000
2.000000
2.000000
2.000000
2.000000
2.000000
2.000000
2.000000
2.000000
2.000000
2.000000
2.000000
2.000000
2.000000
2.000000
2.000000
2.000000
2.000000
2.000000
2.000000
2.000000
2.000000
2.000000
2.000000
2.000000
2.000000
2.000000
2.000000
2.000000
2.000000
2.000000
2.000000
2.000000
2.000000
2.000000
2.000000
2.000000
2.000000
2.000000
2.000000
2.000000
2.000000
2.000000
2.000000
2.000000
2.000000
2.000000
2.000000
2.000000
2.000000
2.000000
2.000000
2.000000
2.000000
2.000000
2.000000
2.000000
2.000000
2.000000
2.000000
2.000000
2.000000
2.000000
2.000000
2.000000
2.000000
2.000000
2.000000
2.000000
2.000000
2.000000
2.000000
2.000000
2.000000
2.000000
2.000000
2.000000
2.000000
2.000000
2.000000
2.000000
2.000000
2.000000
2.000000
2.000000
2.000000
2.000000
2.000000
2.000000
2.000000
2.000000
2.000000
2.000000
2.000000
2.000000
2.000000
2.000000
2.000000
2.000000
2.000000
2.000000
2.000000
2.000000
2.000000
2.000000
2.000000
2.000000
2.000000
2.000000
2.000000
2.000000
2.000000
2.000000
2.000000
2.000000
2.000000
2.000000
2.000000
2.000000
2.000000
2.000000
2.000000
2.000000
2.000000
2.000000
2.000000
2.000000
2.000000
2.000000
2.000000
2.000000
2.000000
2.000000
2.000000
2.000000
2.000000
2.000000
2.000000
2.000000
2.000000
2.000000
2.000000
2.000000
2.000000
2.000000
2.000000
2.000000
2.000000
2.000000
2.000000
2.000000
