2.001883
2.001205
2.000814
2.000814
2.001205
2.001883
2.002798
2.003854
2.005006
2.006170
2.007310
2.008352
2.009273
2.010013
2.010561
2.010870
2.010943
2.010745
2.010294
2.009568
2.008596
2.007368
2.005924
2.004264
2.002436
2.000448
1.998355
1.996169
1.993949
1.991710
1.989511
1.987369
1.985340
1.983438
1.981715
1.980182
1.978884
1.977825
1.977043
1.976534
1.976328
1.976412
1.976806
1.977489
1.978472
1.979724
1.981248
1.983007
1.984993
1.987164
1.989507
1.991973
1.994546
1.997173
1.999835
2.002479
2.005086
2.007604
2.010015
2.012270
2.014355
2.016226
2.017876
2.019265
2.020394
2.021231
2.021784
2.022031
2.021986
2.021637
2.021006
2.020089
2.018916
2.017490
2.015848
2.013999
2.011986
2.009823
2.007556
2.005202
2.002809
2.000396
1.998009
1.995668
1.993416
1.991271
1.989274
1.987437
1.985796
1.984358
1.983154
1.982183
1.981469
1.981005
1.980808
1.980864
1.981182
1.981742
1.982545
1.983565
1.984797
1.986210
1.987795
1.989516
1.991359
1.993287
1.995283
1.997308
1.999345
2.001356
2.003324
2.005213
2.007009
2.008678
2.010210
2.011575
2.012768
2.013766
2.014567
2.015153
2.015531
2.015688
2.015636
2.015369
2.014905
2.014242
2.013403
2.012393
2.011238
2.009948
2.008551
2.007059
2.005504
2.003899
2.002275
2.000647
1.999045
1.997482
1.995988
1.994572
1.993262
1.992064
1.991001
1.990076
1.989308
1.988697
1.988254
1.987975
1.987868
1.987924
1.988146
1.988520
1.989046
1.989705
1.990494
1.991392
1.992391
1.993470
1.994617
1.995810
1.997039
1.998278
1.999518
2.000735
2.001920
2.003051
2.004120
2.005107
2.006007
2.006804
2.007495
2.008068
2.008522
2.008849
2.009054
2.009129
2.009084
2.008915
2.008634
2.008242
2.007752
2.007168
2.006505
2.005770
2.004979
2.004139
2.003268
2.002374
2.001475
2.000578
1.999700
1.998847
1.998036
1.997272
1.996569
1.995930
1.995366
1.994879
1.994479
1.994162
1.993937
1.993799
1.993753
1.993791
1.993916
1.994118
1.994398
1.994746
1.995158
1.995623
1.996138
1.996689
1.997273
1.997877
1.998495
1.999115
1.999733
2.000336
2.000919
2.001473
2.001993
2.002471
2.002904
2.003285
2.003613
2.003881
2.004092
2.004241
2.004331
2.004359
2.004330
2.004243
2.004105
2.003915
2.003680
2.003403
2.003092
2.002748
2.002381
2.001993
2.001594
2.001185
2.000777
2.000371
1.999977
1.999595
1.999235
1.998896
1.998587
1.998306
1.998061
1.997851
1.997679
1.997544
1.997450
1.997394
1.997377
1.997396
1.997452
1.997541
1.997663
1.997812
1.997987
1.998184
1.998401
1.998631
1.998874
1.999124
1.999378
1.999632
1.999884
2.000128
2.000363
2.000585
2.000793
2.000982
2.001153
2.001301
2.001429
2.001532
2.001612
2.001667
2.001699
2.001707
2.001693
2.001657
2.001601
2.001526
2.001434
2.001326
2.001206
2.001074
2.000935
2.000788
2.000638
2.000485
2.000332
2.000182
2.000036
1.999896
1.999765
1.999642
1.999530
1.999429
1.999341
1.999266
1.999205
1.999158
1.999126
1.999106
1.999101
1.999109
1.999129
1.999161
1.999204
1.999256
1.999317
1.999385
1.999459
1.999538
1.999620
1.999705
1.999790
1.999875
1.999959
2.000040
2.000118
2.000191
2.000258
2.000320
2.000375
2.000423
2.000463
2.000495
2.000520
2.000537
2.000547
2.000548
2.000543
2.000531
2.000512
2.000488
2.000458
2.000424
2.000386
2.000345
2.000301
2.000255
2.000209
2.000162
2.000115
2.000070
2.000026
1.999983
1.999944
1.999907
1.999874
1.999844
1.999818
1.999796
1.999778
1.999765
1.999755
1.999750
1.999749
1.999751
1.999757
1.999766
1.999778
1.999793
1.999810
1.999830
1.999850
1.999872
1.999895
1.999919
1.999942
1.999965
1.999988
2.000010
2.000031
2.000051
2.000069
2.000085
2.000100
2.000112
2.000123
2.000131
2.000138
2.000142
2.000144
2.000144
2.000143
2.000139
2.000134
2.000128
2.000120
2.000111
2.000101
2.000091
2.000079
2.000068
2.000056
2.000044
2.000033
2.000021
2.000010
2.000000
1.999990
1.999981
1.999973
1.999966
1.999959
1.999954
1.999950
1.999946
1.999944
1.999943
1.999943
1.999943
1.999944
1.999947
1.999949
1.999953
1.999957
1.999961
1.999966
1.999971
1.999976
1.999982
1.999987
1.999992
1.999997
2.000002
2.000007
2.000011
2.000015
2.000019
2.000022
2.000024
2.000027
2.000028
2.000030
2.000031
2.000031
2.000031
2.000031
2.000030
2.000029
2.000027
2.000026
2.000024
2.000022
2.000020
2.000017
2.000015
2.000012
2.000010
2.000007
2.000005
2.000003
2.000001
1.999999
1.999997
1.999995
1.999994
1.999993
1.999992
1.999991
1.999990
1.999990
1.999989
1.999989
1.999989
1.999990
1.999990
1.999991
1.999991
1.999992
1.999993
1.999994
1.999995
1.999996
1.999997
1.999998
1.999999
1.999999
2.000000
2.000001
2.000002
2.000003
2.000003
2.000004
2.000004
2.000005
2.000005
2.000005
2.000005
2.000005
2.000006
2.000005
2.000005
2.000005
2.000005
2.000005
2.000004
2.000004
2.000003
2.000003
2.000003
2.000002
2.000002
2.000001
2.000001
2.000001
2.000000
2.000000
2.000000
1.999999
1.999999
1.999999
1.999999
1.999999
1.999998
1.999998
1.999998
1.999998
1.999998
1.999998
1.999998
1.999999
1.999999
1.999999
1.999999
1.999999
1.999999
1.999999
1.999999
2.000000
2.000000
2.000000
2.000000
2.000000
2.000000
2.000000
2.000000
2.000001
2.000001
2.000001
2.000001
2.000001
2.000001
2.000001
2.000001
2.000001
2.000001
2.000001
2.000001
2.000001
2.000001
2.000001
2.000001
2.000000
2.000000
2.000000
2.000000
2.000000
2.000000
2.000000
2.000000
2.000000
2.000000
2.000000
2.000000
2.000000
2.000000
2.000000
2.000000
2.000000
2.000000
2.000000
2.000000
2.000000
2.000000
2.000000
2.000000
2.000000
2.000000
2.000000
2.000000
2.000000
2.000000
2.000000
2.000000
2.000000
2.000000
2.000000
2.000000
2.000000
2.000000
2.000000
2.000000
2.000000
2.000000
2.000000
2.000000
2.000000
2.000000
2.000000
2.000000
2.000000
2.000000
2.000000
2.000000
2.000000
2.000000
2.000000
2.000000
2.000000
2.000000
2.000000
2.000000
2.000000
2.000000
2.000000
2.000000
2.000000
2.000000
2.000000
2.000000
2.000000
2.000000
2.000000
2.000000
2.000000
2.000000
2.000000
2.000000
2.000000
2.000000
2.000000
2.000000
2.000000
2.000000
2.000000
2.000000
2.000000
2.000000
2.000000
2.000000
2.000000
2.000000
2.000000
2.000000
2.000000
2.000000
2.000000
2.000000
2.000000
2.000000
2.000000
2.000000
2.000000
2.000000
2.000000
2.000000
2.000000
2.000000
2.000000
2.000000
2.000000
2.000000
2.000000
2.000000
2.000000
2.000000
2.000000
2.000000
2.000000
2.000000
2.000000
2.000000
2.000000
2.000000
2.000000
2.000000
2.000000
2.000000
2.000000
2.000000
2.000000
2.000000
2.000000
2.000000
2.000000
2.000000
2.000000
2.000000
2.000000
2.000000
2.000000
2.000000
2.000000
2.000000
2.000000
2.000000
2.000000
2.000000
2.000000
2.000000
2.000000
2.000000
2.000000
2.000000
2.000000
2.000000
2.000000
2.000000
2.000000
2.000000
2.000000
2.000000
2.000000
2.000000
2.000000
2.000000
2.000000
2.000000
2.000000
2.000000
2.000000
2.000000
2.000000
2.000000
2.000000
2.000000
2.000000
2.000000
2.000000
2.000000
2.000000
2.000000
2.000000
2.000000
2.000000
2.000000
2.000000
2.000000
2.000000
2.000000
2.000000
2.000000
2.000000
2.000000
2.000000
2.000000
2.000000
2.000000
2.000000
2.000000
2.000000
2.000000
2.000000
2.000000
2.000000
2.000000
2.000000
2.000000
2.000000
2.000000
2.000000
2.000000
2.000000
2.000000
2.000000
2.000000
2.000000
2.000000
2.000000
2.000000
2.000000
2.000000
2.000000
2.000000
2.000000
2.000000
2.000000
2.000000
2.000000
2.000000
2.000000
2.000000
2.000000
2.000000
2.000000
2.000000
2.000000
2.000000
2.000000
2.000000
2.000000
2.000000
2.000000
2.000000
2.000000
2.000000
2.000000
2.000000
2.000000
2.000000
2.000000
2.000000
2.000000
2.000000
2.000000
2.000000
2.000000
2.000000
2.000000
2.000000
2.000000
2.000000
2.000000
2.000000
2.000000
2.000000
2.000000
2.000000
2.000000
2.000000
2.000000
2.000000
2.000000
2.000000
2.000000
2.000000
2.000000
2.000000
2.000000
2.000000
2.000000
2.000000
2.000000
2.000000
2.000000
2.000000
2.000000
2.000000
2.000000
2.000000
2.000000
2.000000
2.000000
2.000000
2.000000
2.000000
2.000000
2.000000
2.000000
2.000000
2.000000
2.000000
2.000000
2.000000
2.000000
2.000000
2.000000
2.000000
2.000000
2.000000
2.000000
2.000000
2.000000
2.000000
2.000000
2.000000
2.000000
2.000000
2.000000
2.000000
2.000000
2.000000
2.000000
2.000000
2.000000
2.000000
2.000000
2.000000
2.000000
2.000000
2.000000
2.000000
2.000000
2.000000
2.000000
2.000000
2.000000
2.000000
2.000000
2.000000
2.000000
2.000000
2.000000
2.000000
2.000000
2.000000
2.000000
2.000000
2.000000
2.000000
2.000000
2.000000
2.000000
2.000000
2.000000
2.000000
2.000000
2.000000
2.000000
2.000000
2.000000
2.000000
2.000000
2.000000
2.000000
2.000000
2.000000
2.000000
2.000000
2.000000
2.000000
2.000000
2.000000
2.000000
2.000000
2.000000
2.000000
2.000000
2.000000
2.000000
2.000000
2.000000
2.000000
2.000000
2.000000
2.000000
2.000000
2.000000
2.000000
2.000000
2.000000
2.000000
2.000000
2.000000
2.000000
2.000000
2.000000
2.000000
2.000000
2.000000
2.000000
2.000000
2.000000
2.000000
2.000000
2.000000
2.000000
2.000000
2.000000
2.000000
2.000000
2.000000
2.000000
2.000000
2.000000
2.000000
2.000000
2.000000
2.000000
2.000000
2.000000
2.000000
2.000000
2.000000
2.000000
2.000000
2.000000
2.000000
2.000000
2.000000
2.000000
2.000000
2.000000
2.000000
2.000000
2.000000
2.000000
2.000000
2.000000
2.000000
