2.000560
2.000115
1.999865
1.999865
2.000115
2.000560
2.001150
2.001838
2.002578
2.003333
2.004066
2.004748
2.005350
2.005855
2.006242
2.006501
2.006623
2.006606
2.006447
2.006152
2.005725
2.005177
2.004518
2.003763
2.002925
2.002023
2.001071
2.000089
1.999092
1.998101
1.997129
1.996195
1.995311
1.994496
1.993757
1.993109
1.992559
1.992117
1.991786
1.991574
1.991479
1.991506
1.991649
1.991909
1.992279
1.992755
1.993327
1.993990
1.994728
1.995537
1.996400
1.997308
1.998245
1.999201
2.000159
2.001109
2.002035
2.002928
2.003770
2.004556
2.005271
2.005909
2.006458
2.006915
2.007270
2.007524
2.007670
2.007710
2.007641
2.007471
2.007195
2.006826
2.006364
2.005822
2.005202
2.004520
2.003780
2.002999
2.002183
2.001348
2.000502
1.999661
1.998831
1.998030
1.997262
1.996544
1.995878
1.995280
1.994750
1.994301
1.993932
1.993653
1.993461
1.993363
1.993354
1.993437
1.993607
1.993863
1.994196
1.994606
1.995082
1.995621
1.996209
1.996843
1.997509
1.998201
1.998906
1.999619
2.000324
2.001016
2.001682
2.002318
2.002910
2.003456
2.003943
2.004372
2.004731
2.005022
2.005238
2.005380
2.005444
2.005435
2.005349
2.005193
2.004967
2.004678
2.004328
2.003927
2.003478
2.002991
2.002469
2.001926
2.001364
2.000796
2.000226
1.999666
1.999119
1.998597
1.998102
1.997645
1.997227
1.996857
1.996536
1.996270
1.996059
1.995908
1.995814
1.995781
1.995805
1.995887
1.996023
1.996211
1.996446
1.996727
1.997044
1.997398
1.997778
1.998181
1.998600
1.999031
1.999465
1.999898
2.000321
2.000733
2.001125
2.001494
2.001833
2.002141
2.002411
2.002644
2.002834
2.002983
2.003086
2.003146
2.003161
2.003133
2.003062
2.002952
2.002804
2.002622
2.002407
2.002167
2.001902
2.001619
2.001320
2.001012
2.000697
2.000382
2.000070
1.999766
1.999472
1.999195
1.998935
1.998698
1.998485
1.998300
1.998142
1.998015
1.997918
1.997854
1.997820
1.997818
1.997846
1.997903
1.997988
1.998098
1.998231
1.998386
1.998557
1.998745
1.998944
1.999153
1.999368
1.999585
1.999802
2.000016
2.000224
2.000423
2.000610
2.000784
2.000942
2.001083
2.001204
2.001307
2.001388
2.001448
2.001486
2.001504
2.001500
2.001476
2.001433
2.001372
2.001294
2.001201
2.001095
2.000978
2.000851
2.000717
2.000577
2.000435
2.000292
2.000149
2.000010
1.999875
1.999747
1.999627
1.999516
1.999416
1.999328
1.999252
1.999190
1.999141
1.999106
1.999084
1.999077
1.999082
1.999100
1.999131
1.999172
1.999224
1.999284
1.999353
1.999428
1.999509
1.999594
1.999682
1.999771
1.999860
1.999949
2.000035
2.000117
2.000195
2.000268
2.000335
2.000394
2.000447
2.000491
2.000527
2.000555
2.000574
2.000585
2.000587
2.000582
2.000568
2.000548
2.000521
2.000488
2.000450
2.000407
2.000361
2.000311
2.000260
2.000207
2.000153
2.000100
2.000048
1.999997
1.999948
1.999903
1.999860
1.999822
1.999788
1.999758
1.999733
1.999713
1.999698
1.999687
1.999682
1.999682
1.999686
1.999694
1.999707
1.999723
1.999742
1.999765
1.999789
1.999816
1.999844
1.999874
1.999904
1.999934
1.999964
1.999993
2.000021
2.000048
2.000073
2.000096
2.000116
2.000135
2.000150
2.000163
2.000174
2.000181
2.000186
2.000188
2.000187
2.000184
2.000179
2.000171
2.000162
2.000151
2.000138
2.000124
2.000109
2.000093
2.000077
2.000061
2.000044
2.000028
2.000012
1.999997
1.999983
1.999970
1.999958
1.999947
1.999937
1.999929
1.999922
1.999917
1.999913
1.999911
1.999910
1.999911
1.999912
1.999915
1.999919
1.999925
1.999930
1.999937
1.999944
1.999952
1.999960
1.999968
1.999977
1.999985
1.999993
2.000001
2.000008
2.000015
2.000022
2.000028
2.000033
2.000037
2.000041
2.000044
2.000047
2.000048
2.000049
2.000049
2.000049
2.000048
2.000046
2.000044
2.000041
2.000038
2.000034
2.000031
2.000027
2.000023
2.000019
2.000015
2.000010
2.000006
2.000003
1.999999
1.999996
1.999992
1.999990
1.999987
1.999985
1.999983
1.999982
1.999981
1.999980
1.999979
1.999979
1.999980
1.999980
1.999981
1.999982
1.999983
1.999985
1.999986
1.999988
1.999990
1.999992
1.999994
1.999995
1.999997
1.999999
2.000001
2.000002
2.000004
2.000005
2.000006
2.000008
2.000008
2.000009
2.000010
2.000010
2.000010
2.000011
2.000011
2.000010
2.000010
2.000010
2.000009
2.000008
2.000008
2.000007
2.000006
2.000005
2.000005
2.000004
2.000003
2.000002
2.000001
2.000000
2.000000
1.999999
1.999998
1.999998
1.999997
1.999997
1.999997
1.999996
1.999996
1.999996
1.999996
1.999996
1.999996
1.999996
1.999997
1.999997
1.999997
1.999997
1.999998
1.999998
1.999998
1.999999
1.999999
1.999999
2.000000
2.000000
2.000000
2.000001
2.000001
2.000001
2.000001
2.000001
2.000002
2.000002
2.000002
2.000002
2.000002
2.000002
2.000002
2.000002
2.000002
2.000002
2.000002
2.000001
2.000001
2.000001
2.000001
2.000001
2.000001
2.000001
2.000000
2.000000
2.000000
2.000000
2.000000
2.000000
2.000000
2.000000
2.000000
2.000000
1.999999
1.999999
1.999999
1.999999
1.999999
1.999999
1.999999
1.999999
1.999999
2.000000
2.000000
2.000000
2.000000
2.000000
2.000000
2.000000
2.000000
2.000000
2.000000
2.000000
2.000000
2.000000
2.000000
2.000000
2.000000
2.000000
2.000000
2.000000
2.000000
2.000000
2.000000
2.000000
2.000000
2.000000
2.000000
2.000000
2.000000
2.000000
2.000000
2.000000
2.000000
2.000000
2.000000
2.000000
2.000000
2.000000
2.000000
2.000000
2.000000
2.000000
2.000000
2.000000
2.000000
2.000000
2.000000
2.000000
2.000000
2.000000
2.000000
2.000000
2.000000
2.000000
2.000000
2.000000
2.000000
2.000000
2.000000
2.000000
2.000000
2.000000
2.000000
2.000000
2.000000
2.000000
2.000000
2.000000
2.000000
2.000000
2.000000
2.000000
2.000000
2.000000
2.000000
2.000000
2.000000
2.000000
2.000000
2.000000
2.000000
2.000000
2.000000
2.000000
2.000000
2.000000
2.000000
2.000000
2.000000
2.000000
2.000000
2.000000
2.000000
2.000000
2.000000
2.000000
2.000000
2.000000
2.000000
2.000000
2.000000
2.000000
2.000000
2.000000
2.000000
2.000000
2.000000
2.000000
2.000000
2.000000
2.000000
2.000000
2.000000
2.000000
2.000000
2.000000
2.000000
2.000000
2.000000
2.000000
2.000000
2.000000
2.000000
2.000000
2.000000
2.000000
2.000000
2.000000
2.000000
2.000000
2.000000
2.000000
2.000000
2.000000
2.000000
2.000000
2.000000
2.000000
2.000000
2.000000
2.000000
2.000000
2.000000
2.000000
2.000000
2.000000
2.000000
2.000000
2.000000
2.000000
2.000000
2.000000
2.000000
2.000000
2.000000
2.000000
2.000000
2.000000
2.000000
2.000000
2.000000
2.000000
2.000000
2.000000
2.000000
2.000000
2.000000
2.000000
2.000000
2.000000
2.000000
2.000000
2.000000
2.000000
2.000000
2.000000
2.000000
2.000000
2.000000
2.000000
2.000000
2.000000
2.000000
2.000000
2.000000
2.000000
2.000000
2.000000
2.000000
2.000000
2.000000
2.000000
2.000000
2.000000
2.000000
2.000000
2.000000
2.000000
2.000000
2.000000
2.000000
2.000000
2.000000
2.000000
2.000000
2.000000
2.000000
2.000000
2.000000
2.000000
2.000000
2.000000
2.000000
2.000000
2.000000
2.000000
2.000000
2.000000
2.000000
2.000000
2.000000
2.000000
2.000000
2.000000
2.000000
2.000000
2.000000
2.000000
2.000000
2.000000
2.000000
2.000000
2.000000
2.000000
2.000000
2.000000
2.000000
2.000000
2.000000
2.000000
2.000000
2.000000
2.000000
2.000000
2.000000
2.000000
2.000000
2.000000
2.000000
2.000000
2.000000
2.000000
2.000000
2.000000
2.000000
2.000000
2.000000
2.000000
2.000000
2.000000
2.000000
2.000000
2.000000
2.000000
2.000000
2.000000
2.000000
2.000000
2.000000
2.000000
2.000000
2.000000
2.000000
2.000000
2.000000
2.000000
2.000000
2.000000
2.000000
2.000000
2.000000
2.000000
2.000000
2.000000
2.000000
2.000000
2.000000
2.000000
2.000000
2.000000
2.000000
2.000000
2.000000
2.000000
2.000000
2.000000
2.000000
2.000000
2.000000
2.000000
2.000000
2.000000
2.000000
2.000000
2.000000
2.000000
2.000000
2.000000
2.000000
2.000000
2.000000
2.000000
2.000000
2.000000
2.000000
2.000000
2.000000
2.000000
2.000000
2.000000
2.000000
2.000000
2.000000
2.000000
2.000000
2.000000
2.000000
2.000000
2.000000
2.000000
2.000000
2.000000
2.000000
2.000000
2.000000
2.000000
2.000000
2.000000
2.000000
2.000000
2.000000
2.000000
2.000000
2.000000
2.000000
2.000000
2.000000
2.000000
2.000000
2.000000
2.000000
2.000000
2.000000
2.000000
2.000000
2.000000
2.000000
2.000000
2.000000
2.000000
2.000000
2.000000
2.000000
2.000000
2.000000
2.000000
2.000000
2.000000
2.000000
2.000000
2.000000
2.000000
2.000000
2.000000
2.000000
2.000000
2.000000
2.000000
2.000000
2.000000
2.000000
2.000000
2.000000
2.000000
2.000000
2.000000
2.000000
2.000000
2.000000
2.000000
2.000000
2.000000
2.000000
2.000000
2.000000
2.000000
2.000000
2.000000
2.000000
2.000000
2.000000
2.000000
2.000000
2.000000
2.000000
2.000000
2.000000
2.000000
2.000000
2.000000
2.000000
2.000000
2.000000
2.000000
2.000000
2.000000
2.000000
2.000000
2.000000
2.000000
2.000000
2.000000
2.000000
2.000000
2.000000
2.000000
2.000000
2.000000
2.000000
2.000000
2.000000
2.000000
2.000000
2.000000
2.000000
2.000000
2.000000
2.000000
2.000000
2.000000
2.000000
2.000000
2.000000
2.000000
2.000000
2.000000
2.000000
2.000000
2.000000
2.000000
2.000000
2.000000
2.000000
2.000000
2.000000
2.000000
2.000000
2.000000
2.000000
2.000000
2.000000
2.000000
2.000000
2.000000
2.000000
2.000000
2.000000
2.000000
2.000000
2.000000
2.000000
2.000000
2.000000
2.000000
