2.001096
2.000507
2.000172
2.000172
2.000507
2.001096
2.001888
2.002809
2.003815
2.004841
2.005851
2.006791
2.007636
2.008344
2.008899
2.009271
2.009456
2.009435
2.009216
2.008788
2.008168
2.007356
2.006377
2.005239
2.003970
2.002585
2.001117
1.999583
1.998020
1.996445
1.994894
1.993385
1.991951
1.990608
1.989387
1.988299
1.987370
1.986606
1.986028
1.985637
1.985446
1.985452
1.985661
1.986063
1.986659
1.987434
1.988383
1.989485
1.990730
1.992094
1.993564
1.995113
1.996724
1.998368
2.000028
2.001675
2.003292
2.004850
2.006333
2.007716
2.008985
2.010119
2.011107
2.011931
2.012587
2.013062
2.013354
2.013458
2.013378
2.013112
2.012670
2.012056
2.011283
2.010362
2.009309
2.008137
2.006867
2.005515
2.004103
2.002650
2.001177
1.999703
1.998251
1.996838
1.995485
1.994209
1.993027
1.991954
1.991003
1.990185
1.989510
1.988985
1.988617
1.988406
1.988356
1.988462
1.988724
1.989135
1.989687
1.990371
1.991176
1.992089
1.993097
1.994184
1.995335
1.996533
1.997761
1.999002
2.000238
2.001454
2.002631
2.003756
2.004812
2.005787
2.006669
2.007446
2.008109
2.008652
2.009068
2.009354
2.009507
2.009528
2.009419
2.009183
2.008826
2.008355
2.007778
2.007105
2.006347
2.005516
2.004624
2.003686
2.002715
2.001726
2.000731
1.999745
1.998781
1.997853
1.996972
1.996149
1.995395
1.994718
1.994127
1.993628
1.993225
1.992924
1.992724
1.992628
1.992634
1.992740
1.992943
1.993238
1.993619
1.994080
1.994612
1.995206
1.995853
1.996543
1.997266
1.998012
1.998768
1.999526
2.000273
2.001002
2.001701
2.002362
2.002976
2.003537
2.004037
2.004472
2.004836
2.005126
2.005340
2.005478
2.005537
2.005520
2.005429
2.005266
2.005036
2.004744
2.004394
2.003994
2.003549
2.003069
2.002558
2.002027
2.001481
2.000931
2.000382
1.999843
1.999321
1.998822
1.998353
1.997920
1.997527
1.997179
1.996880
1.996632
1.996436
1.996296
1.996211
1.996180
1.996203
1.996278
1.996401
1.996572
1.996785
1.997036
1.997321
1.997636
1.997974
1.998332
1.998701
1.999080
1.999460
1.999837
2.000206
2.000562
2.000900
2.001217
2.001509
2.001772
2.002003
2.002200
2.002362
2.002488
2.002576
2.002627
2.002641
2.002619
2.002563
2.002474
2.002354
2.002207
2.002034
2.001840
2.001627
2.001400
2.001161
2.000916
2.000665
2.000415
2.000167
1.999927
1.999695
1.999477
1.999273
1.999087
1.998920
1.998774
1.998650
1.998550
1.998473
1.998421
1.998392
1.998387
1.998405
1.998445
1.998505
1.998584
1.998680
1.998792
1.998916
1.999052
1.999195
1.999346
1.999500
1.999657
1.999812
1.999966
2.000114
2.000256
2.000389
2.000514
2.000626
2.000726
2.000813
2.000886
2.000945
2.000989
2.001017
2.001032
2.001031
2.001018
2.000991
2.000952
2.000901
2.000841
2.000771
2.000695
2.000612
2.000524
2.000433
2.000340
2.000246
2.000153
2.000062
1.999974
1.999890
1.999812
1.999739
1.999674
1.999616
1.999566
1.999524
1.999491
1.999467
1.999451
1.999444
1.999445
1.999454
1.999470
1.999494
1.999523
1.999558
1.999599
1.999643
1.999690
1.999740
1.999792
1.999844
1.999897
1.999949
2.000000
2.000048
2.000095
2.000137
2.000177
2.000212
2.000244
2.000270
2.000292
2.000309
2.000321
2.000329
2.000332
2.000330
2.000324
2.000313
2.000300
2.000282
2.000262
2.000240
2.000215
2.000188
2.000161
2.000132
2.000104
2.000075
2.000047
2.000019
1.999993
1.999968
1.999945
1.999924
1.999905
1.999889
1.999875
1.999863
1.999855
1.999848
1.999844
1.999843
1.999844
1.999848
1.999853
1.999860
1.999869
1.999880
1.999891
1.999904
1.999918
1.999932
1.999946
1.999961
1.999975
1.999989
2.000003
2.000016
2.000028
2.000040
2.000050
2.000059
2.000067
2.000073
2.000079
2.000083
2.000086
2.000087
2.000087
2.000086
2.000084
2.000081
2.000077
2.000072
2.000067
2.000061
2.000054
2.000047
2.000040
2.000033
2.000026
2.000019
2.000012
2.000005
1.999998
1.999992
1.999987
1.999982
1.999978
1.999974
1.999971
1.999968
1.999966
1.999965
1.999964
1.999964
1.999964
1.999965
1.999967
1.999968
1.999971
1.999973
1.999976
1.999979
1.999982
1.999985
1.999989
1.999992
1.999995
1.999998
2.000001
2.000004
2.000007
2.000009
2.000011
2.000013
2.000015
2.000016
2.000017
2.000018
2.000019
2.000019
2.000019
2.000018
2.000018
2.000017
2.000016
2.000015
2.000014
2.000013
2.000011
2.000010
2.000008
2.000007
2.000005
2.000004
2.000002
2.000001
2.000000
1.999999
1.999997
1.999997
1.999996
1.999995
1.999994
1.999994
1.999994
1.999993
1.999993
1.999993
1.999993
1.999994
1.999994
1.999994
1.999995
1.999995
1.999996
1.999996
1.999997
1.999997
1.999998
1.999999
1.999999
2.000000
2.000000
2.000001
2.000001
2.000002
2.000002
2.000002
2.000003
2.000003
2.000003
2.000003
2.000003
2.000003
2.000003
2.000003
2.000003
2.000003
2.000003
2.000003
2.000002
2.000002
2.000002
2.000002
2.000001
2.000001
2.000001
2.000001
2.000000
2.000000
2.000000
2.000000
2.000000
1.999999
1.999999
1.999999
1.999999
1.999999
1.999999
1.999999
1.999999
1.999999
1.999999
1.999999
1.999999
1.999999
1.999999
1.999999
1.999999
1.999999
2.000000
2.000000
2.000000
2.000000
2.000000
2.000000
2.000000
2.000000
2.000000
2.000000
2.000000
2.000000
2.000000
2.000000
2.000000
2.000000
2.000000
2.000000
2.000000
2.000000
2.000000
2.000000
2.000000
2.000000
2.000000
2.000000
2.000000
2.000000
2.000000
2.000000
2.000000
2.000000
2.000000
2.000000
2.000000
2.000000
2.000000
2.000000
2.000000
2.000000
2.000000
2.000000
2.000000
2.000000
2.000000
2.000000
2.000000
2.000000
2.000000
2.000000
2.000000
2.000000
2.000000
2.000000
2.000000
2.000000
2.000000
2.000000
2.000000
2.000000
2.000000
2.000000
2.000000
2.000000
2.000000
2.000000
2.000000
2.000000
2.000000
2.000000
2.000000
2.000000
2.000000
2.000000
2.000000
2.000000
2.000000
2.000000
2.000000
2.000000
2.000000
2.000000
2.000000
2.000000
2.000000
2.000000
2.000000
2.000000
2.000000
2.000000
2.000000
2.000000
2.000000
2.000000
2.000000
2.000000
2.000000
2.000000
2.000000
2.000000
2.000000
2.000000
2.000000
2.000000
2.000000
2.000000
2.000000
2.000000
2.000000
2.000000
2.000000
2.000000
2.000000
2.000000
2.000000
2.000000
2.000000
2.000000
2.000000
2.000000
2.000000
2.000000
2.000000
2.000000
2.000000
2.000000
2.000000
2.000000
2.000000
2.000000
2.000000
2.000000
2.000000
2.000000
2.000000
2.000000
2.000000
2.000000
2.000000
2.000000
2.000000
2.000000
2.000000
2.000000
2.000000
2.000000
2.000000
2.000000
2.000000
2.000000
2.000000
2.000000
2.000000
2.000000
2.000000
2.000000
2.000000
2.000000
2.000000
2.000000
2.000000
2.000000
2.000000
2.000000
2.000000
2.000000
2.000000
2.000000
2.000000
2.000000
2.000000
2.000000
2.000000
2.000000
2.000000
2.000000
2.000000
2.000000
2.000000
2.000000
2.000000
2.000000
2.000000
2.000000
2.000000
2.000000
2.000000
2.000000
2.000000
2.000000
2.000000
2.000000
2.000000
2.000000
2.000000
2.000000
2.000000
2.000000
2.000000
2.000000
2.000000
2.000000
2.000000
2.000000
2.000000
2.000000
2.000000
2.000000
2.000000
2.000000
2.000000
2.000000
2.000000
2.000000
2.000000
2.000000
2.000000
2.000000
2.000000
2.000000
2.000000
2.000000
2.000000
2.000000
2.000000
2.000000
2.000000
2.000000
2.000000
2.000000
2.000000
2.000000
2.000000
2.000000
2.000000
2.000000
2.000000
2.000000
2.000000
2.000000
2.000000
2.000000
2.000000
2.000000
2.000000
2.000000
2.000000
2.000000
2.000000
2.000000
2.000000
2.000000
2.000000
2.000000
2.000000
2.000000
2.000000
2.000000
2.000000
2.000000
2.000000
2.000000
2.000000
2.000000
2.000000
2.000000
2.000000
2.000000
2.000000
2.000000
2.000000
2.000000
2.000000
2.000000
2.000000
2.000000
2.000000
2.000000
2.000000
2.000000
2.000000
2.000000
2.000000
2.000000
2.000000
2.000000
2.000000
2.000000
2.000000
2.000000
2.000000
2.000000
2.000000
2.000000
2.000000
2.000000
2.000000
2.000000
2.000000
2.000000
2.000000
2.000000
2.000000
2.000000
2.000000
2.000000
2.000000
2.000000
2.000000
2.000000
2.000000
2.000000
2.000000
2.000000
2.000000
2.000000
2.000000
2.000000
2.000000
2.000000
2.000000
2.000000
2.000000
2.000000
2.000000
2.000000
2.000000
2.000000
2.000000
2.000000
2.000000
2.000000
2.000000
2.000000
2.000000
2.000000
2.000000
2.000000
2.000000
2.000000
2.000000
2.000000
2.000000
2.000000
2.000000
2.000000
2.000000
2.000000
2.000000
2.000000
2.000000
2.000000
2.000000
2.000000
2.000000
2.000000
2.000000
2.000000
2.000000
2.000000
2.000000
2.000000
2.000000
2.000000
2.000000
2.000000
2.000000
2.000000
2.000000
2.000000
2.000000
2.000000
2.000000
2.000000
2.000000
2.000000
2.000000
2.000000
2.000000
2.000000
2.000000
2.000000
2.000000
2.000000
2.000000
2.000000
2.000000
2.000000
2.000000
2.000000
2.000000
2.000000
2.000000
2.000000
2.000000
2.000000
2.000000
2.000000
2.000000
2.000000
2.000000
2.000000
2.000000
2.000000
2.000000
2.000000
2.000000
2.000000
2.000000
2.000000
2.000000
2.000000
2.000000
2.000000
2.000000
2.000000
2.000000
2.000000
2.000000
2.000000
2.000000
2.000000
2.000000
2.000000
2.000000
2.000000
2.000000
2.000000
2.000000
2.000000
2.000000
2.000000
2.000000
2.000000
2.000000
2.000000
2.000000
2.000000
2.000000
2.000000
2.000000
2.000000
2.000000
2.000000
2.000000
2.000000
2.000000
2.000000
2.000000
2.000000
2.000000
2.000000
2.000000
2.000000
2.000000
2.000000
2.000000
2.000000
2.000000
2.000000
2.000000
2.000000
2.000000
2.000000
2.000000
2.000000
2.000000
