2.000105
1.999870
1.999745
1.999745
1.999870
2.000105
2.000399
2.000743
2.001093
2.001447
2.001770
2.002065
2.002304
2.002499
2.002625
2.002699
2.002703
2.002657
2.002546
2.002392
2.002183
2.001942
2.001658
2.001355
2.001022
2.000682
2.000325
1.999973
1.999617
1.999277
1.998942
1.998633
1.998338
1.998077
1.997837
1.997636
1.997463
1.997332
1.997232
1.997178
1.997155
1.997178
1.997232
1.997330
1.997457
1.997624
1.997817
1.998043
1.998289
1.998562
1.998847
1.999151
1.999460
1.999779
2.000093
2.000409
2.000711
2.001007
2.001281
2.001541
2.001772
2.001982
2.002158
2.002307
2.002418
2.002500
2.002541
2.002552
2.002523
2.002463
2.002366
2.002241
2.002083
2.001901
2.001691
2.001464
2.001215
2.000955
2.000683
2.000406
2.000124
1.999847
1.999572
1.999308
1.999055
1.998820
1.998602
1.998407
1.998235
1.998091
1.997972
1.997885
1.997826
1.997799
1.997801
1.997835
1.997896
1.997986
1.998101
1.998243
1.998404
1.998587
1.998785
1.998998
1.999221
1.999453
1.999687
1.999924
2.000156
2.000385
2.000604
2.000812
2.001005
2.001182
2.001339
2.001476
2.001590
2.001681
2.001746
2.001788
2.001803
2.001794
2.001759
2.001702
2.001622
2.001521
2.001401
2.001264
2.001112
2.000947
2.000773
2.000591
2.000404
2.000215
2.000027
1.999842
1.999663
1.999492
1.999331
1.999182
1.999048
1.998929
1.998827
1.998744
1.998680
1.998635
1.998609
1.998603
1.998617
1.998649
1.998699
1.998766
1.998849
1.998946
1.999055
1.999175
1.999303
1.999439
1.999579
1.999723
1.999867
2.000010
2.000149
2.000284
2.000411
2.000530
2.000640
2.000738
2.000823
2.000896
2.000955
2.000999
2.001028
2.001043
2.001043
2.001029
2.001001
2.000960
2.000907
2.000843
2.000769
2.000686
2.000596
2.000500
2.000400
2.000297
2.000193
2.000089
1.999986
1.999886
1.999791
1.999701
1.999618
1.999542
1.999475
1.999417
1.999368
1.999330
1.999302
1.999284
1.999277
1.999280
1.999293
1.999316
1.999347
1.999387
1.999434
1.999487
1.999546
1.999610
1.999678
1.999748
1.999819
1.999891
1.999963
2.000033
2.000101
2.000165
2.000225
2.000281
2.000331
2.000375
2.000412
2.000443
2.000467
2.000484
2.000494
2.000496
2.000492
2.000481
2.000465
2.000442
2.000414
2.000381
2.000344
2.000304
2.000261
2.000216
2.000169
2.000122
2.000074
2.000027
1.999982
1.999938
1.999897
1.999859
1.999824
1.999793
1.999765
1.999742
1.999724
1.999710
1.999700
1.999695
1.999695
1.999699
1.999707
1.999719
1.999734
1.999753
1.999774
1.999798
1.999824
1.999851
1.999880
1.999909
1.999939
1.999968
1.999997
2.000025
2.000052
2.000077
2.000100
2.000120
2.000139
2.000155
2.000168
2.000179
2.000186
2.000191
2.000193
2.000193
2.000189
2.000184
2.000176
2.000166
2.000154
2.000141
2.000126
2.000110
2.000093
2.000076
2.000058
2.000040
2.000023
2.000006
1.999990
1.999974
1.999960
1.999946
1.999934
1.999924
1.999915
1.999908
1.999902
1.999898
1.999895
1.999895
1.999895
1.999898
1.999901
1.999906
1.999912
1.999919
1.999927
1.999935
1.999945
1.999954
1.999964
1.999974
1.999984
1.999994
2.000003
2.000012
2.000021
2.000028
2.000036
2.000042
2.000047
2.000052
2.000056
2.000059
2.000061
2.000062
2.000062
2.000061
2.000059
2.000057
2.000054
2.000051
2.000047
2.000042
2.000037
2.000032
2.000027
2.000022
2.000016
2.000011
2.000006
2.000001
1.999996
1.999991
1.999987
1.999984
1.999980
1.999977
1.999975
1.999973
1.999972
1.999971
1.999970
1.999970
1.999971
1.999972
1.999973
1.999975
1.999976
1.999978
1.999981
1.999983
1.999986
1.999989
1.999991
1.999994
1.999997
1.999999
2.000002
2.000004
2.000006
2.000008
2.000010
2.000012
2.000013
2.000014
2.000015
2.000016
2.000016
2.000016
2.000016
2.000016
2.000015
2.000015
2.000014
2.000013
2.000012
2.000010
2.000009
2.000008
2.000006
2.000005
2.000004
2.000002
2.000001
2.000000
1.999999
1.999998
1.999997
1.999996
1.999995
1.999995
1.999994
1.999994
1.999993
1.999993
1.999993
1.999993
1.999993
1.999994
1.999994
1.999994
1.999995
1.999995
1.999996
1.999997
1.999997
1.999998
1.999998
1.999999
2.000000
2.000000
2.000001
2.000001
2.000002
2.000002
2.000002
2.000003
2.000003
2.000003
2.000003
2.000003
2.000003
2.000003
2.000003
2.000003
2.000003
2.000003
2.000003
2.000003
2.000002
2.000002
2.000002
2.000002
2.000001
2.000001
2.000001
2.000000
2.000000
2.000000
2.000000
2.000000
1.999999
1.999999
1.999999
1.999999
1.999999
1.999999
1.999999
1.999999
1.999999
1.999999
1.999999
1.999999
1.999999
1.999999
1.999999
1.999999
1.999999
1.999999
2.000000
2.000000
2.000000
2.000000
2.000000
2.000000
2.000000
2.000000
2.000000
2.000000
2.000000
2.000001
2.000001
2.000001
2.000001
2.000001
2.000001
2.000001
2.000001
2.000001
2.000001
2.000001
2.000000
2.000000
2.000000
2.000000
2.000000
2.000000
2.000000
2.000000
2.000000
2.000000
2.000000
2.000000
2.000000
2.000000
2.000000
2.000000
2.000000
2.000000
2.000000
2.000000
2.000000
2.000000
2.000000
2.000000
2.000000
2.000000
2.000000
2.000000
2.000000
2.000000
2.000000
2.000000
2.000000
2.000000
2.000000
2.000000
2.000000
2.000000
2.000000
2.000000
2.000000
2.000000
2.000000
2.000000
2.000000
2.000000
2.000000
2.000000
2.000000
2.000000
2.000000
2.000000
2.000000
2.000000
2.000000
2.000000
2.000000
2.000000
2.000000
2.000000
2.000000
2.000000
2.000000
2.000000
2.000000
2.000000
2.000000
2.000000
2.000000
2.000000
2.000000
2.000000
2.000000
2.000000
2.000000
2.000000
2.000000
2.000000
2.000000
2.000000
2.000000
2.000000
2.000000
2.000000
2.000000
2.000000
2.000000
2.000000
2.000000
2.000000
2.000000
2.000000
2.000000
2.000000
2.000000
2.000000
2.000000
2.000000
2.000000
2.000000
2.000000
2.000000
2.000000
2.000000
2.000000
2.000000
2.000000
2.000000
2.000000
2.000000
2.000000
2.000000
2.000000
2.000000
2.000000
2.000000
2.000000
2.000000
2.000000
2.000000
2.000000
2.000000
2.000000
2.000000
2.000000
2.000000
2.000000
2.000000
2.000000
2.000000
2.000000
2.000000
2.000000
2.000000
2.000000
2.000000
2.000000
2.000000
2.000000
2.000000
2.000000
2.000000
2.000000
2.000000
2.000000
2.000000
2.000000
2.000000
2.000000
2.000000
2.000000
2.000000
2.000000
2.000000
2.000000
2.000000
2.000000
2.000000
2.000000
2.000000
2.000000
2.000000
2.000000
2.000000
2.000000
2.000000
2.000000
2.000000
2.000000
2.000000
2.000000
2.000000
2.000000
2.000000
2.000000
2.000000
2.000000
2.000000
2.000000
2.000000
2.000000
2.000000
2.000000
2.000000
2.000000
2.000000
2.000000
2.000000
2.000000
2.000000
2.000000
2.000000
2.000000
2.000000
2.000000
2.000000
2.000000
2.000000
2.000000
2.000000
2.000000
2.000000
2.000000
2.000000
2.000000
2.000000
2.000000
2.000000
2.000000
2.000000
2.000000
2.000000
2.000000
2.000000
2.000000
2.000000
2.000000
2.000000
2.000000
2.000000
2.000000
2.000000
2.000000
2.000000
2.000000
2.000000
2.000000
2.000000
2.000000
2.000000
2.000000
2.000000
2.000000
2.000000
2.000000
2.000000
2.000000
2.000000
2.000000
2.000000
2.000000
2.000000
2.000000
2.000000
2.000000
2.000000
2.000000
2.000000
2.000000
2.000000
2.000000
2.000000
2.000000
2.000000
2.000000
2.000000
2.000000
2.000000
2.000000
2.000000
2.000000
2.000000
2.000000
2.000000
2.000000
2.000000
2.000000
2.000000
2.000000
2.000000
2.000000
2.000000
2.000000
2.000000
2.000000
2.000000
2.000000
2.000000
2.000000
2.000000
2.000000
2.000000
2.000000
2.000000
2.000000
2.000000
2.000000
2.000000
2.000000
2.000000
2.000000
2.000000
2.000000
2.000000
2.000000
2.000000
2.000000
2.000000
2.000000
2.000000
2.000000
2.000000
2.000000
2.000000
2.000000
2.000000
2.000000
2.000000
2.000000
2.000000
2.000000
2.000000
2.000000
2.000000
2.000000
2.000000
2.000000
2.000000
2.000000
2.000000
2.000000
2.000000
2.000000
2.000000
2.000000
2.000000
2.000000
2.000000
2.000000
2.000000
2.000000
2.000000
2.000000
2.000000
2.000000
2.000000
2.000000
2.000000
2.000000
2.000000
2.000000
2.000000
2.000000
2.000000
2.000000
2.000000
2.000000
2.000000
2.000000
2.000000
2.000000
2.000000
2.000000
2.000000
2.000000
2.000000
2.000000
2.000000
2.000000
2.000000
2.000000
2.000000
2.000000
2.000000
2.000000
2.000000
2.000000
2.000000
2.000000
2.000000
2.000000
2.000000
2.000000
2.000000
2.000000
2.000000
2.000000
2.000000
2.000000
2.000000
2.000000
2.000000
2.000000
2.000000
2.000000
2.000000
2.000000
2.000000
2.000000
2.000000
2.000000
2.000000
2.000000
2.000000
2.000000
2.000000
2.000000
2.000000
2.000000
2.000000
2.000000
2.000000
2.000000
2.000000
2.000000
2.000000
2.000000
2.000000
2.000000
2.000000
2.000000
2.000000
2.000000
2.000000
2.000000
2.000000
2.000000
2.000000
2.000000
2.000000
2.000000
2.000000
2.000000
2.000000
2.000000
2.000000
2.000000
2.000000
2.000000
2.000000
2.000000
2.000000
2.000000
2.000000
2.000000
2.000000
2.000000
2.000000
2.000000
2.000000
2.000000
2.000000
2.000000
2.000000
2.000000
2.000000
2.000000
2.000000
2.000000
2.000000
2.000000
2.000000
2.000000
2.000000
2.000000
2.000000
2.000000
2.000000
2.000000
2.000000
2.000000
2.000000
2.000000
2.000000
2.000000
2.000000
2.000000
2.000000
2.000000
2.000000
2.000000
2.000000
2.000000
2.000000
2.000000
2.000000
2.000000
2.000000
2.000000
2.000000
2.000000
2.000000
2.000000
2.000000
2.000000
2.000000
2.000000
2.000000
2.000000
2.000000
2.000000
2.000000
2.000000
2.000000
2.000000
2.000000
2.000000
2.000000
2.000000
2.000000
