2.001561
2.000901
2.000523
2.000523
2.000901
2.001561
2.002452
2.003484
2.004614
2.005761
2.006891
2.007936
2.008872
2.009643
2.010238
2.010614
2.010771
2.010680
2.010355
2.009777
2.008970
2.007929
2.006686
2.005245
2.003647
2.001901
2.000054
1.998121
1.996152
1.994163
1.992204
1.990293
1.988478
1.986774
1.985224
1.983839
1.982659
1.981688
1.980958
1.980466
1.980236
1.980260
1.980552
1.981096
1.981899
1.982936
1.984207
1.985681
1.987351
1.989181
1.991157
1.993240
1.995413
1.997632
1.999881
2.002114
2.004313
2.006436
2.008465
2.010361
2.012110
2.013677
2.015053
2.016208
2.017139
2.017824
2.018266
2.018449
2.018385
2.018064
2.017505
2.016707
2.015693
2.014468
2.013063
2.011489
2.009778
2.007946
2.006029
2.004045
2.002031
2.000007
1.998009
1.996055
1.994180
1.992401
1.990749
1.989237
1.987893
1.986723
1.985750
1.984978
1.984421
1.984076
1.983955
1.984047
1.984356
1.984868
1.985580
1.986473
1.987540
1.988757
1.990112
1.991578
1.993140
1.994770
1.996450
1.998151
1.999855
2.001533
2.003169
2.004735
2.006217
2.007588
2.008840
2.009949
2.010909
2.011703
2.012329
2.012775
2.013044
2.013128
2.013036
2.012765
2.012329
2.011731
2.010986
2.010103
2.009101
2.007991
2.006795
2.005526
2.004207
2.002854
2.001490
2.000128
1.998794
1.997498
1.996264
1.995103
1.994032
1.993062
1.992206
1.991472
1.990870
1.990401
1.990075
1.989888
1.989843
1.989936
1.990166
1.990522
1.991002
1.991592
1.992286
1.993068
1.993931
1.994856
1.995833
1.996846
1.997881
1.998922
1.999957
2.000969
2.001948
2.002879
2.003752
2.004554
2.005279
2.005915
2.006458
2.006901
2.007242
2.007477
2.007607
2.007631
2.007552
2.007372
2.007099
2.006736
2.006293
2.005774
2.005192
2.004554
2.003872
2.003155
2.002415
2.001661
2.000906
2.000158
1.999429
1.998726
1.998062
1.997441
1.996873
1.996364
1.995918
1.995541
1.995236
1.995004
1.994848
1.994766
1.994760
1.994825
1.994960
1.995160
1.995422
1.995739
1.996107
1.996518
1.996966
1.997442
1.997942
1.998456
1.998977
1.999497
2.000011
2.000510
2.000990
2.001442
2.001862
2.002246
2.002588
2.002886
2.003137
2.003339
2.003490
2.003590
2.003639
2.003638
2.003588
2.003492
2.003353
2.003173
2.002957
2.002708
2.002432
2.002132
2.001813
2.001481
2.001141
2.000797
2.000454
2.000118
1.999792
1.999480
1.999187
1.998915
1.998669
1.998449
1.998259
1.998100
1.997974
1.997880
1.997819
1.997791
1.997795
1.997829
1.997893
1.997984
1.998100
1.998239
1.998398
1.998574
1.998763
1.998964
1.999172
1.999385
1.999600
1.999813
2.000021
2.000222
2.000414
2.000593
2.000759
2.000909
2.001041
2.001155
2.001250
2.001324
2.001379
2.001413
2.001427
2.001422
2.001398
2.001357
2.001299
2.001226
2.001140
2.001042
2.000935
2.000819
2.000697
2.000571
2.000443
2.000315
2.000187
2.000063
1.999944
1.999830
1.999724
1.999627
1.999539
1.999462
1.999395
1.999341
1.999297
1.999266
1.999247
1.999239
1.999243
1.999257
1.999281
1.999315
1.999357
1.999406
1.999462
1.999523
1.999589
1.999658
1.999729
1.999801
1.999873
1.999944
2.000013
2.000079
2.000142
2.000200
2.000254
2.000301
2.000343
2.000379
2.000408
2.000431
2.000446
2.000456
2.000459
2.000456
2.000446
2.000432
2.000412
2.000388
2.000360
2.000329
2.000295
2.000258
2.000220
2.000181
2.000141
2.000102
2.000063
2.000026
1.999990
1.999956
1.999925
1.999896
1.999870
1.999848
1.999829
1.999813
1.999801
1.999793
1.999788
1.999786
1.999788
1.999792
1.999800
1.999810
1.999822
1.999836
1.999852
1.999870
1.999888
1.999908
1.999927
1.999947
1.999967
1.999987
2.000005
2.000023
2.000040
2.000055
2.000069
2.000082
2.000093
2.000102
2.000109
2.000115
2.000118
2.000120
2.000121
2.000120
2.000117
2.000113
2.000107
2.000101
2.000093
2.000085
2.000076
2.000067
2.000057
2.000047
2.000037
2.000027
2.000017
2.000008
1.999999
1.999991
1.999983
1.999976
1.999970
1.999965
1.999960
1.999957
1.999954
1.999952
1.999951
1.999951
1.999951
1.999953
1.999954
1.999957
1.999960
1.999963
1.999967
1.999971
1.999975
1.999980
1.999984
1.999989
1.999993
1.999997
2.000002
2.000006
2.000009
2.000013
2.000016
2.000018
2.000020
2.000022
2.000024
2.000025
2.000026
2.000026
2.000026
2.000026
2.000025
2.000024
2.000023
2.000021
2.000020
2.000018
2.000016
2.000014
2.000012
2.000010
2.000008
2.000006
2.000004
2.000002
2.000000
1.999999
1.999997
1.999996
1.999994
1.999993
1.999993
1.999992
1.999991
1.999991
1.999991
1.999991
1.999991
1.999991
1.999991
1.999992
1.999993
1.999993
1.999994
1.999995
1.999995
1.999996
1.999997
1.999998
1.999999
2.000000
2.000000
2.000001
2.000002
2.000002
2.000003
2.000003
2.000004
2.000004
2.000004
2.000004
2.000005
2.000005
2.000005
2.000005
2.000004
2.000004
2.000004
2.000004
2.000003
2.000003
2.000003
2.000002
2.000002
2.000002
2.000001
2.000001
2.000001
2.000000
2.000000
2.000000
2.000000
1.999999
1.999999
1.999999
1.999999
1.999999
1.999999
1.999999
1.999999
1.999999
1.999999
1.999999
1.999999
1.999999
1.999999
1.999999
1.999999
1.999999
1.999999
1.999999
2.000000
2.000000
2.000000
2.000000
2.000000
2.000000
2.000000
2.000000
2.000000
2.000001
2.000001
2.000001
2.000001
2.000001
2.000001
2.000001
2.000001
2.000001
2.000001
2.000001
2.000001
2.000001
2.000000
2.000000
2.000000
2.000000
2.000000
2.000000
2.000000
2.000000
2.000000
2.000000
2.000000
2.000000
2.000000
2.000000
2.000000
2.000000
2.000000
2.000000
2.000000
2.000000
2.000000
2.000000
2.000000
2.000000
2.000000
2.000000
2.000000
2.000000
2.000000
2.000000
2.000000
2.000000
2.000000
2.000000
2.000000
2.000000
2.000000
2.000000
2.000000
2.000000
2.000000
2.000000
2.000000
2.000000
2.000000
2.000000
2.000000
2.000000
2.000000
2.000000
2.000000
2.000000
2.000000
2.000000
2.000000
2.000000
2.000000
2.000000
2.000000
2.000000
2.000000
2.000000
2.000000
2.000000
2.000000
2.000000
2.000000
2.000000
2.000000
2.000000
2.000000
2.000000
2.000000
2.000000
2.000000
2.000000
2.000000
2.000000
2.000000
2.000000
2.000000
2.000000
2.000000
2.000000
2.000000
2.000000
2.000000
2.000000
2.000000
2.000000
2.000000
2.000000
2.000000
2.000000
2.000000
2.000000
2.000000
2.000000
2.000000
2.000000
2.000000
2.000000
2.000000
2.000000
2.000000
2.000000
2.000000
2.000000
2.000000
2.000000
2.000000
2.000000
2.000000
2.000000
2.000000
2.000000
2.000000
2.000000
2.000000
2.000000
2.000000
2.000000
2.000000
2.000000
2.000000
2.000000
2.000000
2.000000
2.000000
2.000000
2.000000
2.000000
2.000000
2.000000
2.000000
2.000000
2.000000
2.000000
2.000000
2.000000
2.000000
2.000000
2.000000
2.000000
2.000000
2.000000
2.000000
2.000000
2.000000
2.000000
2.000000
2.000000
2.000000
2.000000
2.000000
2.000000
2.000000
2.000000
2.000000
2.000000
2.000000
2.000000
2.000000
2.000000
2.000000
2.000000
2.000000
2.000000
2.000000
2.000000
2.000000
2.000000
2.000000
2.000000
2.000000
2.000000
2.000000
2.000000
2.000000
2.000000
2.000000
2.000000
2.000000
2.000000
2.000000
2.000000
2.000000
2.000000
2.000000
2.000000
2.000000
2.000000
2.000000
2.000000
2.000000
2.000000
2.000000
2.000000
2.000000
2.000000
2.000000
2.000000
2.000000
2.000000
2.000000
2.000000
2.000000
2.000000
2.000000
2.000000
2.000000
2.000000
2.000000
2.000000
2.000000
2.000000
2.000000
2.000000
2.000000
2.000000
2.000000
2.000000
2.000000
2.000000
2.000000
2.000000
2.000000
2.000000
2.000000
2.000000
2.000000
2.000000
2.000000
2.000000
2.000000
2.000000
2.000000
2.000000
2.000000
2.000000
2.000000
2.000000
2.000000
2.000000
2.000000
2.000000
2.000000
2.000000
2.000000
2.000000
2.000000
2.000000
2.000000
2.000000
2.000000
2.000000
2.000000
2.000000
2.000000
2.000000
2.000000
2.000000
2.000000
2.000000
2.000000
2.000000
2.000000
2.000000
2.000000
2.000000
2.000000
2.000000
2.000000
2.000000
2.000000
2.000000
2.000000
2.000000
2.000000
2.000000
2.000000
2.000000
2.000000
2.000000
2.000000
2.000000
2.000000
2.000000
2.000000
2.000000
2.000000
2.000000
2.000000
2.000000
2.000000
2.000000
2.000000
2.000000
2.000000
2.000000
2.000000
2.000000
2.000000
2.000000
2.000000
2.000000
2.000000
2.000000
2.000000
2.000000
2.000000
2.000000
2.000000
2.000000
2.000000
2.000000
2.000000
2.000000
2.000000
2.000000
2.000000
2.000000
2.000000
2.000000
2.000000
2.000000
2.000000
2.000000
2.000000
2.000000
2.000000
2.000000
2.000000
2.000000
2.000000
2.000000
2.000000
2.000000
2.000000
2.000000
2.000000
2.000000
2.000000
2.000000
2.000000
2.000000
2.000000
2.000000
2.000000
2.000000
2.000000
2.000000
2.000000
2.000000
2.000000
2.000000
2.000000
2.000000
2.000000
2.000000
2.000000
2.000000
2.000000
2.000000
2.000000
2.000000
2.000000
2.000000
2.000000
2.000000
2.000000
2.000000
2.000000
2.000000
2.000000
2.000000
2.000000
2.000000
2.000000
2.000000
2.000000
2.000000
2.000000
2.000000
2.000000
2.000000
2.000000
2.000000
2.000000
2.000000
2.000000
2.000000
2.000000
2.000000
2.000000
2.000000
2.000000
2.000000
2.000000
2.000000
2.000000
2.000000
2.000000
2.000000
2.000000
2.000000
2.000000
2.000000
2.000000
2.000000
2.000000
2.000000
2.000000
2.000000
2.000000
2.000000
2.000000
2.000000
2.000000
2.000000
2.000000
2.000000
2.000000
2.000000
2.000000
2.000000
2.000000
2.000000
2.000000
2.000000
2.000000
2.000000
2.000000
2.000000
2.000000
2.000000
2.000000
2.000000
2.000000
2.000000
2.000000
2.000000
