2.001837
2.001160
2.000770
2.000770
2.001160
2.001837
2.002751
2.003807
2.004960
2.006125
2.007269
2.008316
2.009244
2.009993
2.010553
2.010876
2.010965
2.010787
2.010357
2.009656
2.008710
2.007511
2.006098
2.004470
2.002676
2.000723
1.998664
1.996514
1.994328
1.992123
1.989957
1.987845
1.985844
1.983967
1.982266
1.980750
1.979466
1.978415
1.977637
1.977127
1.976915
1.976986
1.977363
1.978022
1.978976
1.980195
1.981680
1.983395
1.985335
1.987454
1.989743
1.992153
1.994667
1.997235
1.999837
2.002421
2.004970
2.007430
2.009786
2.011989
2.014026
2.015853
2.017463
2.018819
2.019919
2.020735
2.021271
2.021509
2.021461
2.021116
2.020495
2.019594
2.018444
2.017046
2.015438
2.013628
2.011659
2.009543
2.007326
2.005026
2.002687
2.000330
1.997999
1.995714
1.993517
1.991426
1.989479
1.987690
1.986092
1.984694
1.983524
1.982583
1.981893
1.981448
1.981263
1.981326
1.981644
1.982198
1.982990
1.983993
1.985202
1.986589
1.988141
1.989826
1.991630
1.993515
1.995466
1.997444
1.999433
2.001396
2.003316
2.005158
2.006908
2.008533
2.010023
2.011351
2.012509
2.013476
2.014250
2.014814
2.015175
2.015320
2.015260
2.014991
2.014529
2.013873
2.013046
2.012053
2.010919
2.009654
2.008285
2.006824
2.005302
2.003733
2.002147
2.000557
1.998993
1.997469
1.996013
1.994635
1.993360
1.992195
1.991164
1.990268
1.989525
1.988936
1.988511
1.988247
1.988152
1.988214
1.988439
1.988812
1.989333
1.989984
1.990761
1.991643
1.992624
1.993681
1.994805
1.995972
1.997173
1.998384
1.999595
2.000783
2.001938
2.003039
2.004079
2.005038
2.005913
2.006685
2.007354
2.007906
2.008343
2.008656
2.008848
2.008914
2.008862
2.008691
2.008409
2.008020
2.007535
2.006959
2.006307
2.005585
2.004809
2.003986
2.003133
2.002259
2.001380
2.000504
1.999648
1.998817
1.998028
1.997285
1.996602
1.995982
1.995437
1.994967
1.994581
1.994278
1.994064
1.993935
1.993896
1.993939
1.994066
1.994270
1.994549
1.994893
1.995299
1.995757
1.996263
1.996805
1.997377
1.997968
1.998573
1.999179
1.999782
2.000370
2.000938
2.001477
2.001983
2.002446
2.002866
2.003234
2.003550
2.003808
2.004009
2.004150
2.004233
2.004256
2.004223
2.004134
2.003994
2.003805
2.003572
2.003299
2.002991
2.002653
2.002293
2.001913
2.001521
2.001122
2.000723
2.000327
1.999942
1.999571
1.999220
1.998892
1.998592
1.998321
1.998084
1.997882
1.997717
1.997589
1.997500
1.997448
1.997435
1.997458
1.997516
1.997606
1.997727
1.997875
1.998049
1.998243
1.998456
1.998683
1.998921
1.999166
1.999414
1.999663
1.999908
2.000146
2.000375
2.000590
2.000792
2.000975
2.001140
2.001283
2.001406
2.001504
2.001580
2.001632
2.001661
2.001667
2.001651
2.001613
2.001557
2.001481
2.001390
2.001283
2.001164
2.001035
2.000897
2.000753
2.000606
2.000457
2.000308
2.000161
2.000019
1.999883
1.999755
1.999636
1.999528
1.999431
1.999346
1.999274
1.999216
1.999172
1.999141
1.999124
1.999121
1.999130
1.999151
1.999183
1.999226
1.999278
1.999339
1.999406
1.999479
1.999556
1.999638
1.999720
1.999804
1.999887
1.999969
2.000048
2.000123
2.000194
2.000259
2.000319
2.000372
2.000418
2.000456
2.000487
2.000511
2.000526
2.000534
2.000535
2.000529
2.000516
2.000497
2.000473
2.000443
2.000409
2.000372
2.000331
2.000288
2.000243
2.000198
2.000152
2.000107
2.000062
2.000019
1.999978
1.999940
1.999904
1.999872
1.999843
1.999819
1.999798
1.999781
1.999768
1.999759
1.999755
1.999754
1.999757
1.999763
1.999772
1.999785
1.999800
1.999817
1.999836
1.999856
1.999878
1.999900
1.999923
1.999946
1.999969
1.999991
2.000013
2.000033
2.000052
2.000070
2.000085
2.000099
2.000111
2.000121
2.000129
2.000135
2.000139
2.000141
2.000141
2.000139
2.000135
2.000130
2.000124
2.000116
2.000107
2.000097
2.000087
2.000076
2.000064
2.000053
2.000041
2.000030
2.000019
2.000008
1.999998
1.999989
1.999980
1.999972
1.999965
1.999959
1.999954
1.999950
1.999947
1.999945
1.999944
1.999944
1.999944
1.999946
1.999948
1.999951
1.999954
1.999958
1.999963
1.999967
1.999972
1.999978
1.999983
1.999988
1.999993
1.999998
2.000003
2.000007
2.000011
2.000015
2.000019
2.000022
2.000024
2.000026
2.000028
2.000029
2.000030
2.000030
2.000030
2.000030
2.000029
2.000028
2.000027
2.000025
2.000023
2.000021
2.000019
2.000016
2.000014
2.000012
2.000009
2.000007
2.000005
2.000002
2.000000
1.999998
1.999997
1.999995
1.999994
1.999992
1.999992
1.999991
1.999990
1.999990
1.999990
1.999989
1.999990
1.999990
1.999990
1.999991
1.999992
1.999992
1.999993
1.999994
1.999995
1.999996
1.999997
1.999998
1.999999
2.000000
2.000001
2.000001
2.000002
2.000003
2.000003
2.000004
2.000004
2.000005
2.000005
2.000005
2.000005
2.000005
2.000005
2.000005
2.000005
2.000005
2.000005
2.000004
2.000004
2.000004
2.000003
2.000003
2.000002
2.000002
2.000002
2.000001
2.000001
2.000000
2.000000
2.000000
2.000000
1.999999
1.999999
1.999999
1.999999
1.999999
1.999999
1.999998
1.999998
1.999998
1.999998
1.999998
1.999999
1.999999
1.999999
1.999999
1.999999
1.999999
1.999999
1.999999
2.000000
2.000000
2.000000
2.000000
2.000000
2.000000
2.000000
2.000000
2.000001
2.000001
2.000001
2.000001
2.000001
2.000001
2.000001
2.000001
2.000001
2.000001
2.000001
2.000001
2.000001
2.000001
2.000001
2.000001
2.000000
2.000000
2.000000
2.000000
2.000000
2.000000
2.000000
2.000000
2.000000
2.000000
2.000000
2.000000
2.000000
2.000000
2.000000
2.000000
2.000000
2.000000
2.000000
2.000000
2.000000
2.000000
2.000000
2.000000
2.000000
2.000000
2.000000
2.000000
2.000000
2.000000
2.000000
2.000000
2.000000
2.000000
2.000000
2.000000
2.000000
2.000000
2.000000
2.000000
2.000000
2.000000
2.000000
2.000000
2.000000
2.000000
2.000000
2.000000
2.000000
2.000000
2.000000
2.000000
2.000000
2.000000
2.000000
2.000000
2.000000
2.000000
2.000000
2.000000
2.000000
2.000000
2.000000
2.000000
2.000000
2.000000
2.000000
2.000000
2.000000
2.000000
2.000000
2.000000
2.000000
2.000000
2.000000
2.000000
2.000000
2.000000
2.000000
2.000000
2.000000
2.000000
2.000000
2.000000
2.000000
2.000000
2.000000
2.000000
2.000000
2.000000
2.000000
2.000000
2.000000
2.000000
2.000000
2.000000
2.000000
2.000000
2.000000
2.000000
2.000000
2.000000
2.000000
2.000000
2.000000
2.000000
2.000000
2.000000
2.000000
2.000000
2.000000
2.000000
2.000000
2.000000
2.000000
2.000000
2.000000
2.000000
2.000000
2.000000
2.000000
2.000000
2.000000
2.000000
2.000000
2.000000
2.000000
2.000000
2.000000
2.000000
2.000000
2.000000
2.000000
2.000000
2.000000
2.000000
2.000000
2.000000
2.000000
2.000000
2.000000
2.000000
2.000000
2.000000
2.000000
2.000000
2.000000
2.000000
2.000000
2.000000
2.000000
2.000000
2.000000
2.000000
2.000000
2.000000
2.000000
2.000000
2.000000
2.000000
2.000000
2.000000
2.000000
2.000000
2.000000
2.000000
2.000000
2.000000
2.000000
2.000000
2.000000
2.000000
2.000000
2.000000
2.000000
2.000000
2.000000
2.000000
2.000000
2.000000
2.000000
2.000000
2.000000
2.000000
2.000000
2.000000
2.000000
2.000000
2.000000
2.000000
2.000000
2.000000
2.000000
2.000000
2.000000
2.000000
2.000000
2.000000
2.000000
2.000000
2.000000
2.000000
2.000000
2.000000
2.000000
2.000000
2.000000
2.000000
2.000000
2.000000
2.000000
2.000000
2.000000
2.000000
2.000000
2.000000
2.000000
2.000000
2.000000
2.000000
2.000000
2.000000
2.000000
2.000000
2.000000
2.000000
2.000000
2.000000
2.000000
2.000000
2.000000
2.000000
2.000000
2.000000
2.000000
2.000000
2.000000
2.000000
2.000000
2.000000
2.000000
2.000000
2.000000
2.000000
2.000000
2.000000
2.000000
2.000000
2.000000
2.000000
2.000000
2.000000
2.000000
2.000000
2.000000
2.000000
2.000000
2.000000
2.000000
2.000000
2.000000
2.000000
2.000000
2.000000
2.000000
2.000000
2.000000
2.000000
2.000000
2.000000
2.000000
2.000000
2.000000
2.000000
2.000000
2.000000
2.000000
2.000000
2.000000
2.000000
2.000000
2.000000
2.000000
2.000000
2.000000
2.000000
2.000000
2.000000
2.000000
2.000000
2.000000
2.000000
2.000000
2.000000
2.000000
2.000000
2.000000
2.000000
2.000000
2.000000
2.000000
2.000000
2.000000
2.000000
2.000000
2.000000
2.000000
2.000000
2.000000
2.000000
2.000000
2.000000
2.000000
2.000000
2.000000
2.000000
2.000000
2.000000
2.000000
2.000000
2.000000
2.000000
2.000000
2.000000
2.000000
2.000000
2.000000
2.000000
2.000000
2.000000
2.000000
2.000000
2.000000
2.000000
2.000000
2.000000
2.000000
2.000000
2.000000
2.000000
2.000000
2.000000
2.000000
2.000000
2.000000
2.000000
2.000000
2.000000
2.000000
2.000000
2.000000
2.000000
2.000000
2.000000
2.000000
2.000000
2.000000
2.000000
2.000000
2.000000
2.000000
2.000000
2.000000
2.000000
2.000000
2.000000
2.000000
2.000000
2.000000
2.000000
2.000000
2.000000
2.000000
2.000000
2.000000
2.000000
2.000000
2.000000
2.000000
2.000000
2.000000
2.000000
2.000000
2.000000
2.000000
2.000000
2.000000
2.000000
2.000000
2.000000
2.000000
2.000000
2.000000
2.000000
2.000000
2.000000
2.000000
2.000000
2.000000
2.000000
2.000000
2.000000
2.000000
2.000000
2.000000
2.000000
2.000000
2.000000
2.000000
2.000000
2.000000
2.000000
2.000000
2.000000
2.000000
2.000000
2.000000
2.000000
2.000000
2.000000
2.000000
2.000000
2.000000
2.000000
2.000000
2.000000
2.000000
2.000000
2.000000
2.000000
2.000000
2.000000
2.000000
2.000000
2.000000
2.000000
2.000000
2.000000
2.000000
