2.001350
2.000716
2.000355
2.000355
2.000716
2.001350
2.002204
2.003196
2.004282
2.005386
2.006476
2.007487
2.008396
2.009152
2.009742
2.010128
2.010310
2.010261
2.009992
2.009489
2.008772
2.007838
2.006717
2.005413
2.003962
2.002376
2.000697
1.998939
1.997147
1.995337
1.993554
1.991816
1.990163
1.988613
1.987201
1.985941
1.984864
1.983977
1.983307
1.982852
1.982632
1.982640
1.982889
1.983363
1.984067
1.984981
1.986102
1.987405
1.988881
1.990498
1.992244
1.994084
1.996002
1.997960
1.999942
2.001909
2.003845
2.005711
2.007493
2.009156
2.010687
2.012057
2.013256
2.014260
2.015064
2.015652
2.016024
2.016169
2.016095
2.015797
2.015288
2.014571
2.013664
2.012575
2.011328
2.009934
2.008422
2.006807
2.005119
2.003376
2.001608
1.999835
1.998086
1.996380
1.994745
1.993197
1.991763
1.990454
1.989292
1.988286
1.987454
1.986799
1.986332
1.986054
1.985969
1.986073
1.986365
1.986835
1.987478
1.988280
1.989231
1.990312
1.991511
1.992807
1.994183
1.995617
1.997091
1.998582
2.000072
2.001538
2.002963
2.004326
2.005611
2.006798
2.007877
2.008831
2.009651
2.010326
2.010852
2.011220
2.011431
2.011481
2.011376
2.011117
2.010712
2.010167
2.009495
2.008704
2.007809
2.006824
2.005764
2.004645
2.003484
2.002295
2.001100
1.999910
1.998746
1.997620
1.996549
1.995544
1.994621
1.993789
1.993058
1.992435
1.991928
1.991541
1.991277
1.991136
1.991119
1.991223
1.991445
1.991778
1.992216
1.992751
1.993374
1.994074
1.994841
1.995661
1.996524
1.997415
1.998324
1.999236
2.000139
2.001021
2.001870
2.002676
2.003429
2.004118
2.004737
2.005278
2.005735
2.006105
2.006384
2.006570
2.006664
2.006665
2.006576
2.006400
2.006143
2.005808
2.005404
2.004937
2.004415
2.003846
2.003241
2.002607
2.001955
2.001293
2.000632
1.999980
1.999346
1.998738
1.998164
1.997631
1.997146
1.996712
1.996336
1.996021
1.995770
1.995583
1.995463
1.995408
1.995418
1.995491
1.995624
1.995814
1.996056
1.996346
1.996679
1.997048
1.997447
1.997871
1.998313
1.998765
1.999222
1.999678
2.000125
2.000558
2.000972
2.001361
2.001721
2.002048
2.002337
2.002587
2.002795
2.002959
2.003079
2.003154
2.003184
2.003171
2.003116
2.003021
2.002888
2.002721
2.002522
2.002297
2.002048
2.001780
2.001496
2.001203
2.000903
2.000602
2.000303
2.000010
1.999728
1.999459
1.999208
1.998977
1.998768
1.998583
1.998425
1.998295
1.998193
1.998120
1.998076
1.998060
1.998072
1.998111
1.998175
1.998263
1.998371
1.998499
1.998643
1.998802
1.998971
1.999150
1.999334
1.999522
1.999709
1.999895
2.000076
2.000250
2.000414
2.000568
2.000708
2.000835
2.000945
2.001039
2.001116
2.001176
2.001217
2.001241
2.001247
2.001237
2.001210
2.001168
2.001113
2.001045
2.000965
2.000876
2.000779
2.000676
2.000567
2.000456
2.000343
2.000231
2.000120
2.000013
1.999910
1.999813
1.999723
1.999641
1.999567
1.999503
1.999448
1.999405
1.999371
1.999348
1.999335
1.999332
1.999339
1.999355
1.999379
1.999412
1.999451
1.999497
1.999548
1.999604
1.999662
1.999724
1.999786
1.999850
1.999913
1.999975
2.000034
2.000091
2.000145
2.000194
2.000239
2.000279
2.000313
2.000342
2.000365
2.000382
2.000394
2.000400
2.000400
2.000395
2.000385
2.000370
2.000351
2.000329
2.000303
2.000274
2.000243
2.000210
2.000176
2.000142
2.000107
2.000073
2.000039
2.000007
1.999976
1.999948
1.999921
1.999897
1.999876
1.999858
1.999843
1.999830
1.999821
1.999815
1.999812
1.999812
1.999815
1.999820
1.999828
1.999838
1.999849
1.999863
1.999877
1.999893
1.999910
1.999927
1.999944
1.999962
1.999979
1.999996
2.000012
2.000027
2.000041
2.000054
2.000066
2.000076
2.000085
2.000092
2.000098
2.000102
2.000104
2.000105
2.000105
2.000103
2.000100
2.000096
2.000091
2.000085
2.000078
2.000070
2.000062
2.000054
2.000045
2.000036
2.000027
2.000019
2.000011
2.000003
1.999995
1.999988
1.999982
1.999976
1.999971
1.999967
1.999963
1.999961
1.999959
1.999957
1.999957
1.999957
1.999958
1.999959
1.999961
1.999963
1.999966
1.999969
1.999973
1.999976
1.999980
1.999984
1.999988
1.999992
1.999996
2.000000
2.000003
2.000007
2.000010
2.000012
2.000015
2.000017
2.000019
2.000020
2.000021
2.000022
2.000023
2.000023
2.000023
2.000022
2.000021
2.000020
2.000019
2.000018
2.000016
2.000015
2.000013
2.000011
2.000009
2.000008
2.000006
2.000004
2.000002
2.000001
1.999999
1.999998
1.999997
1.999995
1.999994
1.999994
1.999993
1.999993
1.999992
1.999992
1.999992
1.999992
1.999992
1.999992
1.999993
1.999993
1.999994
1.999994
1.999995
1.999996
1.999996
1.999997
1.999998
1.999999
1.999999
2.000000
2.000001
2.000001
2.000002
2.000002
2.000003
2.000003
2.000003
2.000004
2.000004
2.000004
2.000004
2.000004
2.000004
2.000004
2.000004
2.000004
2.000003
2.000003
2.000003
2.000003
2.000002
2.000002
2.000002
2.000001
2.000001
2.000001
2.000000
2.000000
2.000000
2.000000
1.999999
1.999999
1.999999
1.999999
1.999999
1.999999
1.999999
1.999999
1.999999
1.999999
1.999999
1.999999
1.999999
1.999999
1.999999
1.999999
1.999999
1.999999
1.999999
2.000000
2.000000
2.000000
2.000000
2.000000
2.000000
2.000000
2.000000
2.000000
2.000000
2.000000
2.000001
2.000001
2.000001
2.000001
2.000001
2.000001
2.000001
2.000001
2.000001
2.000001
2.000000
2.000000
2.000000
2.000000
2.000000
2.000000
2.000000
2.000000
2.000000
2.000000
2.000000
2.000000
2.000000
2.000000
2.000000
2.000000
2.000000
2.000000
2.000000
2.000000
2.000000
2.000000
2.000000
2.000000
2.000000
2.000000
2.000000
2.000000
2.000000
2.000000
2.000000
2.000000
2.000000
2.000000
2.000000
2.000000
2.000000
2.000000
2.000000
2.000000
2.000000
2.000000
2.000000
2.000000
2.000000
2.000000
2.000000
2.000000
2.000000
2.000000
2.000000
2.000000
2.000000
2.000000
2.000000
2.000000
2.000000
2.000000
2.000000
2.000000
2.000000
2.000000
2.000000
2.000000
2.000000
2.000000
2.000000
2.000000
2.000000
2.000000
2.000000
2.000000
2.000000
2.000000
2.000000
2.000000
2.000000
2.000000
2.000000
2.000000
2.000000
2.000000
2.000000
2.000000
2.000000
2.000000
2.000000
2.000000
2.000000
2.000000
2.000000
2.000000
2.000000
2.000000
2.000000
2.000000
2.000000
2.000000
2.000000
2.000000
2.000000
2.000000
2.000000
2.000000
2.000000
2.000000
2.000000
2.000000
2.000000
2.000000
2.000000
2.000000
2.000000
2.000000
2.000000
2.000000
2.000000
2.000000
2.000000
2.000000
2.000000
2.000000
2.000000
2.000000
2.000000
2.000000
2.000000
2.000000
2.000000
2.000000
2.000000
2.000000
2.000000
2.000000
2.000000
2.000000
2.000000
2.000000
2.000000
2.000000
2.000000
2.000000
2.000000
2.000000
2.000000
2.000000
2.000000
2.000000
2.000000
2.000000
2.000000
2.000000
2.000000
2.000000
2.000000
2.000000
2.000000
2.000000
2.000000
2.000000
2.000000
2.000000
2.000000
2.000000
2.000000
2.000000
2.000000
2.000000
2.000000
2.000000
2.000000
2.000000
2.000000
2.000000
2.000000
2.000000
2.000000
2.000000
2.000000
2.000000
2.000000
2.000000
2.000000
2.000000
2.000000
2.000000
2.000000
2.000000
2.000000
2.000000
2.000000
2.000000
2.000000
2.000000
2.000000
2.000000
2.000000
2.000000
2.000000
2.000000
2.000000
2.000000
2.000000
2.000000
2.000000
2.000000
2.000000
2.000000
2.000000
2.000000
2.000000
2.000000
2.000000
2.000000
2.000000
2.000000
2.000000
2.000000
2.000000
2.000000
2.000000
2.000000
2.000000
2.000000
2.000000
2.000000
2.000000
2.000000
2.000000
2.000000
2.000000
2.000000
2.000000
2.000000
2.000000
2.000000
2.000000
2.000000
2.000000
2.000000
2.000000
2.000000
2.000000
2.000000
2.000000
2.000000
2.000000
2.000000
2.000000
2.000000
2.000000
2.000000
2.000000
2.000000
2.000000
2.000000
2.000000
2.000000
2.000000
2.000000
2.000000
2.000000
2.000000
2.000000
2.000000
2.000000
2.000000
2.000000
2.000000
2.000000
2.000000
2.000000
2.000000
2.000000
2.000000
2.000000
2.000000
2.000000
2.000000
2.000000
2.000000
2.000000
2.000000
2.000000
2.000000
2.000000
2.000000
2.000000
2.000000
2.000000
2.000000
2.000000
2.000000
2.000000
2.000000
2.000000
2.000000
2.000000
2.000000
2.000000
2.000000
2.000000
2.000000
2.000000
2.000000
2.000000
2.000000
2.000000
2.000000
2.000000
2.000000
2.000000
2.000000
2.000000
2.000000
2.000000
2.000000
2.000000
2.000000
2.000000
2.000000
2.000000
2.000000
2.000000
2.000000
2.000000
2.000000
2.000000
2.000000
2.000000
2.000000
2.000000
2.000000
2.000000
2.000000
2.000000
2.000000
2.000000
2.000000
2.000000
2.000000
2.000000
2.000000
2.000000
2.000000
2.000000
2.000000
2.000000
2.000000
2.000000
2.000000
2.000000
2.000000
2.000000
2.000000
2.000000
2.000000
2.000000
2.000000
2.000000
2.000000
2.000000
2.000000
2.000000
2.000000
2.000000
2.000000
2.000000
2.000000
2.000000
2.000000
2.000000
2.000000
2.000000
2.000000
2.000000
2.000000
2.000000
2.000000
2.000000
2.000000
2.000000
2.000000
2.000000
2.000000
2.000000
2.000000
2.000000
2.000000
2.000000
2.000000
2.000000
2.000000
2.000000
2.000000
2.000000
2.000000
2.000000
2.000000
2.000000
2.000000
2.000000
2.000000
2.000000
2.000000
2.000000
2.000000
2.000000
2.000000
2.000000
2.000000
2.000000
2.000000
2.000000
2.000000
2.000000
2.000000
2.000000
2.000000
2.000000
2.000000
2.000000
2.000000
2.000000
2.000000
2.000000
2.000000
2.000000
2.000000
2.000000
2.000000
2.000000
2.000000
2.000000
2.000000
2.000000
2.000000
2.000000
2.000000
2.000000
2.000000
2.000000
2.000000
2.000000
