2.000900
2.000355
2.000047
2.000047
2.000355
2.000900
2.001630
2.002480
2.003404
2.004348
2.005275
2.006138
2.006911
2.007560
2.008068
2.008412
2.008584
2.008573
2.008381
2.008004
2.007454
2.006736
2.005869
2.004863
2.003742
2.002522
2.001230
1.999884
1.998513
1.997136
1.995781
1.994467
1.993220
1.992057
1.990999
1.990061
1.989261
1.988607
1.988112
1.987782
1.987622
1.987634
1.987818
1.988170
1.988685
1.989354
1.990168
1.991114
1.992178
1.993345
1.994598
1.995918
1.997287
1.998684
2.000091
2.001487
2.002853
2.004170
2.005421
2.006586
2.007652
2.008604
2.009429
2.010118
2.010660
2.011051
2.011286
2.011363
2.011283
2.011047
2.010661
2.010133
2.009469
2.008683
2.007784
2.006788
2.005709
2.004564
2.003368
2.002139
2.000894
1.999652
1.998428
1.997240
1.996103
1.995033
1.994042
1.993145
1.992352
1.991672
1.991114
1.990683
1.990383
1.990218
1.990187
1.990290
1.990522
1.990880
1.991356
1.991943
1.992631
1.993410
1.994267
1.995191
1.996166
1.997180
1.998218
1.999266
2.000307
2.001331
2.002320
2.003264
2.004148
2.004964
2.005698
2.006345
2.006893
2.007340
2.007678
2.007907
2.008023
2.008029
2.007924
2.007713
2.007399
2.006990
2.006492
2.005916
2.005267
2.004559
2.003801
2.003006
2.002183
2.001347
2.000507
1.999677
1.998867
1.998089
1.997351
1.996664
1.996036
1.995475
1.994986
1.994576
1.994247
1.994005
1.993848
1.993779
1.993796
1.993898
1.994080
1.994341
1.994672
1.995070
1.995526
1.996035
1.996587
1.997174
1.997787
1.998418
1.999057
1.999696
2.000324
2.000936
2.001521
2.002074
2.002585
2.003051
2.003464
2.003822
2.004119
2.004354
2.004524
2.004629
2.004668
2.004643
2.004556
2.004409
2.004205
2.003950
2.003647
2.003303
2.002921
2.002511
2.002076
2.001626
2.001164
2.000700
2.000237
1.999785
1.999347
1.998931
1.998540
1.998181
1.997856
1.997570
1.997325
1.997124
1.996968
1.996859
1.996795
1.996778
1.996806
1.996877
1.996989
1.997141
1.997327
1.997545
1.997791
1.998061
1.998349
1.998654
1.998967
1.999287
1.999608
1.999925
2.000234
2.000532
2.000814
2.001077
2.001318
2.001535
2.001724
2.001885
2.002014
2.002114
2.002181
2.002218
2.002223
2.002198
2.002144
2.002063
2.001956
2.001827
2.001677
2.001510
2.001327
2.001134
2.000930
2.000722
2.000510
2.000300
2.000092
1.999891
1.999697
1.999516
1.999347
1.999194
1.999057
1.998938
1.998838
1.998759
1.998699
1.998660
1.998640
1.998641
1.998661
1.998699
1.998753
1.998824
1.998908
1.999005
1.999112
1.999229
1.999352
1.999480
1.999611
1.999743
1.999874
2.000002
2.000126
2.000244
2.000355
2.000457
2.000549
2.000631
2.000701
2.000760
2.000806
2.000840
2.000860
2.000869
2.000866
2.000851
2.000826
2.000790
2.000745
2.000692
2.000632
2.000566
2.000494
2.000419
2.000342
2.000263
2.000184
2.000106
2.000030
1.999957
1.999887
1.999822
1.999763
1.999710
1.999662
1.999622
1.999589
1.999564
1.999545
1.999534
1.999530
1.999533
1.999542
1.999558
1.999579
1.999606
1.999637
1.999672
1.999710
1.999751
1.999793
1.999837
1.999882
1.999926
1.999970
2.000012
2.000052
2.000091
2.000126
2.000158
2.000187
2.000212
2.000233
2.000251
2.000264
2.000273
2.000278
2.000279
2.000276
2.000270
2.000260
2.000248
2.000232
2.000215
2.000195
2.000173
2.000151
2.000127
2.000103
2.000079
2.000055
2.000031
2.000008
1.999986
1.999966
1.999947
1.999930
1.999915
1.999902
1.999891
1.999882
1.999875
1.999870
1.999868
1.999868
1.999869
1.999873
1.999878
1.999884
1.999892
1.999902
1.999912
1.999923
1.999935
1.999947
1.999959
1.999971
1.999983
1.999995
2.000006
2.000017
2.000027
2.000036
2.000045
2.000052
2.000058
2.000063
2.000068
2.000070
2.000072
2.000073
2.000073
2.000072
2.000070
2.000067
2.000063
2.000059
2.000054
2.000049
2.000044
2.000038
2.000032
2.000025
2.000019
2.000013
2.000007
2.000002
1.999997
1.999992
1.999987
1.999983
1.999980
1.999977
1.999974
1.999972
1.999971
1.999970
1.999970
1.999970
1.999970
1.999971
1.999972
1.999974
1.999976
1.999978
1.999981
1.999983
1.999986
1.999989
1.999992
1.999994
1.999997
2.000000
2.000002
2.000004
2.000007
2.000009
2.000010
2.000012
2.000013
2.000014
2.000015
2.000015
2.000016
2.000016
2.000016
2.000015
2.000015
2.000014
2.000013
2.000012
2.000011
2.000010
2.000009
2.000008
2.000006
2.000005
2.000004
2.000003
2.000001
2.000000
1.999999
1.999998
1.999997
1.999997
1.999996
1.999995
1.999995
1.999995
1.999994
1.999994
1.999994
1.999994
1.999994
1.999995
1.999995
1.999995
1.999996
1.999996
1.999997
1.999997
1.999998
1.999998
1.999999
1.999999
2.000000
2.000000
2.000001
2.000001
2.000001
2.000002
2.000002
2.000002
2.000002
2.000003
2.000003
2.000003
2.000003
2.000003
2.000003
2.000003
2.000003
2.000002
2.000002
2.000002
2.000002
2.000002
2.000001
2.000001
2.000001
2.000001
2.000001
2.000000
2.000000
2.000000
2.000000
2.000000
2.000000
1.999999
1.999999
1.999999
1.999999
1.999999
1.999999
1.999999
1.999999
1.999999
1.999999
1.999999
1.999999
1.999999
1.999999
1.999999
2.000000
2.000000
2.000000
2.000000
2.000000
2.000000
2.000000
2.000000
2.000000
2.000000
2.000000
2.000000
2.000000
2.000000
2.000000
2.000000
2.000000
2.000000
2.000000
2.000000
2.000000
2.000000
2.000000
2.000000
2.000000
2.000000
2.000000
2.000000
2.000000
2.000000
2.000000
2.000000
2.000000
2.000000
2.000000
2.000000
2.000000
2.000000
2.000000
2.000000
2.000000
2.000000
2.000000
2.000000
2.000000
2.000000
2.000000
2.000000
2.000000
2.000000
2.000000
2.000000
2.000000
2.000000
2.000000
2.000000
2.000000
2.000000
2.000000
2.000000
2.000000
2.000000
2.000000
2.000000
2.000000
2.000000
2.000000
2.000000
2.000000
2.000000
2.000000
2.000000
2.000000
2.000000
2.000000
2.000000
2.000000
2.000000
2.000000
2.000000
2.000000
2.000000
2.000000
2.000000
2.000000
2.000000
2.000000
2.000000
2.000000
2.000000
2.000000
2.000000
2.000000
2.000000
2.000000
2.000000
2.000000
2.000000
2.000000
2.000000
2.000000
2.000000
2.000000
2.000000
2.000000
2.000000
2.000000
2.000000
2.000000
2.000000
2.000000
2.000000
2.000000
2.000000
2.000000
2.000000
2.000000
2.000000
2.000000
2.000000
2.000000
2.000000
2.000000
2.000000
2.000000
2.000000
2.000000
2.000000
2.000000
2.000000
2.000000
2.000000
2.000000
2.000000
2.000000
2.000000
2.000000
2.000000
2.000000
2.000000
2.000000
2.000000
2.000000
2.000000
2.000000
2.000000
2.000000
2.000000
2.000000
2.000000
2.000000
2.000000
2.000000
2.000000
2.000000
2.000000
2.000000
2.000000
2.000000
2.000000
2.000000
2.000000
2.000000
2.000000
2.000000
2.000000
2.000000
2.000000
2.000000
2.000000
2.000000
2.000000
2.000000
2.000000
2.000000
2.000000
2.000000
2.000000
2.000000
2.000000
2.000000
2.000000
2.000000
2.000000
2.000000
2.000000
2.000000
2.000000
2.000000
2.000000
2.000000
2.000000
2.000000
2.000000
2.000000
2.000000
2.000000
2.000000
2.000000
2.000000
2.000000
2.000000
2.000000
2.000000
2.000000
2.000000
2.000000
2.000000
2.000000
2.000000
2.000000
2.000000
2.000000
2.000000
2.000000
2.000000
2.000000
2.000000
2.000000
2.000000
2.000000
2.000000
2.000000
2.000000
2.000000
2.000000
2.000000
2.000000
2.000000
2.000000
2.000000
2.000000
2.000000
2.000000
2.000000
2.000000
2.000000
2.000000
2.000000
2.000000
2.000000
2.000000
2.000000
2.000000
2.000000
2.000000
2.000000
2.000000
2.000000
2.000000
2.000000
2.000000
2.000000
2.000000
2.000000
2.000000
2.000000
2.000000
2.000000
2.000000
2.000000
2.000000
2.000000
2.000000
2.000000
2.000000
2.000000
2.000000
2.000000
2.000000
2.000000
2.000000
2.000000
2.000000
2.000000
2.000000
2.000000
2.000000
2.000000
2.000000
2.000000
2.000000
2.000000
2.000000
2.000000
2.000000
2.000000
2.000000
2.000000
2.000000
2.000000
2.000000
2.000000
2.000000
2.000000
2.000000
2.000000
2.000000
2.000000
2.000000
2.000000
2.000000
2.000000
2.000000
2.000000
2.000000
2.000000
2.000000
2.000000
2.000000
2.000000
2.000000
2.000000
2.000000
2.000000
2.000000
2.000000
2.000000
2.000000
2.000000
2.000000
2.000000
2.000000
2.000000
2.000000
2.000000
2.000000
2.000000
2.000000
2.000000
2.000000
2.000000
2.000000
2.000000
2.000000
2.000000
2.000000
2.000000
2.000000
2.000000
2.000000
2.000000
2.000000
2.000000
2.000000
2.000000
2.000000
2.000000
2.000000
2.000000
2.000000
2.000000
2.000000
2.000000
2.000000
2.000000
2.000000
2.000000
2.000000
2.000000
2.000000
2.000000
2.000000
2.000000
2.000000
2.000000
2.000000
2.000000
2.000000
2.000000
2.000000
2.000000
2.000000
2.000000
2.000000
2.000000
2.000000
2.000000
2.000000
2.000000
2.000000
2.000000
2.000000
2.000000
2.000000
2.000000
2.000000
2.000000
2.000000
2.000000
2.000000
2.000000
2.000000
2.000000
2.000000
2.000000
2.000000
2.000000
2.000000
2.000000
2.000000
2.000000
2.000000
2.000000
2.000000
2.000000
2.000000
2.000000
2.000000
2.000000
2.000000
2.000000
2.000000
2.000000
2.000000
2.000000
2.000000
2.000000
2.000000
2.000000
2.000000
2.000000
2.000000
2.000000
2.000000
2.000000
2.000000
2.000000
2.000000
2.000000
2.000000
2.000000
2.000000
2.000000
2.000000
2.000000
2.000000
2.000000
2.000000
2.000000
2.000000
2.000000
2.000000
2.000000
2.000000
2.000000
2.000000
2.000000
2.000000
2.000000
2.000000
2.000000
2.000000
2.000000
2.000000
2.000000
2.000000
2.000000
2.000000
2.000000
2.000000
2.000000
2.000000
2.000000
2.000000
2.000000
2.000000
2.000000
2.000000
