1.999991
1.999864
1.999803
1.999803
1.999864
1.999991
2.000134
2.000304
2.000460
2.000617
2.000743
2.000857
2.000933
2.000993
2.001015
2.001024
2.000998
2.000963
2.000900
2.000833
2.000743
2.000652
2.000544
2.000439
2.000321
2.000208
2.000085
1.999971
1.999851
1.999740
1.999627
1.999527
1.999426
1.999340
1.999258
1.999191
1.999131
1.999087
1.999051
1.999034
1.999024
1.999033
1.999051
1.999085
1.999128
1.999187
1.999252
1.999331
1.999415
1.999510
1.999607
1.999713
1.999818
1.999928
2.000036
2.000145
2.000248
2.000350
2.000443
2.000532
2.000611
2.000683
2.000742
2.000793
2.000831
2.000858
2.000872
2.000875
2.000865
2.000844
2.000810
2.000767
2.000712
2.000649
2.000577
2.000499
2.000413
2.000324
2.000231
2.000135
2.000039
1.999943
1.999849
1.999759
1.999672
1.999591
1.999517
1.999450
1.999392
1.999342
1.999302
1.999273
1.999253
1.999244
1.999246
1.999257
1.999279
1.999311
1.999351
1.999400
1.999456
1.999519
1.999588
1.999661
1.999738
1.999817
1.999898
1.999979
2.000059
2.000137
2.000212
2.000283
2.000349
2.000409
2.000463
2.000509
2.000548
2.000578
2.000600
2.000614
2.000618
2.000614
2.000602
2.000582
2.000554
2.000519
2.000477
2.000430
2.000377
2.000321
2.000261
2.000198
2.000134
2.000069
2.000004
1.999941
1.999880
1.999821
1.999766
1.999716
1.999670
1.999630
1.999595
1.999567
1.999545
1.999530
1.999522
1.999521
1.999526
1.999538
1.999555
1.999579
1.999608
1.999641
1.999679
1.999721
1.999765
1.999812
1.999860
1.999909
1.999959
2.000008
2.000056
2.000102
2.000145
2.000186
2.000223
2.000256
2.000285
2.000309
2.000329
2.000344
2.000353
2.000358
2.000357
2.000352
2.000342
2.000327
2.000309
2.000286
2.000261
2.000232
2.000201
2.000168
2.000133
2.000098
2.000062
2.000027
1.999991
1.999957
1.999925
1.999894
1.999866
1.999840
1.999817
1.999798
1.999782
1.999769
1.999760
1.999754
1.999752
1.999753
1.999758
1.999766
1.999777
1.999791
1.999808
1.999826
1.999847
1.999869
1.999892
1.999916
1.999941
1.999966
1.999990
2.000014
2.000037
2.000059
2.000080
2.000098
2.000115
2.000130
2.000143
2.000153
2.000161
2.000166
2.000169
2.000170
2.000168
2.000164
2.000158
2.000150
2.000140
2.000129
2.000116
2.000102
2.000087
2.000072
2.000056
2.000039
2.000023
2.000007
1.999992
1.999977
1.999963
1.999950
1.999938
1.999927
1.999918
1.999911
1.999904
1.999900
1.999897
1.999895
1.999895
1.999897
1.999900
1.999904
1.999910
1.999916
1.999924
1.999932
1.999941
1.999950
1.999960
1.999970
1.999981
1.999991
2.000000
2.000010
2.000019
2.000027
2.000035
2.000042
2.000048
2.000054
2.000058
2.000062
2.000064
2.000066
2.000066
2.000066
2.000065
2.000063
2.000060
2.000056
2.000052
2.000047
2.000042
2.000037
2.000031
2.000025
2.000019
2.000013
2.000007
2.000001
1.999995
1.999990
1.999985
1.999981
1.999977
1.999973
1.999970
1.999968
1.999966
1.999965
1.999964
1.999964
1.999964
1.999965
1.999966
1.999968
1.999970
1.999973
1.999975
1.999978
1.999982
1.999985
1.999988
1.999992
1.999995
1.999998
2.000002
2.000005
2.000008
2.000010
2.000013
2.000015
2.000017
2.000018
2.000019
2.000020
2.000021
2.000021
2.000021
2.000021
2.000020
2.000019
2.000018
2.000017
2.000016
2.000014
2.000012
2.000011
2.000009
2.000007
2.000005
2.000003
2.000002
2.000000
1.999998
1.999997
1.999995
1.999994
1.999993
1.999992
1.999991
1.999991
1.999990
1.999990
1.999990
1.999990
1.999990
1.999990
1.999991
1.999991
1.999992
1.999993
1.999994
1.999994
1.999995
1.999996
1.999997
1.999998
1.999999
2.000000
2.000001
2.000002
2.000002
2.000003
2.000004
2.000004
2.000005
2.000005
2.000005
2.000005
2.000005
2.000006
2.000005
2.000005
2.000005
2.000005
2.000005
2.000004
2.000004
2.000003
2.000003
2.000003
2.000002
2.000002
2.000001
2.000001
2.000000
2.000000
1.999999
1.999999
1.999999
1.999999
1.999998
1.999998
1.999998
1.999998
1.999998
1.999998
1.999998
1.999998
1.999998
1.999998
1.999998
1.999998
1.999998
1.999998
1.999999
1.999999
1.999999
1.999999
1.999999
2.000000
2.000000
2.000000
2.000000
2.000000
2.000001
2.000001
2.000001
2.000001
2.000001
2.000001
2.000001
2.000001
2.000001
2.000001
2.000001
2.000001
2.000001
2.000001
2.000001
2.000001
2.000001
2.000001
2.000001
2.000000
2.000000
2.000000
2.000000
2.000000
2.000000
2.000000
2.000000
2.000000
2.000000
2.000000
2.000000
2.000000
2.000000
2.000000
2.000000
2.000000
2.000000
2.000000
2.000000
2.000000
2.000000
2.000000
2.000000
2.000000
2.000000
2.000000
2.000000
2.000000
2.000000
2.000000
2.000000
2.000000
2.000000
2.000000
2.000000
2.000000
2.000000
2.000000
2.000000
2.000000
2.000000
2.000000
2.000000
2.000000
2.000000
2.000000
2.000000
2.000000
2.000000
2.000000
2.000000
2.000000
2.000000
2.000000
2.000000
2.000000
2.000000
2.000000
2.000000
2.000000
2.000000
2.000000
2.000000
2.000000
2.000000
2.000000
2.000000
2.000000
2.000000
2.000000
2.000000
2.000000
2.000000
2.000000
2.000000
2.000000
2.000000
2.000000
2.000000
2.000000
2.000000
2.000000
2.000000
2.000000
2.000000
2.000000
2.000000
2.000000
2.000000
2.000000
2.000000
2.000000
2.000000
2.000000
2.000000
2.000000
2.000000
2.000000
2.000000
2.000000
2.000000
2.000000
2.000000
2.000000
2.000000
2.000000
2.000000
2.000000
2.000000
2.000000
2.000000
2.000000
2.000000
2.000000
2.000000
2.000000
2.000000
2.000000
2.000000
2.000000
2.000000
2.000000
2.000000
2.000000
2.000000
2.000000
2.000000
2.000000
2.000000
2.000000
2.000000
2.000000
2.000000
2.000000
2.000000
2.000000
2.000000
2.000000
2.000000
2.000000
2.000000
2.000000
2.000000
2.000000
2.000000
2.000000
2.000000
2.000000
2.000000
2.000000
2.000000
2.000000
2.000000
2.000000
2.000000
2.000000
2.000000
2.000000
2.000000
2.000000
2.000000
2.000000
2.000000
2.000000
2.000000
2.000000
2.000000
2.000000
2.000000
2.000000
2.000000
2.000000
2.000000
2.000000
2.000000
2.000000
2.000000
2.000000
2.000000
2.000000
2.000000
2.000000
2.000000
2.000000
2.000000
2.000000
2.000000
2.000000
2.000000
2.000000
2.000000
2.000000
2.000000
2.000000
2.000000
2.000000
2.000000
2.000000
2.000000
2.000000
2.000000
2.000000
2.000000
2.000000
2.000000
2.000000
2.000000
2.000000
2.000000
2.000000
2.000000
2.000000
2.000000
2.000000
2.000000
2.000000
2.000000
2.000000
2.000000
2.000000
2.000000
2.000000
2.000000
2.000000
2.000000
2.000000
2.000000
2.000000
2.000000
2.000000
2.000000
2.000000
2.000000
2.000000
2.000000
2.000000
2.000000
2.000000
2.000000
2.000000
2.000000
2.000000
2.000000
2.000000
2.000000
2.000000
2.000000
2.000000
2.000000
2.000000
2.000000
2.000000
2.000000
2.000000
2.000000
2.000000
2.000000
2.000000
2.000000
2.000000
2.000000
2.000000
2.000000
2.000000
2.000000
2.000000
2.000000
2.000000
2.000000
2.000000
2.000000
2.000000
2.000000
2.000000
2.000000
2.000000
2.000000
2.000000
2.000000
2.000000
2.000000
2.000000
2.000000
2.000000
2.000000
2.000000
2.000000
2.000000
2.000000
2.000000
2.000000
2.000000
2.000000
2.000000
2.000000
2.000000
2.000000
2.000000
2.000000
2.000000
2.000000
2.000000
2.000000
2.000000
2.000000
2.000000
2.000000
2.000000
2.000000
2.000000
2.000000
2.000000
2.000000
2.000000
2.000000
2.000000
2.000000
2.000000
2.000000
2.000000
2.000000
2.000000
2.000000
2.000000
2.000000
2.000000
2.000000
2.000000
2.000000
2.000000
2.000000
2.000000
2.000000
2.000000
2.000000
2.000000
2.000000
2.000000
2.000000
2.000000
2.000000
2.000000
2.000000
2.000000
2.000000
2.000000
2.000000
2.000000
2.000000
2.000000
2.000000
2.000000
2.000000
2.000000
2.000000
2.000000
2.000000
2.000000
2.000000
2.000000
2.000000
2.000000
2.000000
2.000000
2.000000
2.000000
2.000000
2.000000
2.000000
2.000000
2.000000
2.000000
2.000000
2.000000
2.000000
2.000000
2.000000
2.000000
2.000000
2.000000
2.000000
2.000000
2.000000
2.000000
2.000000
2.000000
2.000000
2.000000
2.000000
2.000000
2.000000
2.000000
2.000000
2.000000
2.000000
2.000000
2.000000
2.000000
2.000000
2.000000
2.000000
2.000000
2.000000
2.000000
2.000000
2.000000
2.000000
2.000000
2.000000
2.000000
2.000000
2.000000
2.000000
2.000000
2.000000
2.000000
2.000000
2.000000
2.000000
2.000000
2.000000
2.000000
2.000000
2.000000
2.000000
2.000000
2.000000
2.000000
2.000000
2.000000
2.000000
2.000000
2.000000
2.000000
2.000000
2.000000
2.000000
2.000000
2.000000
2.000000
2.000000
2.000000
2.000000
2.000000
2.000000
2.000000
2.000000
2.000000
2.000000
2.000000
2.000000
2.000000
2.000000
2.000000
2.000000
2.000000
2.000000
2.000000
2.000000
2.000000
2.000000
2.000000
2.000000
2.000000
2.000000
2.000000
2.000000
2.000000
2.000000
2.000000
2.000000
2.000000
2.000000
2.000000
2.000000
2.000000
2.000000
2.000000
2.000000
2.000000
2.000000
2.000000
2.000000
2.000000
2.000000
2.000000
2.000000
2.000000
2.000000
2.000000
2.000000
2.000000
2.000000
2.000000
2.000000
2.000000
2.000000
2.000000
2.000000
2.000000
2.000000
2.000000
2.000000
2.000000
2.000000
2.000000
2.000000
2.000000
2.000000
2.000000
2.000000
2.000000
2.000000
2.000000
2.000000
2.000000
2.000000
2.000000
2.000000
2.000000
2.000000
2.000000
2.000000
2.000000
2.000000
2.000000
2.000000
2.000000
2.000000
2.000000
2.000000
2.000000
2.000000
2.000000
2.000000
2.000000
2.000000
2.000000
2.000000
2.000000
2.000000
2.000000
2.000000
2.000000
2.000000
2.000000
2.000000
2.000000
