2.000793
2.000276
1.999984
1.999984
2.000276
2.000793
2.001483
2.002288
2.003161
2.004052
2.004925
2.005738
2.006464
2.007073
2.007549
2.007870
2.008031
2.008020
2.007840
2.007489
2.006978
2.006312
2.005507
2.004577
2.003541
2.002415
2.001225
1.999987
1.998728
1.997466
1.996225
1.995025
1.993887
1.992828
1.991866
1.991015
1.990290
1.989700
1.989255
1.988960
1.988821
1.988837
1.989009
1.989332
1.989803
1.990413
1.991153
1.992011
1.992976
1.994032
1.995165
1.996357
1.997592
1.998853
2.000120
2.001377
2.002606
2.003790
2.004912
2.005959
2.006914
2.007767
2.008504
2.009119
2.009602
2.009948
2.010153
2.010217
2.010139
2.009922
2.009570
2.009089
2.008488
2.007776
2.006964
2.006066
2.005092
2.004061
2.002983
2.001878
2.000758
1.999642
1.998542
1.997476
1.996456
1.995497
1.994609
1.993807
1.993098
1.992492
1.991995
1.991613
1.991349
1.991206
1.991184
1.991282
1.991496
1.991823
1.992256
1.992789
1.993411
1.994115
1.994889
1.995722
1.996601
1.997514
1.998448
1.999390
2.000326
2.001245
2.002132
2.002979
2.003771
2.004500
2.005156
2.005733
2.006220
2.006617
2.006915
2.007115
2.007214
2.007213
2.007112
2.006917
2.006629
2.006257
2.005804
2.005281
2.004694
2.004055
2.003370
2.002653
2.001912
2.001160
2.000405
1.999660
1.998933
1.998236
1.997574
1.996961
1.996400
1.995900
1.995465
1.995102
1.994812
1.994599
1.994464
1.994408
1.994428
1.994526
1.994695
1.994934
1.995236
1.995599
1.996012
1.996473
1.996971
1.997502
1.998054
1.998623
1.999197
1.999771
2.000335
2.000884
2.001407
2.001902
2.002358
2.002774
2.003141
2.003458
2.003720
2.003927
2.004075
2.004164
2.004194
2.004167
2.004083
2.003947
2.003759
2.003526
2.003250
2.002937
2.002592
2.002221
2.001828
2.001422
2.001006
2.000589
2.000174
1.999768
1.999376
1.999004
1.998655
1.998335
1.998046
1.997793
1.997576
1.997400
1.997263
1.997169
1.997116
1.997105
1.997134
1.997202
1.997306
1.997446
1.997616
1.997815
1.998038
1.998283
1.998544
1.998818
1.999101
1.999389
1.999677
1.999962
2.000239
2.000505
2.000757
2.000992
2.001206
2.001398
2.001565
2.001707
2.001820
2.001907
2.001964
2.001994
2.001995
2.001970
2.001918
2.001843
2.001745
2.001627
2.001490
2.001338
2.001172
2.000997
2.000813
2.000625
2.000435
2.000246
2.000060
1.999880
1.999707
1.999545
1.999395
1.999259
1.999138
1.999033
1.998946
1.998876
1.998825
1.998792
1.998777
1.998780
1.998799
1.998836
1.998886
1.998952
1.999029
1.999118
1.999215
1.999321
1.999432
1.999547
1.999665
1.999784
1.999901
2.000016
2.000127
2.000233
2.000331
2.000422
2.000503
2.000576
2.000637
2.000688
2.000728
2.000757
2.000774
2.000781
2.000776
2.000762
2.000737
2.000704
2.000662
2.000614
2.000559
2.000499
2.000434
2.000366
2.000296
2.000226
2.000155
2.000085
2.000016
1.999951
1.999889
1.999832
1.999779
1.999732
1.999691
1.999656
1.999627
1.999605
1.999589
1.999580
1.999578
1.999581
1.999590
1.999605
1.999625
1.999650
1.999678
1.999710
1.999745
1.999782
1.999820
1.999860
1.999900
1.999940
1.999978
2.000016
2.000052
2.000086
2.000118
2.000146
2.000172
2.000194
2.000212
2.000227
2.000238
2.000246
2.000249
2.000250
2.000247
2.000241
2.000232
2.000220
2.000206
2.000190
2.000172
2.000152
2.000132
2.000110
2.000089
2.000067
2.000045
2.000024
2.000004
1.999984
1.999966
1.999950
1.999934
1.999921
1.999910
1.999900
1.999892
1.999887
1.999883
1.999881
1.999881
1.999883
1.999886
1.999891
1.999897
1.999905
1.999913
1.999923
1.999933
1.999943
1.999954
1.999965
1.999976
1.999987
1.999997
2.000007
2.000017
2.000026
2.000034
2.000041
2.000048
2.000053
2.000058
2.000061
2.000064
2.000065
2.000066
2.000065
2.000064
2.000062
2.000060
2.000056
2.000052
2.000048
2.000043
2.000038
2.000033
2.000027
2.000022
2.000016
2.000011
2.000006
2.000001
1.999996
1.999992
1.999988
1.999984
1.999981
1.999979
1.999976
1.999975
1.999974
1.999973
1.999973
1.999973
1.999973
1.999974
1.999976
1.999977
1.999979
1.999981
1.999983
1.999985
1.999988
1.999990
1.999993
1.999995
1.999998
2.000000
2.000002
2.000004
2.000006
2.000008
2.000010
2.000011
2.000012
2.000013
2.000013
2.000014
2.000014
2.000014
2.000014
2.000014
2.000013
2.000012
2.000012
2.000011
2.000010
2.000009
2.000008
2.000007
2.000005
2.000004
2.000003
2.000002
2.000001
2.000000
1.999999
1.999998
1.999998
1.999997
1.999996
1.999996
1.999995
1.999995
1.999995
1.999995
1.999995
1.999995
1.999995
1.999995
1.999996
1.999996
1.999996
1.999997
1.999997
1.999997
1.999998
1.999998
1.999999
1.999999
2.000000
2.000000
2.000001
2.000001
2.000001
2.000002
2.000002
2.000002
2.000002
2.000002
2.000002
2.000002
2.000002
2.000002
2.000002
2.000002
2.000002
2.000002
2.000002
2.000002
2.000002
2.000001
2.000001
2.000001
2.000001
2.000001
2.000001
2.000000
2.000000
2.000000
2.000000
2.000000
2.000000
2.000000
1.999999
1.999999
1.999999
1.999999
1.999999
1.999999
1.999999
1.999999
1.999999
1.999999
1.999999
1.999999
1.999999
2.000000
2.000000
2.000000
2.000000
2.000000
2.000000
2.000000
2.000000
2.000000
2.000000
2.000000
2.000000
2.000000
2.000000
2.000000
2.000000
2.000000
2.000000
2.000000
2.000000
2.000000
2.000000
2.000000
2.000000
2.000000
2.000000
2.000000
2.000000
2.000000
2.000000
2.000000
2.000000
2.000000
2.000000
2.000000
2.000000
2.000000
2.000000
2.000000
2.000000
2.000000
2.000000
2.000000
2.000000
2.000000
2.000000
2.000000
2.000000
2.000000
2.000000
2.000000
2.000000
2.000000
2.000000
2.000000
2.000000
2.000000
2.000000
2.000000
2.000000
2.000000
2.000000
2.000000
2.000000
2.000000
2.000000
2.000000
2.000000
2.000000
2.000000
2.000000
2.000000
2.000000
2.000000
2.000000
2.000000
2.000000
2.000000
2.000000
2.000000
2.000000
2.000000
2.000000
2.000000
2.000000
2.000000
2.000000
2.000000
2.000000
2.000000
2.000000
2.000000
2.000000
2.000000
2.000000
2.000000
2.000000
2.000000
2.000000
2.000000
2.000000
2.000000
2.000000
2.000000
2.000000
2.000000
2.000000
2.000000
2.000000
2.000000
2.000000
2.000000
2.000000
2.000000
2.000000
2.000000
2.000000
2.000000
2.000000
2.000000
2.000000
2.000000
2.000000
2.000000
2.000000
2.000000
2.000000
2.000000
2.000000
2.000000
2.000000
2.000000
2.000000
2.000000
2.000000
2.000000
2.000000
2.000000
2.000000
2.000000
2.000000
2.000000
2.000000
2.000000
2.000000
2.000000
2.000000
2.000000
2.000000
2.000000
2.000000
2.000000
2.000000
2.000000
2.000000
2.000000
2.000000
2.000000
2.000000
2.000000
2.000000
2.000000
2.000000
2.000000
2.000000
2.000000
2.000000
2.000000
2.000000
2.000000
2.000000
2.000000
2.000000
2.000000
2.000000
2.000000
2.000000
2.000000
2.000000
2.000000
2.000000
2.000000
2.000000
2.000000
2.000000
2.000000
2.000000
2.000000
2.000000
2.000000
2.000000
2.000000
2.000000
2.000000
2.000000
2.000000
2.000000
2.000000
2.000000
2.000000
2.000000
2.000000
2.000000
2.000000
2.000000
2.000000
2.000000
2.000000
2.000000
2.000000
2.000000
2.000000
2.000000
2.000000
2.000000
2.000000
2.000000
2.000000
2.000000
2.000000
2.000000
2.000000
2.000000
2.000000
2.000000
2.000000
2.000000
2.000000
2.000000
2.000000
2.000000
2.000000
2.000000
2.000000
2.000000
2.000000
2.000000
2.000000
2.000000
2.000000
2.000000
2.000000
2.000000
2.000000
2.000000
2.000000
2.000000
2.000000
2.000000
2.000000
2.000000
2.000000
2.000000
2.000000
2.000000
2.000000
2.000000
2.000000
2.000000
2.000000
2.000000
2.000000
2.000000
2.000000
2.000000
2.000000
2.000000
2.000000
2.000000
2.000000
2.000000
2.000000
2.000000
2.000000
2.000000
2.000000
2.000000
2.000000
2.000000
2.000000
2.000000
2.000000
2.000000
2.000000
2.000000
2.000000
2.000000
2.000000
2.000000
2.000000
2.000000
2.000000
2.000000
2.000000
2.000000
2.000000
2.000000
2.000000
2.000000
2.000000
2.000000
2.000000
2.000000
2.000000
2.000000
2.000000
2.000000
2.000000
2.000000
2.000000
2.000000
2.000000
2.000000
2.000000
2.000000
2.000000
2.000000
2.000000
2.000000
2.000000
2.000000
2.000000
2.000000
2.000000
2.000000
2.000000
2.000000
2.000000
2.000000
2.000000
2.000000
2.000000
2.000000
2.000000
2.000000
2.000000
2.000000
2.000000
2.000000
2.000000
2.000000
2.000000
2.000000
2.000000
2.000000
2.000000
2.000000
2.000000
2.000000
2.000000
2.000000
2.000000
2.000000
2.000000
2.000000
2.000000
2.000000
2.000000
2.000000
2.000000
2.000000
2.000000
2.000000
2.000000
2.000000
2.000000
2.000000
2.000000
2.000000
2.000000
2.000000
2.000000
2.000000
2.000000
2.000000
2.000000
2.000000
2.000000
2.000000
2.000000
2.000000
2.000000
2.000000
2.000000
2.000000
2.000000
2.000000
2.000000
2.000000
2.000000
2.000000
2.000000
2.000000
2.000000
2.000000
2.000000
2.000000
2.000000
2.000000
2.000000
2.000000
2.000000
2.000000
2.000000
2.000000
2.000000
2.000000
2.000000
2.000000
2.000000
2.000000
2.000000
2.000000
2.000000
2.000000
2.000000
2.000000
2.000000
2.000000
2.000000
2.000000
2.000000
2.000000
2.000000
2.000000
2.000000
2.000000
2.000000
2.000000
2.000000
2.000000
2.000000
2.000000
2.000000
2.000000
2.000000
2.000000
2.000000
2.000000
2.000000
2.000000
2.000000
2.000000
2.000000
2.000000
2.000000
2.000000
2.000000
2.000000
2.000000
2.000000
2.000000
2.000000
2.000000
2.000000
2.000000
2.000000
2.000000
2.000000
2.000000
2.000000
2.000000
2.000000
2.000000
2.000000
2.000000
2.000000
2.000000
2.000000
2.000000
