2.001966
2.001288
2.000897
2.000897
2.001288
2.001966
2.002880
2.003933
2.005081
2.006236
2.007366
2.008394
2.009298
2.010015
2.010538
2.010816
2.010853
2.010616
2.010121
2.009347
2.008323
2.007039
2.005537
2.003816
2.001925
1.999873
1.997715
1.995465
1.993182
1.990883
1.988627
1.986431
1.984353
1.982407
1.980649
1.979086
1.977767
1.976696
1.975911
1.975409
1.975219
1.975329
1.975760
1.976489
1.977528
1.978845
1.980444
1.982284
1.984360
1.986626
1.989071
1.991643
1.994324
1.997062
1.999836
2.002591
2.005308
2.007931
2.010443
2.012794
2.014968
2.016921
2.018642
2.020094
2.021275
2.022154
2.022736
2.023000
2.022961
2.022605
2.021956
2.021008
2.019794
2.018316
2.016612
2.014691
2.012599
2.010349
2.007990
2.005538
2.003045
2.000528
1.998037
1.995592
1.993240
1.990996
1.988905
1.986979
1.985257
1.983745
1.982476
1.981448
1.980689
1.980190
1.979969
1.980011
1.980327
1.980895
1.981718
1.982768
1.984041
1.985503
1.987146
1.988932
1.990848
1.992853
1.994931
1.997041
1.999167
2.001266
2.003324
2.005300
2.007182
2.008932
2.010541
2.011978
2.013237
2.014292
2.015144
2.015773
2.016184
2.016366
2.016330
2.016069
2.015601
2.014926
2.014066
2.013027
2.011836
2.010501
2.009054
2.007506
2.005890
2.004220
2.002528
2.000829
1.999157
1.997522
1.995957
1.994472
1.993095
1.991834
1.990712
1.989734
1.988918
1.988263
1.987785
1.987477
1.987349
1.987390
1.987606
1.987980
1.988513
1.989187
1.989997
1.990921
1.991954
1.993070
1.994260
1.995499
1.996778
1.998069
1.999363
2.000635
2.001875
2.003060
2.004183
2.005221
2.006171
2.007013
2.007747
2.008357
2.008846
2.009202
2.009430
2.009523
2.009491
2.009330
2.009051
2.008655
2.008157
2.007559
2.006878
2.006120
2.005302
2.004432
2.003529
2.002599
2.001662
2.000725
1.999808
1.998915
1.998064
1.997261
1.996520
1.995844
1.995247
1.994728
1.994299
1.993957
1.993710
1.993554
1.993493
1.993520
1.993639
1.993839
1.994120
1.994472
1.994893
1.995370
1.995900
1.996469
1.997074
1.997700
1.998343
1.998989
1.999634
2.000264
2.000876
2.001457
2.002005
2.002509
2.002968
2.003373
2.003723
2.004012
2.004241
2.004405
2.004509
2.004547
2.004527
2.004445
2.004309
2.004119
2.003882
2.003600
2.003281
2.002928
2.002549
2.002148
2.001734
2.001310
2.000884
2.000461
2.000048
1.999648
1.999269
1.998912
1.998584
1.998287
1.998026
1.997800
1.997614
1.997467
1.997362
1.997296
1.997272
1.997285
1.997337
1.997424
1.997545
1.997695
1.997873
1.998074
1.998296
1.998533
1.998784
1.999043
1.999307
1.999572
1.999834
2.000090
2.000337
2.000570
2.000790
2.000990
2.001172
2.001331
2.001468
2.001579
2.001668
2.001730
2.001768
2.001781
2.001771
2.001737
2.001683
2.001608
2.001516
2.001407
2.001285
2.001150
2.001006
2.000854
2.000699
2.000540
2.000381
2.000224
2.000072
1.999924
1.999786
1.999655
1.999536
1.999429
1.999335
1.999254
1.999188
1.999135
1.999098
1.999075
1.999067
1.999072
1.999090
1.999121
1.999163
1.999215
1.999276
1.999345
1.999421
1.999502
1.999587
1.999675
1.999764
1.999852
1.999940
2.000025
2.000106
2.000183
2.000255
2.000320
2.000379
2.000430
2.000474
2.000510
2.000538
2.000557
2.000569
2.000572
2.000568
2.000557
2.000539
2.000515
2.000486
2.000451
2.000413
2.000370
2.000326
2.000279
2.000231
2.000182
2.000133
2.000085
2.000039
1.999994
1.999953
1.999914
1.999878
1.999846
1.999818
1.999794
1.999775
1.999760
1.999749
1.999742
1.999740
1.999741
1.999746
1.999755
1.999767
1.999781
1.999799
1.999818
1.999839
1.999862
1.999885
1.999909
1.999934
1.999958
1.999982
2.000005
2.000027
2.000048
2.000067
2.000085
2.000100
2.000114
2.000125
2.000135
2.000142
2.000147
2.000150
2.000150
2.000149
2.000146
2.000142
2.000135
2.000128
2.000119
2.000109
2.000098
2.000086
2.000074
2.000062
2.000050
2.000038
2.000026
2.000014
2.000003
1.999993
1.999983
1.999974
1.999967
1.999960
1.999954
1.999949
1.999946
1.999943
1.999941
1.999941
1.999941
1.999942
1.999944
1.999947
1.999950
1.999954
1.999959
1.999963
1.999969
1.999974
1.999979
1.999985
1.999990
1.999996
2.000001
2.000006
2.000010
2.000014
2.000018
2.000022
2.000025
2.000027
2.000029
2.000031
2.000032
2.000032
2.000032
2.000032
2.000031
2.000030
2.000029
2.000027
2.000026
2.000023
2.000021
2.000019
2.000016
2.000014
2.000011
2.000009
2.000006
2.000004
2.000002
1.999999
1.999998
1.999996
1.999994
1.999993
1.999992
1.999991
1.999990
1.999989
1.999989
1.999989
1.999989
1.999989
1.999990
1.999990
1.999991
1.999991
1.999992
1.999993
1.999994
1.999995
1.999996
1.999997
1.999998
1.999999
2.000000
2.000001
2.000002
2.000003
2.000003
2.000004
2.000004
2.000005
2.000005
2.000005
2.000006
2.000006
2.000006
2.000006
2.000006
2.000005
2.000005
2.000005
2.000005
2.000004
2.000004
2.000003
2.000003
2.000002
2.000002
2.000002
2.000001
2.000001
2.000000
2.000000
2.000000
1.999999
1.999999
1.999999
1.999999
1.999999
1.999998
1.999998
1.999998
1.999998
1.999998
1.999998
1.999998
1.999998
1.999999
1.999999
1.999999
1.999999
1.999999
1.999999
1.999999
2.000000
2.000000
2.000000
2.000000
2.000000
2.000000
2.000000
2.000000
2.000001
2.000001
2.000001
2.000001
2.000001
2.000001
2.000001
2.000001
2.000001
2.000001
2.000001
2.000001
2.000001
2.000001
2.000001
2.000001
2.000000
2.000000
2.000000
2.000000
2.000000
2.000000
2.000000
2.000000
2.000000
2.000000
2.000000
2.000000
2.000000
2.000000
2.000000
2.000000
2.000000
2.000000
2.000000
2.000000
2.000000
2.000000
2.000000
2.000000
2.000000
2.000000
2.000000
2.000000
2.000000
2.000000
2.000000
2.000000
2.000000
2.000000
2.000000
2.000000
2.000000
2.000000
2.000000
2.000000
2.000000
2.000000
2.000000
2.000000
2.000000
2.000000
2.000000
2.000000
2.000000
2.000000
2.000000
2.000000
2.000000
2.000000
2.000000
2.000000
2.000000
2.000000
2.000000
2.000000
2.000000
2.000000
2.000000
2.000000
2.000000
2.000000
2.000000
2.000000
2.000000
2.000000
2.000000
2.000000
2.000000
2.000000
2.000000
2.000000
2.000000
2.000000
2.000000
2.000000
2.000000
2.000000
2.000000
2.000000
2.000000
2.000000
2.000000
2.000000
2.000000
2.000000
2.000000
2.000000
2.000000
2.000000
2.000000
2.000000
2.000000
2.000000
2.000000
2.000000
2.000000
2.000000
2.000000
2.000000
2.000000
2.000000
2.000000
2.000000
2.000000
2.000000
2.000000
2.000000
2.000000
2.000000
2.000000
2.000000
2.000000
2.000000
2.000000
2.000000
2.000000
2.000000
2.000000
2.000000
2.000000
2.000000
2.000000
2.000000
2.000000
2.000000
2.000000
2.000000
2.000000
2.000000
2.000000
2.000000
2.000000
2.000000
2.000000
2.000000
2.000000
2.000000
2.000000
2.000000
2.000000
2.000000
2.000000
2.000000
2.000000
2.000000
2.000000
2.000000
2.000000
2.000000
2.000000
2.000000
2.000000
2.000000
2.000000
2.000000
2.000000
2.000000
2.000000
2.000000
2.000000
2.000000
2.000000
2.000000
2.000000
2.000000
2.000000
2.000000
2.000000
2.000000
2.000000
2.000000
2.000000
2.000000
2.000000
2.000000
2.000000
2.000000
2.000000
2.000000
2.000000
2.000000
2.000000
2.000000
2.000000
2.000000
2.000000
2.000000
2.000000
2.000000
2.000000
2.000000
2.000000
2.000000
2.000000
2.000000
2.000000
2.000000
2.000000
2.000000
2.000000
2.000000
2.000000
2.000000
2.000000
2.000000
2.000000
2.000000
2.000000
2.000000
2.000000
2.000000
2.000000
2.000000
2.000000
2.000000
2.000000
2.000000
2.000000
2.000000
2.000000
2.000000
2.000000
2.000000
2.000000
2.000000
2.000000
2.000000
2.000000
2.000000
2.000000
2.000000
2.000000
2.000000
2.000000
2.000000
2.000000
2.000000
2.000000
2.000000
2.000000
2.000000
2.000000
2.000000
2.000000
2.000000
2.000000
2.000000
2.000000
2.000000
2.000000
2.000000
2.000000
2.000000
2.000000
2.000000
2.000000
2.000000
2.000000
2.000000
2.000000
2.000000
2.000000
2.000000
2.000000
2.000000
2.000000
2.000000
2.000000
2.000000
2.000000
2.000000
2.000000
2.000000
2.000000
2.000000
2.000000
2.000000
2.000000
2.000000
2.000000
2.000000
2.000000
2.000000
2.000000
2.000000
2.000000
2.000000
2.000000
2.000000
2.000000
2.000000
2.000000
2.000000
2.000000
2.000000
2.000000
2.000000
2.000000
2.000000
2.000000
2.000000
2.000000
2.000000
2.000000
2.000000
2.000000
2.000000
2.000000
2.000000
2.000000
2.000000
2.000000
2.000000
2.000000
2.000000
2.000000
2.000000
2.000000
2.000000
2.000000
2.000000
2.000000
2.000000
2.000000
2.000000
2.000000
2.000000
2.000000
2.000000
2.000000
2.000000
2.000000
2.000000
2.000000
2.000000
2.000000
2.000000
2.000000
2.000000
2.000000
2.000000
2.000000
2.000000
2.000000
2.000000
2.000000
2.000000
2.000000
2.000000
2.000000
2.000000
2.000000
2.000000
2.000000
2.000000
2.000000
2.000000
2.000000
2.000000
2.000000
2.000000
2.000000
2.000000
2.000000
2.000000
2.000000
2.000000
2.000000
2.000000
2.000000
2.000000
2.000000
2.000000
2.000000
2.000000
2.000000
2.000000
2.000000
2.000000
2.000000
2.000000
2.000000
2.000000
2.000000
2.000000
2.000000
2.000000
2.000000
2.000000
2.000000
2.000000
2.000000
2.000000
2.000000
2.000000
2.000000
2.000000
2.000000
2.000000
2.000000
2.000000
2.000000
2.000000
2.000000
2.000000
2.000000
2.000000
2.000000
2.000000
2.000000
2.000000
2.000000
2.000000
2.000000
2.000000
2.000000
2.000000
2.000000
2.000000
2.000000
2.000000
2.000000
2.000000
2.000000
2.000000
2.000000
2.000000
2.000000
2.000000
2.000000
2.000000
2.000000
2.000000
