2.000370
1.999996
1.999790
1.999790
1.999996
2.000370
2.000858
2.001428
2.002034
2.002651
2.003241
2.003789
2.004265
2.004661
2.004955
2.005149
2.005228
2.005199
2.005055
2.004809
2.004458
2.004019
2.003494
2.002902
2.002247
2.001551
2.000819
2.000073
1.999316
1.998572
1.997843
1.997150
1.996495
1.995897
1.995356
1.994888
1.994490
1.994177
1.993943
1.993799
1.993739
1.993771
1.993885
1.994087
1.994365
1.994723
1.995146
1.995638
1.996182
1.996778
1.997409
1.998076
1.998760
1.999460
2.000157
2.000851
2.001524
2.002174
2.002785
2.003357
2.003874
2.004338
2.004733
2.005064
2.005317
2.005500
2.005600
2.005627
2.005571
2.005443
2.005237
2.004965
2.004623
2.004224
2.003768
2.003268
2.002725
2.002154
2.001555
2.000946
2.000327
1.999714
1.999108
1.998525
1.997966
1.997444
1.996960
1.996527
1.996143
1.995820
1.995555
1.995356
1.995220
1.995154
1.995151
1.995218
1.995346
1.995538
1.995785
1.996090
1.996441
1.996838
1.997270
1.997736
1.998223
1.998731
1.999246
1.999767
2.000281
2.000786
2.001270
2.001732
2.002162
2.002557
2.002909
2.003217
2.003475
2.003683
2.003835
2.003934
2.003975
2.003962
2.003894
2.003775
2.003605
2.003390
2.003130
2.002834
2.002502
2.002144
2.001761
2.001362
2.000951
2.000536
2.000120
1.999712
1.999314
1.998935
1.998576
1.998246
1.997944
1.997678
1.997448
1.997258
1.997109
1.997004
1.996940
1.996921
1.996943
1.997008
1.997112
1.997254
1.997429
1.997638
1.997873
1.998134
1.998414
1.998711
1.999018
1.999333
1.999650
1.999965
2.000274
2.000573
2.000857
2.001123
2.001368
2.001589
2.001783
2.001949
2.002084
2.002188
2.002259
2.002298
2.002304
2.002279
2.002223
2.002139
2.002027
2.001891
2.001731
2.001553
2.001357
2.001149
2.000929
2.000704
2.000474
2.000244
2.000016
1.999795
1.999583
1.999382
1.999195
1.999025
1.998872
1.998740
1.998628
1.998539
1.998472
1.998428
1.998407
1.998410
1.998433
1.998479
1.998543
1.998627
1.998726
1.998841
1.998969
1.999108
1.999255
1.999408
1.999565
1.999724
1.999882
2.000038
2.000188
2.000332
2.000467
2.000592
2.000705
2.000806
2.000892
2.000964
2.001020
2.001061
2.001087
2.001097
2.001091
2.001071
2.001037
2.000990
2.000931
2.000862
2.000782
2.000695
2.000602
2.000503
2.000401
2.000297
2.000192
2.000089
1.999987
1.999890
1.999797
1.999711
1.999632
1.999561
1.999498
1.999445
1.999401
1.999367
1.999343
1.999330
1.999326
1.999332
1.999347
1.999371
1.999403
1.999442
1.999488
1.999539
1.999595
1.999654
1.999717
1.999781
1.999846
1.999911
1.999976
2.000038
2.000097
2.000154
2.000206
2.000253
2.000296
2.000333
2.000364
2.000389
2.000408
2.000420
2.000427
2.000427
2.000422
2.000411
2.000395
2.000374
2.000349
2.000321
2.000289
2.000255
2.000218
2.000180
2.000141
2.000102
2.000063
2.000026
1.999989
1.999954
1.999921
1.999891
1.999864
1.999839
1.999819
1.999801
1.999787
1.999777
1.999771
1.999768
1.999768
1.999772
1.999779
1.999789
1.999801
1.999816
1.999833
1.999851
1.999871
1.999892
1.999913
1.999935
1.999957
1.999979
2.000000
2.000020
2.000039
2.000057
2.000073
2.000088
2.000101
2.000112
2.000121
2.000128
2.000133
2.000136
2.000137
2.000136
2.000133
2.000129
2.000123
2.000116
2.000107
2.000098
2.000087
2.000076
2.000065
2.000053
2.000041
2.000029
2.000017
2.000006
1.999995
1.999985
1.999975
1.999967
1.999959
1.999952
1.999947
1.999942
1.999939
1.999936
1.999935
1.999935
1.999935
1.999937
1.999939
1.999942
1.999946
1.999951
1.999956
1.999961
1.999967
1.999973
1.999979
1.999985
1.999991
1.999996
2.000002
2.000007
2.000012
2.000017
2.000021
2.000025
2.000028
2.000031
2.000033
2.000034
2.000035
2.000036
2.000036
2.000035
2.000034
2.000033
2.000031
2.000029
2.000027
2.000024
2.000021
2.000019
2.000016
2.000013
2.000010
2.000007
2.000004
2.000001
1.999998
1.999996
1.999994
1.999992
1.999990
1.999989
1.999987
1.999986
1.999986
1.999985
1.999985
1.999985
1.999985
1.999986
1.999986
1.999987
1.999988
1.999989
1.999990
1.999992
1.999993
1.999994
1.999996
1.999997
1.999998
2.000000
2.000001
2.000002
2.000003
2.000004
2.000005
2.000006
2.000006
2.000007
2.000007
2.000007
2.000008
2.000008
2.000008
2.000007
2.000007
2.000007
2.000006
2.000006
2.000005
2.000005
2.000004
2.000004
2.000003
2.000002
2.000002
2.000001
2.000001
2.000000
2.000000
1.999999
1.999999
1.999998
1.999998
1.999998
1.999998
1.999997
1.999997
1.999997
1.999997
1.999997
1.999997
1.999997
1.999998
1.999998
1.999998
1.999998
1.999998
1.999999
1.999999
1.999999
1.999999
2.000000
2.000000
2.000000
2.000000
2.000000
2.000001
2.000001
2.000001
2.000001
2.000001
2.000001
2.000001
2.000001
2.000001
2.000001
2.000001
2.000001
2.000001
2.000001
2.000001
2.000001
2.000001
2.000001
2.000001
2.000001
2.000000
2.000000
2.000000
2.000000
2.000000
2.000000
2.000000
2.000000
2.000000
2.000000
2.000000
2.000000
2.000000
2.000000
2.000000
2.000000
2.000000
2.000000
2.000000
2.000000
2.000000
2.000000
2.000000
2.000000
2.000000
2.000000
2.000000
2.000000
2.000000
2.000000
2.000000
2.000000
2.000000
2.000000
2.000000
2.000000
2.000000
2.000000
2.000000
2.000000
2.000000
2.000000
2.000000
2.000000
2.000000
2.000000
2.000000
2.000000
2.000000
2.000000
2.000000
2.000000
2.000000
2.000000
2.000000
2.000000
2.000000
2.000000
2.000000
2.000000
2.000000
2.000000
2.000000
2.000000
2.000000
2.000000
2.000000
2.000000
2.000000
2.000000
2.000000
2.000000
2.000000
2.000000
2.000000
2.000000
2.000000
2.000000
2.000000
2.000000
2.000000
2.000000
2.000000
2.000000
2.000000
2.000000
2.000000
2.000000
2.000000
2.000000
2.000000
2.000000
2.000000
2.000000
2.000000
2.000000
2.000000
2.000000
2.000000
2.000000
2.000000
2.000000
2.000000
2.000000
2.000000
2.000000
2.000000
2.000000
2.000000
2.000000
2.000000
2.000000
2.000000
2.000000
2.000000
2.000000
2.000000
2.000000
2.000000
2.000000
2.000000
2.000000
2.000000
2.000000
2.000000
2.000000
2.000000
2.000000
2.000000
2.000000
2.000000
2.000000
2.000000
2.000000
2.000000
2.000000
2.000000
2.000000
2.000000
2.000000
2.000000
2.000000
2.000000
2.000000
2.000000
2.000000
2.000000
2.000000
2.000000
2.000000
2.000000
2.000000
2.000000
2.000000
2.000000
2.000000
2.000000
2.000000
2.000000
2.000000
2.000000
2.000000
2.000000
2.000000
2.000000
2.000000
2.000000
2.000000
2.000000
2.000000
2.000000
2.000000
2.000000
2.000000
2.000000
2.000000
2.000000
2.000000
2.000000
2.000000
2.000000
2.000000
2.000000
2.000000
2.000000
2.000000
2.000000
2.000000
2.000000
2.000000
2.000000
2.000000
2.000000
2.000000
2.000000
2.000000
2.000000
2.000000
2.000000
2.000000
2.000000
2.000000
2.000000
2.000000
2.000000
2.000000
2.000000
2.000000
2.000000
2.000000
2.000000
2.000000
2.000000
2.000000
2.000000
2.000000
2.000000
2.000000
2.000000
2.000000
2.000000
2.000000
2.000000
2.000000
2.000000
2.000000
2.000000
2.000000
2.000000
2.000000
2.000000
2.000000
2.000000
2.000000
2.000000
2.000000
2.000000
2.000000
2.000000
2.000000
2.000000
2.000000
2.000000
2.000000
2.000000
2.000000
2.000000
2.000000
2.000000
2.000000
2.000000
2.000000
2.000000
2.000000
2.000000
2.000000
2.000000
2.000000
2.000000
2.000000
2.000000
2.000000
2.000000
2.000000
2.000000
2.000000
2.000000
2.000000
2.000000
2.000000
2.000000
2.000000
2.000000
2.000000
2.000000
2.000000
2.000000
2.000000
2.000000
2.000000
2.000000
2.000000
2.000000
2.000000
2.000000
2.000000
2.000000
2.000000
2.000000
2.000000
2.000000
2.000000
2.000000
2.000000
2.000000
2.000000
2.000000
2.000000
2.000000
2.000000
2.000000
2.000000
2.000000
2.000000
2.000000
2.000000
2.000000
2.000000
2.000000
2.000000
2.000000
2.000000
2.000000
2.000000
2.000000
2.000000
2.000000
2.000000
2.000000
2.000000
2.000000
2.000000
2.000000
2.000000
2.000000
2.000000
2.000000
2.000000
2.000000
2.000000
2.000000
2.000000
2.000000
2.000000
2.000000
2.000000
2.000000
2.000000
2.000000
2.000000
2.000000
2.000000
2.000000
2.000000
2.000000
2.000000
2.000000
2.000000
2.000000
2.000000
2.000000
2.000000
2.000000
2.000000
2.000000
2.000000
2.000000
2.000000
2.000000
2.000000
2.000000
2.000000
2.000000
2.000000
2.000000
2.000000
2.000000
2.000000
2.000000
2.000000
2.000000
2.000000
2.000000
2.000000
2.000000
2.000000
2.000000
2.000000
2.000000
2.000000
2.000000
2.000000
2.000000
2.000000
2.000000
2.000000
2.000000
2.000000
2.000000
2.000000
2.000000
2.000000
2.000000
2.000000
2.000000
2.000000
2.000000
2.000000
2.000000
2.000000
2.000000
2.000000
2.000000
2.000000
2.000000
2.000000
2.000000
2.000000
2.000000
2.000000
2.000000
2.000000
2.000000
2.000000
2.000000
2.000000
2.000000
2.000000
2.000000
2.000000
2.000000
2.000000
2.000000
2.000000
2.000000
2.000000
2.000000
2.000000
2.000000
2.000000
2.000000
2.000000
2.000000
2.000000
2.000000
2.000000
2.000000
2.000000
2.000000
2.000000
2.000000
2.000000
2.000000
2.000000
2.000000
2.000000
2.000000
2.000000
2.000000
2.000000
2.000000
2.000000
2.000000
2.000000
2.000000
2.000000
2.000000
2.000000
2.000000
2.000000
2.000000
2.000000
2.000000
2.000000
2.000000
2.000000
2.000000
2.000000
2.000000
2.000000
2.000000
2.000000
2.000000
2.000000
2.000000
2.000000
2.000000
2.000000
2.000000
2.000000
2.000000
2.000000
2.000000
2.000000
2.000000
2.000000
2.000000
2.000000
2.000000
2.000000
2.000000
2.000000
2.000000
2.000000
