2.001986
2.001308
2.000917
2.000917
2.001308
2.001986
2.002899
2.003950
2.005096
2.006249
2.007375
2.008399
2.009298
2.010009
2.010524
2.010794
2.010823
2.010575
2.010070
2.009283
2.008247
2.006950
2.005433
2.003697
2.001792
1.999725
1.997552
1.995287
1.992989
1.990676
1.988407
1.986199
1.984110
1.982155
1.980389
1.978820
1.977497
1.976424
1.975639
1.975139
1.974954
1.975071
1.975511
1.976251
1.977304
1.978637
1.980253
1.982113
1.984211
1.986500
1.988969
1.991565
1.994273
1.997037
1.999837
2.002618
2.005360
2.008008
2.010545
2.012918
2.015113
2.017084
2.018823
2.020290
2.021483
2.022371
2.022960
2.023228
2.023191
2.022833
2.022180
2.021225
2.020001
2.018510
2.016792
2.014855
2.012744
2.010474
2.008093
2.005619
2.003102
2.000560
1.998046
1.995576
1.993200
1.990933
1.988821
1.986874
1.985133
1.983603
1.982318
1.981277
1.980507
1.979999
1.979772
1.979811
1.980127
1.980697
1.981524
1.982580
1.983862
1.985336
1.986992
1.988793
1.990726
1.992749
1.994846
1.996976
1.999123
2.001243
2.003321
2.005318
2.007219
2.008988
2.010616
2.012070
2.013344
2.014413
2.015277
2.015916
2.016336
2.016524
2.016491
2.016232
2.015764
2.015086
2.014223
2.013177
2.011977
2.010633
2.009174
2.007613
2.005983
2.004297
2.002590
2.000875
1.999186
1.997534
1.995953
1.994452
1.993059
1.991783
1.990648
1.989656
1.988829
1.988164
1.987677
1.987362
1.987229
1.987266
1.987480
1.987853
1.988388
1.989065
1.989879
1.990810
1.991850
1.992974
1.994175
1.995424
1.996714
1.998018
1.999324
2.000609
2.001862
2.003060
2.004195
2.005245
2.006207
2.007060
2.007804
2.008423
2.008920
2.009283
2.009517
2.009615
2.009586
2.009427
2.009149
2.008752
2.008252
2.007651
2.006966
2.006203
2.005380
2.004503
2.003592
2.002653
2.001708
2.000763
1.999836
1.998933
1.998073
1.997261
1.996511
1.995826
1.995221
1.994695
1.994259
1.993911
1.993658
1.993498
1.993433
1.993458
1.993574
1.993773
1.994055
1.994408
1.994831
1.995310
1.995844
1.996417
1.997026
1.997658
1.998306
1.998958
1.999609
2.000246
2.000864
2.001452
2.002006
2.002517
2.002982
2.003392
2.003747
2.004041
2.004275
2.004443
2.004550
2.004591
2.004573
2.004492
2.004357
2.004167
2.003930
2.003647
2.003326
2.002971
2.002590
2.002186
2.001768
2.001340
2.000911
2.000483
2.000066
1.999661
1.999278
1.998917
1.998585
1.998284
1.998019
1.997789
1.997600
1.997450
1.997342
1.997274
1.997248
1.997259
1.997311
1.997396
1.997517
1.997667
1.997846
1.998047
1.998271
1.998510
1.998763
1.999023
1.999290
1.999557
1.999822
2.000080
2.000330
2.000566
2.000788
2.000991
2.001175
2.001337
2.001476
2.001590
2.001680
2.001744
2.001784
2.001798
2.001789
2.001756
2.001703
2.001628
2.001536
2.001426
2.001304
2.001168
2.001023
2.000870
2.000714
2.000553
2.000393
2.000235
2.000081
1.999931
1.999791
1.999659
1.999539
1.999429
1.999334
1.999251
1.999184
1.999130
1.999092
1.999068
1.999059
1.999063
1.999082
1.999111
1.999153
1.999205
1.999267
1.999336
1.999413
1.999494
1.999580
1.999667
1.999757
1.999846
1.999935
2.000021
2.000103
2.000181
2.000254
2.000320
2.000380
2.000432
2.000476
2.000513
2.000541
2.000561
2.000574
2.000577
2.000574
2.000563
2.000546
2.000521
2.000492
2.000458
2.000419
2.000376
2.000332
2.000284
2.000236
2.000186
2.000138
2.000089
2.000043
1.999997
1.999955
1.999915
1.999880
1.999847
1.999819
1.999794
1.999774
1.999759
1.999747
1.999740
1.999738
1.999739
1.999744
1.999752
1.999764
1.999779
1.999796
1.999815
1.999837
1.999859
1.999883
1.999907
1.999932
1.999956
1.999981
2.000004
2.000026
2.000047
2.000067
2.000084
2.000100
2.000114
2.000126
2.000135
2.000143
2.000148
2.000151
2.000152
2.000151
2.000148
2.000143
2.000137
2.000129
2.000120
2.000110
2.000099
2.000088
2.000076
2.000064
2.000051
2.000039
2.000027
2.000015
2.000004
1.999994
1.999984
1.999975
1.999967
1.999960
1.999954
1.999949
1.999945
1.999943
1.999941
1.999940
1.999940
1.999942
1.999943
1.999946
1.999950
1.999954
1.999958
1.999963
1.999968
1.999973
1.999979
1.999984
1.999990
1.999995
2.000000
2.000005
2.000010
2.000014
2.000018
2.000022
2.000025
2.000027
2.000029
2.000031
2.000032
2.000033
2.000033
2.000032
2.000032
2.000031
2.000029
2.000028
2.000026
2.000024
2.000022
2.000019
2.000017
2.000014
2.000011
2.000009
2.000006
2.000004
2.000002
2.000000
1.999998
1.999996
1.999994
1.999993
1.999992
1.999991
1.999990
1.999989
1.999989
1.999989
1.999989
1.999989
1.999989
1.999990
1.999991
1.999991
1.999992
1.999993
1.999994
1.999995
1.999996
1.999997
1.999998
1.999999
2.000000
2.000001
2.000002
2.000002
2.000003
2.000004
2.000004
2.000005
2.000005
2.000005
2.000006
2.000006
2.000006
2.000006
2.000006
2.000005
2.000005
2.000005
2.000005
2.000004
2.000004
2.000003
2.000003
2.000003
2.000002
2.000002
2.000001
2.000001
2.000000
2.000000
2.000000
1.999999
1.999999
1.999999
1.999999
1.999999
1.999998
1.999998
1.999998
1.999998
1.999998
1.999998
1.999998
1.999998
1.999999
1.999999
1.999999
1.999999
1.999999
1.999999
1.999999
2.000000
2.000000
2.000000
2.000000
2.000000
2.000000
2.000000
2.000000
2.000001
2.000001
2.000001
2.000001
2.000001
2.000001
2.000001
2.000001
2.000001
2.000001
2.000001
2.000001
2.000001
2.000001
2.000001
2.000001
2.000000
2.000000
2.000000
2.000000
2.000000
2.000000
2.000000
2.000000
2.000000
2.000000
2.000000
2.000000
2.000000
2.000000
2.000000
2.000000
2.000000
2.000000
2.000000
2.000000
2.000000
2.000000
2.000000
2.000000
2.000000
2.000000
2.000000
2.000000
2.000000
2.000000
2.000000
2.000000
2.000000
2.000000
2.000000
2.000000
2.000000
2.000000
2.000000
2.000000
2.000000
2.000000
2.000000
2.000000
2.000000
2.000000
2.000000
2.000000
2.000000
2.000000
2.000000
2.000000
2.000000
2.000000
2.000000
2.000000
2.000000
2.000000
2.000000
2.000000
2.000000
2.000000
2.000000
2.000000
2.000000
2.000000
2.000000
2.000000
2.000000
2.000000
2.000000
2.000000
2.000000
2.000000
2.000000
2.000000
2.000000
2.000000
2.000000
2.000000
2.000000
2.000000
2.000000
2.000000
2.000000
2.000000
2.000000
2.000000
2.000000
2.000000
2.000000
2.000000
2.000000
2.000000
2.000000
2.000000
2.000000
2.000000
2.000000
2.000000
2.000000
2.000000
2.000000
2.000000
2.000000
2.000000
2.000000
2.000000
2.000000
2.000000
2.000000
2.000000
2.000000
2.000000
2.000000
2.000000
2.000000
2.000000
2.000000
2.000000
2.000000
2.000000
2.000000
2.000000
2.000000
2.000000
2.000000
2.000000
2.000000
2.000000
2.000000
2.000000
2.000000
2.000000
2.000000
2.000000
2.000000
2.000000
2.000000
2.000000
2.000000
2.000000
2.000000
2.000000
2.000000
2.000000
2.000000
2.000000
2.000000
2.000000
2.000000
2.000000
2.000000
2.000000
2.000000
2.000000
2.000000
2.000000
2.000000
2.000000
2.000000
2.000000
2.000000
2.000000
2.000000
2.000000
2.000000
2.000000
2.000000
2.000000
2.000000
2.000000
2.000000
2.000000
2.000000
2.000000
2.000000
2.000000
2.000000
2.000000
2.000000
2.000000
2.000000
2.000000
2.000000
2.000000
2.000000
2.000000
2.000000
2.000000
2.000000
2.000000
2.000000
2.000000
2.000000
2.000000
2.000000
2.000000
2.000000
2.000000
2.000000
2.000000
2.000000
2.000000
2.000000
2.000000
2.000000
2.000000
2.000000
2.000000
2.000000
2.000000
2.000000
2.000000
2.000000
2.000000
2.000000
2.000000
2.000000
2.000000
2.000000
2.000000
2.000000
2.000000
2.000000
2.000000
2.000000
2.000000
2.000000
2.000000
2.000000
2.000000
2.000000
2.000000
2.000000
2.000000
2.000000
2.000000
2.000000
2.000000
2.000000
2.000000
2.000000
2.000000
2.000000
2.000000
2.000000
2.000000
2.000000
2.000000
2.000000
2.000000
2.000000
2.000000
2.000000
2.000000
2.000000
2.000000
2.000000
2.000000
2.000000
2.000000
2.000000
2.000000
2.000000
2.000000
2.000000
2.000000
2.000000
2.000000
2.000000
2.000000
2.000000
2.000000
2.000000
2.000000
2.000000
2.000000
2.000000
2.000000
2.000000
2.000000
2.000000
2.000000
2.000000
2.000000
2.000000
2.000000
2.000000
2.000000
2.000000
2.000000
2.000000
2.000000
2.000000
2.000000
2.000000
2.000000
2.000000
2.000000
2.000000
2.000000
2.000000
2.000000
2.000000
2.000000
2.000000
2.000000
2.000000
2.000000
2.000000
2.000000
2.000000
2.000000
2.000000
2.000000
2.000000
2.000000
2.000000
2.000000
2.000000
2.000000
2.000000
2.000000
2.000000
2.000000
2.000000
2.000000
2.000000
2.000000
2.000000
2.000000
2.000000
2.000000
2.000000
2.000000
2.000000
2.000000
2.000000
2.000000
2.000000
2.000000
2.000000
2.000000
2.000000
2.000000
2.000000
2.000000
2.000000
2.000000
2.000000
2.000000
2.000000
2.000000
2.000000
2.000000
2.000000
2.000000
2.000000
2.000000
2.000000
2.000000
2.000000
2.000000
2.000000
2.000000
2.000000
2.000000
2.000000
2.000000
2.000000
2.000000
2.000000
2.000000
2.000000
2.000000
2.000000
2.000000
2.000000
2.000000
2.000000
2.000000
2.000000
2.000000
2.000000
2.000000
2.000000
2.000000
2.000000
2.000000
2.000000
2.000000
2.000000
2.000000
2.000000
2.000000
2.000000
2.000000
2.000000
2.000000
2.000000
2.000000
2.000000
2.000000
2.000000
2.000000
2.000000
2.000000
2.000000
2.000000
2.000000
2.000000
2.000000
2.000000
2.000000
2.000000
2.000000
2.000000
2.000000
2.000000
2.000000
2.000000
2.000000
2.000000
2.000000
2.000000
2.000000
2.000000
2.000000
2.000000
2.000000
2.000000
2.000000
2.000000
2.000000
2.000000
2.000000
2.000000
