2.001737
2.001063
2.000677
2.000677
2.001063
2.001737
2.002646
2.003697
2.004847
2.006011
2.007155
2.008208
2.009146
2.009909
2.010488
2.010836
2.010955
2.010814
2.010427
2.009775
2.008884
2.007745
2.006396
2.004838
2.003116
2.001238
1.999256
1.997184
1.995075
1.992947
1.990853
1.988811
1.986874
1.985056
1.983406
1.981933
1.980682
1.979656
1.978890
1.978382
1.978159
1.978208
1.978550
1.979163
1.980058
1.981207
1.982611
1.984235
1.986074
1.988086
1.990259
1.992547
1.994935
1.997375
1.999847
2.002302
2.004722
2.007059
2.009295
2.011386
2.013318
2.015050
2.016574
2.017856
2.018895
2.019662
2.020164
2.020381
2.020327
2.019990
2.019391
2.018527
2.017426
2.016092
2.014557
2.012833
2.010958
2.008945
2.006838
2.004653
2.002434
2.000198
1.997990
1.995826
1.993748
1.991771
1.989934
1.988247
1.986744
1.985431
1.984335
1.983457
1.982817
1.982411
1.982252
1.982327
1.982644
1.983184
1.983949
1.984913
1.986072
1.987398
1.988880
1.990485
1.992201
1.993993
1.995846
1.997723
1.999608
2.001466
2.003281
2.005021
2.006672
2.008203
2.009604
2.010850
2.011934
2.012835
2.013553
2.014072
2.014397
2.014517
2.014443
2.014171
2.013716
2.013079
2.012281
2.011326
2.010238
2.009028
2.007721
2.006330
2.004882
2.003391
2.001885
2.000379
1.998900
1.997460
1.996086
1.994788
1.993589
1.992497
1.991532
1.990697
1.990008
1.989465
1.989078
1.988845
1.988770
1.988846
1.989075
1.989444
1.989952
1.990582
1.991330
1.992178
1.993117
1.994127
1.995198
1.996309
1.997450
1.998599
1.999745
2.000869
2.001959
2.002997
2.003975
2.004875
2.005693
2.006415
2.007036
2.007546
2.007947
2.008229
2.008396
2.008445
2.008381
2.008204
2.007924
2.007543
2.007071
2.006515
2.005887
2.005194
2.004452
2.003666
2.002855
2.002024
2.001190
2.000361
1.999551
1.998768
1.998025
1.997327
1.996688
1.996109
1.995601
1.995167
1.994812
1.994536
1.994345
1.994236
1.994210
1.994263
1.994394
1.994598
1.994872
1.995208
1.995602
1.996044
1.996529
1.997048
1.997595
1.998158
1.998732
1.999307
1.999878
2.000433
2.000968
2.001475
2.001949
2.002382
2.002773
2.003114
2.003405
2.003642
2.003823
2.003948
2.004017
2.004030
2.003990
2.003897
2.003757
2.003569
2.003342
2.003076
2.002779
2.002454
2.002109
2.001745
2.001372
2.000993
2.000615
2.000240
1.999877
1.999528
1.999199
1.998891
1.998611
1.998360
1.998141
1.997955
1.997805
1.997691
1.997613
1.997571
1.997565
1.997593
1.997654
1.997745
1.997865
1.998011
1.998180
1.998368
1.998573
1.998791
1.999018
1.999252
1.999488
1.999723
1.999955
2.000180
2.000395
2.000597
2.000785
2.000956
2.001108
2.001241
2.001352
2.001441
2.001509
2.001554
2.001577
2.001578
2.001558
2.001519
2.001461
2.001386
2.001296
2.001192
2.001077
2.000952
2.000820
2.000683
2.000542
2.000400
2.000259
2.000121
1.999987
1.999859
1.999739
1.999628
1.999528
1.999438
1.999361
1.999296
1.999243
1.999204
1.999178
1.999165
1.999164
1.999176
1.999198
1.999231
1.999274
1.999326
1.999385
1.999450
1.999521
1.999596
1.999673
1.999752
1.999832
1.999910
1.999987
2.000062
2.000132
2.000198
2.000259
2.000314
2.000363
2.000405
2.000440
2.000468
2.000488
2.000501
2.000507
2.000506
2.000499
2.000485
2.000466
2.000441
2.000412
2.000379
2.000342
2.000303
2.000262
2.000219
2.000176
2.000132
2.000089
2.000047
2.000007
1.999968
1.999932
1.999900
1.999870
1.999844
1.999821
1.999802
1.999787
1.999776
1.999769
1.999766
1.999766
1.999769
1.999776
1.999786
1.999798
1.999813
1.999830
1.999849
1.999869
1.999889
1.999911
1.999933
1.999955
1.999976
1.999997
2.000017
2.000036
2.000054
2.000070
2.000085
2.000097
2.000108
2.000117
2.000124
2.000129
2.000132
2.000134
2.000133
2.000131
2.000127
2.000122
2.000115
2.000107
2.000099
2.000089
2.000079
2.000068
2.000058
2.000047
2.000036
2.000025
2.000014
2.000004
1.999995
1.999986
1.999978
1.999971
1.999965
1.999959
1.999955
1.999951
1.999949
1.999947
1.999946
1.999946
1.999947
1.999949
1.999951
1.999954
1.999958
1.999962
1.999966
1.999970
1.999975
1.999980
1.999985
1.999990
1.999995
2.000000
2.000004
2.000008
2.000012
2.000016
2.000019
2.000021
2.000024
2.000026
2.000027
2.000028
2.000029
2.000029
2.000029
2.000028
2.000027
2.000026
2.000025
2.000023
2.000021
2.000019
2.000017
2.000015
2.000012
2.000010
2.000008
2.000006
2.000004
2.000001
2.000000
1.999998
1.999996
1.999995
1.999994
1.999992
1.999992
1.999991
1.999990
1.999990
1.999990
1.999990
1.999990
1.999990
1.999991
1.999991
1.999992
1.999993
1.999994
1.999995
1.999995
1.999996
1.999997
1.999998
1.999999
2.000000
2.000001
2.000001
2.000002
2.000003
2.000003
2.000004
2.000004
2.000005
2.000005
2.000005
2.000005
2.000005
2.000005
2.000005
2.000005
2.000005
2.000004
2.000004
2.000004
2.000003
2.000003
2.000003
2.000002
2.000002
2.000001
2.000001
2.000001
2.000000
2.000000
2.000000
1.999999
1.999999
1.999999
1.999999
1.999999
1.999999
1.999999
1.999998
1.999998
1.999998
1.999999
1.999999
1.999999
1.999999
1.999999
1.999999
1.999999
1.999999
1.999999
1.999999
2.000000
2.000000
2.000000
2.000000
2.000000
2.000000
2.000000
2.000000
2.000001
2.000001
2.000001
2.000001
2.000001
2.000001
2.000001
2.000001
2.000001
2.000001
2.000001
2.000001
2.000001
2.000001
2.000001
2.000000
2.000000
2.000000
2.000000
2.000000
2.000000
2.000000
2.000000
2.000000
2.000000
2.000000
2.000000
2.000000
2.000000
2.000000
2.000000
2.000000
2.000000
2.000000
2.000000
2.000000
2.000000
2.000000
2.000000
2.000000
2.000000
2.000000
2.000000
2.000000
2.000000
2.000000
2.000000
2.000000
2.000000
2.000000
2.000000
2.000000
2.000000
2.000000
2.000000
2.000000
2.000000
2.000000
2.000000
2.000000
2.000000
2.000000
2.000000
2.000000
2.000000
2.000000
2.000000
2.000000
2.000000
2.000000
2.000000
2.000000
2.000000
2.000000
2.000000
2.000000
2.000000
2.000000
2.000000
2.000000
2.000000
2.000000
2.000000
2.000000
2.000000
2.000000
2.000000
2.000000
2.000000
2.000000
2.000000
2.000000
2.000000
2.000000
2.000000
2.000000
2.000000
2.000000
2.000000
2.000000
2.000000
2.000000
2.000000
2.000000
2.000000
2.000000
2.000000
2.000000
2.000000
2.000000
2.000000
2.000000
2.000000
2.000000
2.000000
2.000000
2.000000
2.000000
2.000000
2.000000
2.000000
2.000000
2.000000
2.000000
2.000000
2.000000
2.000000
2.000000
2.000000
2.000000
2.000000
2.000000
2.000000
2.000000
2.000000
2.000000
2.000000
2.000000
2.000000
2.000000
2.000000
2.000000
2.000000
2.000000
2.000000
2.000000
2.000000
2.000000
2.000000
2.000000
2.000000
2.000000
2.000000
2.000000
2.000000
2.000000
2.000000
2.000000
2.000000
2.000000
2.000000
2.000000
2.000000
2.000000
2.000000
2.000000
2.000000
2.000000
2.000000
2.000000
2.000000
2.000000
2.000000
2.000000
2.000000
2.000000
2.000000
2.000000
2.000000
2.000000
2.000000
2.000000
2.000000
2.000000
2.000000
2.000000
2.000000
2.000000
2.000000
2.000000
2.000000
2.000000
2.000000
2.000000
2.000000
2.000000
2.000000
2.000000
2.000000
2.000000
2.000000
2.000000
2.000000
2.000000
2.000000
2.000000
2.000000
2.000000
2.000000
2.000000
2.000000
2.000000
2.000000
2.000000
2.000000
2.000000
2.000000
2.000000
2.000000
2.000000
2.000000
2.000000
2.000000
2.000000
2.000000
2.000000
2.000000
2.000000
2.000000
2.000000
2.000000
2.000000
2.000000
2.000000
2.000000
2.000000
2.000000
2.000000
2.000000
2.000000
2.000000
2.000000
2.000000
2.000000
2.000000
2.000000
2.000000
2.000000
2.000000
2.000000
2.000000
2.000000
2.000000
2.000000
2.000000
2.000000
2.000000
2.000000
2.000000
2.000000
2.000000
2.000000
2.000000
2.000000
2.000000
2.000000
2.000000
2.000000
2.000000
2.000000
2.000000
2.000000
2.000000
2.000000
2.000000
2.000000
2.000000
2.000000
2.000000
2.000000
2.000000
2.000000
2.000000
2.000000
2.000000
2.000000
2.000000
2.000000
2.000000
2.000000
2.000000
2.000000
2.000000
2.000000
2.000000
2.000000
2.000000
2.000000
2.000000
2.000000
2.000000
2.000000
2.000000
2.000000
2.000000
2.000000
2.000000
2.000000
2.000000
2.000000
2.000000
2.000000
2.000000
2.000000
2.000000
2.000000
2.000000
2.000000
2.000000
2.000000
2.000000
2.000000
2.000000
2.000000
2.000000
2.000000
2.000000
2.000000
2.000000
2.000000
2.000000
2.000000
2.000000
2.000000
2.000000
2.000000
2.000000
2.000000
2.000000
2.000000
2.000000
2.000000
2.000000
2.000000
2.000000
2.000000
2.000000
2.000000
2.000000
2.000000
2.000000
2.000000
2.000000
2.000000
2.000000
2.000000
2.000000
2.000000
2.000000
2.000000
2.000000
2.000000
2.000000
2.000000
2.000000
2.000000
2.000000
2.000000
2.000000
2.000000
2.000000
2.000000
2.000000
2.000000
2.000000
2.000000
2.000000
2.000000
2.000000
2.000000
2.000000
2.000000
2.000000
2.000000
2.000000
2.000000
2.000000
2.000000
2.000000
2.000000
2.000000
2.000000
2.000000
2.000000
2.000000
2.000000
2.000000
2.000000
2.000000
2.000000
2.000000
2.000000
2.000000
2.000000
2.000000
2.000000
2.000000
2.000000
2.000000
2.000000
2.000000
2.000000
2.000000
2.000000
2.000000
2.000000
2.000000
2.000000
2.000000
2.000000
2.000000
2.000000
2.000000
2.000000
2.000000
2.000000
2.000000
2.000000
2.000000
2.000000
2.000000
2.000000
2.000000
2.000000
2.000000
2.000000
2.000000
2.000000
2.000000
2.000000
2.000000
2.000000
2.000000
2.000000
2.000000
2.000000
2.000000
2.000000
2.000000
2.000000
2.000000
2.000000
2.000000
2.000000
2.000000
