2.001593
2.000930
2.000550
2.000550
2.000930
2.001593
2.002488
2.003524
2.004659
2.005810
2.006944
2.007992
2.008930
2.009701
2.010294
2.010666
2.010818
2.010720
2.010385
2.009794
2.008973
2.007915
2.006654
2.005192
2.003571
2.001801
1.999930
1.997972
1.995977
1.993962
1.991979
1.990044
1.988206
1.986480
1.984911
1.983510
1.982316
1.981333
1.980595
1.980099
1.979870
1.979897
1.980198
1.980753
1.981572
1.982628
1.983922
1.985423
1.987123
1.988984
1.990996
1.993115
1.995326
1.997585
1.999873
2.002146
2.004385
2.006546
2.008612
2.010543
2.012325
2.013921
2.015324
2.016502
2.017452
2.018152
2.018604
2.018794
2.018731
2.018407
2.017841
2.017030
2.016000
2.014756
2.013328
2.011726
2.009986
2.008122
2.006171
2.004151
2.002100
2.000038
1.998002
1.996011
1.994100
1.992286
1.990601
1.989058
1.987685
1.986490
1.985496
1.984705
1.984134
1.983779
1.983651
1.983740
1.984051
1.984569
1.985291
1.986197
1.987281
1.988518
1.989895
1.991387
1.992977
1.994635
1.996347
1.998079
1.999815
2.001526
2.003194
2.004791
2.006302
2.007702
2.008980
2.010113
2.011095
2.011908
2.012550
2.013008
2.013286
2.013376
2.013287
2.013016
2.012576
2.011970
2.011215
2.010319
2.009301
2.008172
2.006956
2.005665
2.004323
2.002945
2.001556
2.000168
1.998808
1.997487
1.996228
1.995042
1.993949
1.992957
1.992083
1.991331
1.990713
1.990232
1.989895
1.989701
1.989651
1.989742
1.989971
1.990331
1.990816
1.991413
1.992118
1.992912
1.993789
1.994729
1.995724
1.996754
1.997808
1.998868
1.999923
2.000955
2.001954
2.002904
2.003795
2.004615
2.005356
2.006007
2.006564
2.007018
2.007370
2.007613
2.007749
2.007776
2.007700
2.007520
2.007246
2.006879
2.006430
2.005904
2.005314
2.004666
2.003973
2.003243
2.002490
2.001722
2.000953
2.000190
1.999447
1.998730
1.998052
1.997417
1.996837
1.996315
1.995859
1.995472
1.995158
1.994919
1.994757
1.994670
1.994661
1.994724
1.994859
1.995060
1.995325
1.995646
1.996018
1.996435
1.996890
1.997374
1.997882
1.998405
1.998936
1.999466
1.999990
2.000499
2.000988
2.001450
2.001880
2.002272
2.002623
2.002929
2.003187
2.003394
2.003551
2.003655
2.003707
2.003708
2.003660
2.003564
2.003424
2.003243
2.003025
2.002773
2.002492
2.002187
2.001864
2.001526
2.001180
2.000830
2.000481
2.000137
1.999805
1.999486
1.999187
1.998909
1.998656
1.998431
1.998237
1.998073
1.997942
1.997845
1.997781
1.997751
1.997753
1.997787
1.997850
1.997942
1.998059
1.998199
1.998360
1.998538
1.998730
1.998934
1.999146
1.999363
1.999581
1.999798
2.000011
2.000216
2.000412
2.000595
2.000765
2.000918
2.001054
2.001171
2.001269
2.001346
2.001403
2.001439
2.001454
2.001450
2.001427
2.001385
2.001327
2.001254
2.001167
2.001068
2.000959
2.000842
2.000718
2.000590
2.000460
2.000329
2.000199
2.000072
1.999950
1.999834
1.999726
1.999626
1.999536
1.999457
1.999388
1.999332
1.999287
1.999255
1.999234
1.999226
1.999228
1.999242
1.999266
1.999300
1.999342
1.999392
1.999448
1.999511
1.999577
1.999647
1.999719
1.999793
1.999866
1.999939
2.000009
2.000077
2.000141
2.000201
2.000255
2.000304
2.000347
2.000384
2.000414
2.000437
2.000454
2.000464
2.000467
2.000465
2.000456
2.000441
2.000422
2.000398
2.000369
2.000338
2.000303
2.000266
2.000227
2.000187
2.000147
2.000107
2.000067
2.000029
1.999992
1.999958
1.999926
1.999896
1.999870
1.999847
1.999827
1.999811
1.999799
1.999790
1.999784
1.999782
1.999784
1.999788
1.999795
1.999806
1.999818
1.999832
1.999848
1.999866
1.999885
1.999905
1.999925
1.999945
1.999965
1.999985
2.000004
2.000022
2.000039
2.000055
2.000070
2.000083
2.000094
2.000103
2.000111
2.000116
2.000120
2.000123
2.000123
2.000122
2.000119
2.000115
2.000110
2.000103
2.000096
2.000087
2.000078
2.000069
2.000059
2.000049
2.000039
2.000029
2.000019
2.000009
2.000000
1.999992
1.999984
1.999977
1.999970
1.999965
1.999960
1.999956
1.999954
1.999952
1.999950
1.999950
1.999950
1.999952
1.999953
1.999956
1.999959
1.999962
1.999966
1.999970
1.999974
1.999979
1.999983
1.999988
1.999993
1.999997
2.000001
2.000005
2.000009
2.000013
2.000016
2.000018
2.000021
2.000023
2.000024
2.000025
2.000026
2.000027
2.000027
2.000026
2.000026
2.000025
2.000023
2.000022
2.000020
2.000019
2.000017
2.000015
2.000012
2.000010
2.000008
2.000006
2.000004
2.000002
2.000000
1.999999
1.999997
1.999996
1.999994
1.999993
1.999992
1.999992
1.999991
1.999991
1.999991
1.999991
1.999991
1.999991
1.999991
1.999992
1.999992
1.999993
1.999994
1.999995
1.999995
1.999996
1.999997
1.999998
1.999999
2.000000
2.000000
2.000001
2.000002
2.000002
2.000003
2.000003
2.000004
2.000004
2.000004
2.000005
2.000005
2.000005
2.000005
2.000005
2.000004
2.000004
2.000004
2.000004
2.000004
2.000003
2.000003
2.000003
2.000002
2.000002
2.000001
2.000001
2.000001
2.000000
2.000000
2.000000
2.000000
1.999999
1.999999
1.999999
1.999999
1.999999
1.999999
1.999999
1.999999
1.999999
1.999999
1.999999
1.999999
1.999999
1.999999
1.999999
1.999999
1.999999
1.999999
1.999999
2.000000
2.000000
2.000000
2.000000
2.000000
2.000000
2.000000
2.000000
2.000000
2.000001
2.000001
2.000001
2.000001
2.000001
2.000001
2.000001
2.000001
2.000001
2.000001
2.000001
2.000001
2.000001
2.000000
2.000000
2.000000
2.000000
2.000000
2.000000
2.000000
2.000000
2.000000
2.000000
2.000000
2.000000
2.000000
2.000000
2.000000
2.000000
2.000000
2.000000
2.000000
2.000000
2.000000
2.000000
2.000000
2.000000
2.000000
2.000000
2.000000
2.000000
2.000000
2.000000
2.000000
2.000000
2.000000
2.000000
2.000000
2.000000
2.000000
2.000000
2.000000
2.000000
2.000000
2.000000
2.000000
2.000000
2.000000
2.000000
2.000000
2.000000
2.000000
2.000000
2.000000
2.000000
2.000000
2.000000
2.000000
2.000000
2.000000
2.000000
2.000000
2.000000
2.000000
2.000000
2.000000
2.000000
2.000000
2.000000
2.000000
2.000000
2.000000
2.000000
2.000000
2.000000
2.000000
2.000000
2.000000
2.000000
2.000000
2.000000
2.000000
2.000000
2.000000
2.000000
2.000000
2.000000
2.000000
2.000000
2.000000
2.000000
2.000000
2.000000
2.000000
2.000000
2.000000
2.000000
2.000000
2.000000
2.000000
2.000000
2.000000
2.000000
2.000000
2.000000
2.000000
2.000000
2.000000
2.000000
2.000000
2.000000
2.000000
2.000000
2.000000
2.000000
2.000000
2.000000
2.000000
2.000000
2.000000
2.000000
2.000000
2.000000
2.000000
2.000000
2.000000
2.000000
2.000000
2.000000
2.000000
2.000000
2.000000
2.000000
2.000000
2.000000
2.000000
2.000000
2.000000
2.000000
2.000000
2.000000
2.000000
2.000000
2.000000
2.000000
2.000000
2.000000
2.000000
2.000000
2.000000
2.000000
2.000000
2.000000
2.000000
2.000000
2.000000
2.000000
2.000000
2.000000
2.000000
2.000000
2.000000
2.000000
2.000000
2.000000
2.000000
2.000000
2.000000
2.000000
2.000000
2.000000
2.000000
2.000000
2.000000
2.000000
2.000000
2.000000
2.000000
2.000000
2.000000
2.000000
2.000000
2.000000
2.000000
2.000000
2.000000
2.000000
2.000000
2.000000
2.000000
2.000000
2.000000
2.000000
2.000000
2.000000
2.000000
2.000000
2.000000
2.000000
2.000000
2.000000
2.000000
2.000000
2.000000
2.000000
2.000000
2.000000
2.000000
2.000000
2.000000
2.000000
2.000000
2.000000
2.000000
2.000000
2.000000
2.000000
2.000000
2.000000
2.000000
2.000000
2.000000
2.000000
2.000000
2.000000
2.000000
2.000000
2.000000
2.000000
2.000000
2.000000
2.000000
2.000000
2.000000
2.000000
2.000000
2.000000
2.000000
2.000000
2.000000
2.000000
2.000000
2.000000
2.000000
2.000000
2.000000
2.000000
2.000000
2.000000
2.000000
2.000000
2.000000
2.000000
2.000000
2.000000
2.000000
2.000000
2.000000
2.000000
2.000000
2.000000
2.000000
2.000000
2.000000
2.000000
2.000000
2.000000
2.000000
2.000000
2.000000
2.000000
2.000000
2.000000
2.000000
2.000000
2.000000
2.000000
2.000000
2.000000
2.000000
2.000000
2.000000
2.000000
2.000000
2.000000
2.000000
2.000000
2.000000
2.000000
2.000000
2.000000
2.000000
2.000000
2.000000
2.000000
2.000000
2.000000
2.000000
2.000000
2.000000
2.000000
2.000000
2.000000
2.000000
2.000000
2.000000
2.000000
2.000000
2.000000
2.000000
2.000000
2.000000
2.000000
2.000000
2.000000
2.000000
2.000000
2.000000
2.000000
2.000000
2.000000
2.000000
2.000000
2.000000
2.000000
2.000000
2.000000
2.000000
2.000000
2.000000
2.000000
2.000000
2.000000
2.000000
2.000000
2.000000
2.000000
2.000000
2.000000
2.000000
2.000000
2.000000
2.000000
2.000000
2.000000
2.000000
2.000000
2.000000
2.000000
2.000000
2.000000
2.000000
2.000000
2.000000
2.000000
2.000000
2.000000
2.000000
2.000000
2.000000
2.000000
2.000000
2.000000
2.000000
2.000000
2.000000
2.000000
2.000000
2.000000
2.000000
2.000000
2.000000
2.000000
2.000000
2.000000
2.000000
2.000000
2.000000
2.000000
2.000000
2.000000
2.000000
2.000000
2.000000
2.000000
2.000000
2.000000
2.000000
2.000000
2.000000
2.000000
2.000000
2.000000
2.000000
2.000000
2.000000
2.000000
2.000000
2.000000
2.000000
2.000000
2.000000
2.000000
2.000000
2.000000
2.000000
2.000000
2.000000
2.000000
2.000000
2.000000
2.000000
2.000000
2.000000
2.000000
2.000000
2.000000
2.000000
2.000000
2.000000
2.000000
2.000000
2.000000
2.000000
2.000000
2.000000
2.000000
2.000000
2.000000
2.000000
2.000000
2.000000
2.000000
2.000000
2.000000
2.000000
2.000000
2.000000
2.000000
2.000000
2.000000
2.000000
2.000000
2.000000
2.000000
