2.000435
2.000035
1.999813
1.999813
2.000035
2.000435
2.000960
2.001572
2.002228
2.002895
2.003537
2.004134
2.004656
2.005091
2.005419
2.005637
2.005732
2.005707
2.005558
2.005295
2.004916
2.004439
2.003866
2.003216
2.002496
2.001727
2.000916
2.000086
1.999245
1.998413
1.997599
1.996821
1.996086
1.995412
1.994802
1.994272
1.993821
1.993463
1.993196
1.993030
1.992958
1.992989
1.993114
1.993337
1.993647
1.994046
1.994522
1.995073
1.995684
1.996354
1.997066
1.997816
1.998587
1.999375
2.000162
2.000944
2.001703
2.002437
2.003127
2.003772
2.004356
2.004879
2.005327
2.005701
2.005989
2.006195
2.006311
2.006341
2.006281
2.006138
2.005908
2.005602
2.005218
2.004770
2.004257
2.003695
2.003084
2.002440
2.001767
2.001080
2.000383
1.999692
1.999010
1.998352
1.997721
1.997132
1.996586
1.996097
1.995663
1.995297
1.994997
1.994771
1.994616
1.994539
1.994535
1.994608
1.994750
1.994965
1.995242
1.995583
1.995977
1.996423
1.996909
1.997433
1.997982
1.998553
1.999134
1.999720
2.000300
2.000869
2.001415
2.001937
2.002422
2.002868
2.003266
2.003616
2.003908
2.004144
2.004317
2.004431
2.004479
2.004467
2.004392
2.004260
2.004070
2.003830
2.003538
2.003206
2.002833
2.002431
2.002000
2.001552
2.001089
2.000621
2.000152
1.999692
1.999243
1.998815
1.998410
1.998036
1.997695
1.997394
1.997133
1.996917
1.996747
1.996627
1.996553
1.996530
1.996553
1.996625
1.996739
1.996898
1.997094
1.997328
1.997592
1.997884
1.998199
1.998532
1.998878
1.999233
1.999590
1.999946
2.000294
2.000631
2.000952
2.001253
2.001530
2.001781
2.002001
2.002190
2.002343
2.002462
2.002543
2.002589
2.002598
2.002572
2.002510
2.002417
2.002292
2.002139
2.001961
2.001761
2.001541
2.001307
2.001060
2.000806
2.000547
2.000288
2.000031
1.999782
1.999542
1.999315
1.999103
1.998910
1.998737
1.998587
1.998460
1.998358
1.998281
1.998231
1.998206
1.998207
1.998232
1.998282
1.998354
1.998447
1.998558
1.998687
1.998830
1.998985
1.999150
1.999323
1.999500
1.999679
1.999857
2.000033
2.000202
2.000365
2.000518
2.000660
2.000788
2.000902
2.001000
2.001082
2.001147
2.001194
2.001224
2.001236
2.001231
2.001210
2.001172
2.001120
2.001054
2.000977
2.000888
2.000791
2.000685
2.000575
2.000460
2.000342
2.000224
2.000108
1.999993
1.999883
1.999778
1.999681
1.999591
1.999510
1.999438
1.999378
1.999328
1.999289
1.999261
1.999245
1.999240
1.999247
1.999263
1.999289
1.999324
1.999368
1.999419
1.999476
1.999539
1.999606
1.999676
1.999748
1.999822
1.999895
1.999968
2.000038
2.000105
2.000169
2.000228
2.000282
2.000330
2.000372
2.000408
2.000437
2.000458
2.000473
2.000481
2.000482
2.000476
2.000465
2.000447
2.000424
2.000396
2.000364
2.000329
2.000290
2.000249
2.000207
2.000163
2.000119
2.000075
2.000032
1.999991
1.999951
1.999914
1.999880
1.999849
1.999821
1.999797
1.999777
1.999761
1.999750
1.999742
1.999738
1.999739
1.999743
1.999750
1.999761
1.999774
1.999791
1.999810
1.999830
1.999852
1.999876
1.999900
1.999925
1.999950
1.999974
1.999998
2.000021
2.000043
2.000063
2.000081
2.000098
2.000113
2.000125
2.000136
2.000144
2.000149
2.000153
2.000154
2.000153
2.000151
2.000146
2.000139
2.000131
2.000122
2.000111
2.000099
2.000087
2.000074
2.000061
2.000047
2.000034
2.000021
2.000008
1.999995
1.999984
1.999973
1.999963
1.999955
1.999947
1.999941
1.999935
1.999931
1.999928
1.999927
1.999926
1.999927
1.999928
1.999931
1.999935
1.999939
1.999944
1.999949
1.999955
1.999962
1.999968
1.999975
1.999982
1.999989
1.999995
2.000002
2.000008
2.000014
2.000019
2.000024
2.000028
2.000031
2.000034
2.000037
2.000039
2.000040
2.000040
2.000040
2.000040
2.000039
2.000037
2.000035
2.000033
2.000031
2.000028
2.000025
2.000021
2.000018
2.000015
2.000011
2.000008
2.000005
2.000001
1.999999
1.999996
1.999993
1.999991
1.999989
1.999987
1.999986
1.999985
1.999984
1.999983
1.999983
1.999983
1.999983
1.999984
1.999985
1.999985
1.999987
1.999988
1.999989
1.999990
1.999992
1.999993
1.999995
1.999997
1.999998
2.000000
2.000001
2.000002
2.000003
2.000005
2.000006
2.000006
2.000007
2.000008
2.000008
2.000008
2.000009
2.000009
2.000009
2.000008
2.000008
2.000008
2.000007
2.000007
2.000006
2.000006
2.000005
2.000004
2.000004
2.000003
2.000002
2.000001
2.000001
2.000000
2.000000
1.999999
1.999999
1.999998
1.999998
1.999998
1.999997
1.999997
1.999997
1.999997
1.999997
1.999997
1.999997
1.999997
1.999997
1.999997
1.999998
1.999998
1.999998
1.999998
1.999999
1.999999
1.999999
1.999999
2.000000
2.000000
2.000000
2.000000
2.000001
2.000001
2.000001
2.000001
2.000001
2.000001
2.000001
2.000002
2.000002
2.000002
2.000002
2.000001
2.000001
2.000001
2.000001
2.000001
2.000001
2.000001
2.000001
2.000001
2.000001
2.000000
2.000000
2.000000
2.000000
2.000000
2.000000
2.000000
2.000000
2.000000
2.000000
2.000000
2.000000
2.000000
2.000000
2.000000
2.000000
2.000000
2.000000
2.000000
2.000000
2.000000
2.000000
2.000000
2.000000
2.000000
2.000000
2.000000
2.000000
2.000000
2.000000
2.000000
2.000000
2.000000
2.000000
2.000000
2.000000
2.000000
2.000000
2.000000
2.000000
2.000000
2.000000
2.000000
2.000000
2.000000
2.000000
2.000000
2.000000
2.000000
2.000000
2.000000
2.000000
2.000000
2.000000
2.000000
2.000000
2.000000
2.000000
2.000000
2.000000
2.000000
2.000000
2.000000
2.000000
2.000000
2.000000
2.000000
2.000000
2.000000
2.000000
2.000000
2.000000
2.000000
2.000000
2.000000
2.000000
2.000000
2.000000
2.000000
2.000000
2.000000
2.000000
2.000000
2.000000
2.000000
2.000000
2.000000
2.000000
2.000000
2.000000
2.000000
2.000000
2.000000
2.000000
2.000000
2.000000
2.000000
2.000000
2.000000
2.000000
2.000000
2.000000
2.000000
2.000000
2.000000
2.000000
2.000000
2.000000
2.000000
2.000000
2.000000
2.000000
2.000000
2.000000
2.000000
2.000000
2.000000
2.000000
2.000000
2.000000
2.000000
2.000000
2.000000
2.000000
2.000000
2.000000
2.000000
2.000000
2.000000
2.000000
2.000000
2.000000
2.000000
2.000000
2.000000
2.000000
2.000000
2.000000
2.000000
2.000000
2.000000
2.000000
2.000000
2.000000
2.000000
2.000000
2.000000
2.000000
2.000000
2.000000
2.000000
2.000000
2.000000
2.000000
2.000000
2.000000
2.000000
2.000000
2.000000
2.000000
2.000000
2.000000
2.000000
2.000000
2.000000
2.000000
2.000000
2.000000
2.000000
2.000000
2.000000
2.000000
2.000000
2.000000
2.000000
2.000000
2.000000
2.000000
2.000000
2.000000
2.000000
2.000000
2.000000
2.000000
2.000000
2.000000
2.000000
2.000000
2.000000
2.000000
2.000000
2.000000
2.000000
2.000000
2.000000
2.000000
2.000000
2.000000
2.000000
2.000000
2.000000
2.000000
2.000000
2.000000
2.000000
2.000000
2.000000
2.000000
2.000000
2.000000
2.000000
2.000000
2.000000
2.000000
2.000000
2.000000
2.000000
2.000000
2.000000
2.000000
2.000000
2.000000
2.000000
2.000000
2.000000
2.000000
2.000000
2.000000
2.000000
2.000000
2.000000
2.000000
2.000000
2.000000
2.000000
2.000000
2.000000
2.000000
2.000000
2.000000
2.000000
2.000000
2.000000
2.000000
2.000000
2.000000
2.000000
2.000000
2.000000
2.000000
2.000000
2.000000
2.000000
2.000000
2.000000
2.000000
2.000000
2.000000
2.000000
2.000000
2.000000
2.000000
2.000000
2.000000
2.000000
2.000000
2.000000
2.000000
2.000000
2.000000
2.000000
2.000000
2.000000
2.000000
2.000000
2.000000
2.000000
2.000000
2.000000
2.000000
2.000000
2.000000
2.000000
2.000000
2.000000
2.000000
2.000000
2.000000
2.000000
2.000000
2.000000
2.000000
2.000000
2.000000
2.000000
2.000000
2.000000
2.000000
2.000000
2.000000
2.000000
2.000000
2.000000
2.000000
2.000000
2.000000
2.000000
2.000000
2.000000
2.000000
2.000000
2.000000
2.000000
2.000000
2.000000
2.000000
2.000000
2.000000
2.000000
2.000000
2.000000
2.000000
2.000000
2.000000
2.000000
2.000000
2.000000
2.000000
2.000000
2.000000
2.000000
2.000000
2.000000
2.000000
2.000000
2.000000
2.000000
2.000000
2.000000
2.000000
2.000000
2.000000
2.000000
2.000000
2.000000
2.000000
2.000000
2.000000
2.000000
2.000000
2.000000
2.000000
2.000000
2.000000
2.000000
2.000000
2.000000
2.000000
2.000000
2.000000
2.000000
2.000000
2.000000
2.000000
2.000000
2.000000
2.000000
2.000000
2.000000
2.000000
2.000000
2.000000
2.000000
2.000000
2.000000
2.000000
2.000000
2.000000
2.000000
2.000000
2.000000
2.000000
2.000000
2.000000
2.000000
2.000000
2.000000
2.000000
2.000000
2.000000
2.000000
2.000000
2.000000
2.000000
2.000000
2.000000
2.000000
2.000000
2.000000
2.000000
2.000000
2.000000
2.000000
2.000000
2.000000
2.000000
2.000000
2.000000
2.000000
2.000000
2.000000
2.000000
2.000000
2.000000
2.000000
2.000000
2.000000
2.000000
2.000000
2.000000
2.000000
2.000000
2.000000
2.000000
2.000000
2.000000
2.000000
2.000000
2.000000
2.000000
2.000000
2.000000
2.000000
2.000000
2.000000
2.000000
2.000000
2.000000
2.000000
2.000000
2.000000
2.000000
2.000000
2.000000
2.000000
2.000000
2.000000
2.000000
2.000000
2.000000
2.000000
2.000000
2.000000
2.000000
2.000000
2.000000
2.000000
2.000000
2.000000
2.000000
2.000000
2.000000
2.000000
2.000000
2.000000
2.000000
2.000000
2.000000
2.000000
2.000000
2.000000
2.000000
2.000000
2.000000
2.000000
2.000000
2.000000
2.000000
2.000000
2.000000
2.000000
2.000000
2.000000
2.000000
2.000000
2.000000
2.000000
2.000000
2.000000
2.000000
2.000000
2.000000
2.000000
