2.001905
2.001226
2.000836
2.000836
2.001226
2.001905
2.002820
2.003875
2.005027
2.006189
2.007327
2.008366
2.009284
2.010018
2.010560
2.010861
2.010926
2.010718
2.010256
2.009518
2.008533
2.007291
2.005832
2.004156
2.002312
2.000308
1.998197
1.995995
1.993758
1.991503
1.989289
1.987133
1.985090
1.983177
1.981444
1.979903
1.978599
1.977536
1.976753
1.976246
1.976043
1.976134
1.976537
1.977231
1.978228
1.979497
1.981040
1.982819
1.984829
1.987024
1.989394
1.991887
1.994488
1.997143
1.999835
2.002508
2.005143
2.007688
2.010126
2.012405
2.014514
2.016406
2.018074
2.019480
2.020622
2.021470
2.022031
2.022282
2.022239
2.021888
2.021252
2.020327
2.019143
2.017703
2.016045
2.014178
2.012145
2.009959
2.007668
2.005289
2.002869
2.000429
1.998015
1.995647
1.993369
1.991199
1.989177
1.987317
1.985655
1.984198
1.982977
1.981991
1.981265
1.980793
1.980590
1.980642
1.980960
1.981522
1.982330
1.983358
1.984601
1.986028
1.987628
1.989366
1.991228
1.993176
1.995193
1.997240
1.999301
2.001334
2.003326
2.005238
2.007056
2.008746
2.010298
2.011681
2.012892
2.013904
2.014718
2.015315
2.015702
2.015865
2.015817
2.015551
2.015085
2.014419
2.013575
2.012557
2.011393
2.010090
2.008680
2.007174
2.005603
2.003980
2.002339
2.000692
1.999072
1.997491
1.995978
1.994544
1.993217
1.992002
1.990924
1.989986
1.989206
1.988583
1.988131
1.987845
1.987733
1.987785
1.988006
1.988380
1.988908
1.989571
1.990366
1.991271
1.992279
1.993367
1.994526
1.995731
1.996973
1.998225
1.999480
2.000711
2.001910
2.003055
2.004138
2.005138
2.006051
2.006860
2.007562
2.008144
2.008607
2.008942
2.009152
2.009232
2.009190
2.009023
2.008742
2.008349
2.007857
2.007269
2.006601
2.005860
2.005062
2.004214
2.003335
2.002431
2.001522
2.000614
1.999726
1.998863
1.998042
1.997268
1.996555
1.995906
1.995334
1.994839
1.994431
1.994108
1.993877
1.993735
1.993685
1.993720
1.993843
1.994046
1.994326
1.994675
1.995089
1.995558
1.996076
1.996633
1.997222
1.997832
1.998457
1.999084
1.999708
2.000318
2.000909
2.001470
2.001998
2.002482
2.002922
2.003309
2.003642
2.003916
2.004132
2.004284
2.004378
2.004408
2.004382
2.004296
2.004158
2.003968
2.003732
2.003454
2.003140
2.002794
2.002424
2.002033
2.001629
2.001217
2.000804
2.000394
1.999994
1.999608
1.999242
1.998899
1.998585
1.998301
1.998051
1.997837
1.997661
1.997523
1.997426
1.997368
1.997349
1.997367
1.997422
1.997511
1.997632
1.997781
1.997958
1.998156
1.998374
1.998606
1.998851
1.999103
1.999360
1.999617
1.999871
2.000118
2.000357
2.000582
2.000792
2.000984
2.001158
2.001309
2.001439
2.001545
2.001627
2.001684
2.001718
2.001727
2.001714
2.001678
2.001622
2.001547
2.001455
2.001347
2.001226
2.001094
2.000953
2.000805
2.000653
2.000498
2.000345
2.000192
2.000045
1.999903
1.999770
1.999645
1.999531
1.999428
1.999339
1.999263
1.999200
1.999152
1.999118
1.999098
1.999092
1.999099
1.999119
1.999150
1.999193
1.999245
1.999306
1.999375
1.999449
1.999529
1.999612
1.999697
1.999784
1.999870
1.999954
2.000036
2.000115
2.000189
2.000258
2.000320
2.000376
2.000425
2.000466
2.000499
2.000525
2.000542
2.000552
2.000554
2.000550
2.000537
2.000519
2.000495
2.000465
2.000431
2.000393
2.000351
2.000307
2.000261
2.000214
2.000167
2.000120
2.000074
2.000029
1.999986
1.999946
1.999909
1.999875
1.999844
1.999818
1.999796
1.999777
1.999763
1.999754
1.999748
1.999746
1.999748
1.999754
1.999763
1.999775
1.999790
1.999807
1.999827
1.999848
1.999870
1.999893
1.999916
1.999940
1.999964
1.999987
2.000009
2.000030
2.000050
2.000069
2.000085
2.000100
2.000113
2.000124
2.000132
2.000139
2.000143
2.000146
2.000146
2.000144
2.000141
2.000136
2.000130
2.000122
2.000113
2.000103
2.000092
2.000081
2.000069
2.000058
2.000046
2.000034
2.000022
2.000011
2.000001
1.999991
1.999981
1.999973
1.999966
1.999959
1.999954
1.999950
1.999946
1.999944
1.999942
1.999942
1.999943
1.999944
1.999946
1.999949
1.999952
1.999956
1.999961
1.999965
1.999970
1.999976
1.999981
1.999986
1.999992
1.999997
2.000002
2.000006
2.000011
2.000015
2.000019
2.000022
2.000025
2.000027
2.000029
2.000030
2.000031
2.000031
2.000031
2.000031
2.000030
2.000029
2.000028
2.000026
2.000024
2.000022
2.000020
2.000018
2.000015
2.000013
2.000010
2.000008
2.000005
2.000003
2.000001
1.999999
1.999997
1.999995
1.999994
1.999993
1.999992
1.999991
1.999990
1.999990
1.999989
1.999989
1.999989
1.999989
1.999990
1.999990
1.999991
1.999992
1.999993
1.999994
1.999995
1.999995
1.999996
1.999997
1.999998
1.999999
2.000000
2.000001
2.000002
2.000003
2.000003
2.000004
2.000004
2.000005
2.000005
2.000005
2.000005
2.000006
2.000006
2.000005
2.000005
2.000005
2.000005
2.000005
2.000004
2.000004
2.000004
2.000003
2.000003
2.000002
2.000002
2.000001
2.000001
2.000001
2.000000
2.000000
2.000000
1.999999
1.999999
1.999999
1.999999
1.999999
1.999998
1.999998
1.999998
1.999998
1.999998
1.999998
1.999998
1.999999
1.999999
1.999999
1.999999
1.999999
1.999999
1.999999
1.999999
2.000000
2.000000
2.000000
2.000000
2.000000
2.000000
2.000000
2.000000
2.000001
2.000001
2.000001
2.000001
2.000001
2.000001
2.000001
2.000001
2.000001
2.000001
2.000001
2.000001
2.000001
2.000001
2.000001
2.000001
2.000000
2.000000
2.000000
2.000000
2.000000
2.000000
2.000000
2.000000
2.000000
2.000000
2.000000
2.000000
2.000000
2.000000
2.000000
2.000000
2.000000
2.000000
2.000000
2.000000
2.000000
2.000000
2.000000
2.000000
2.000000
2.000000
2.000000
2.000000
2.000000
2.000000
2.000000
2.000000
2.000000
2.000000
2.000000
2.000000
2.000000
2.000000
2.000000
2.000000
2.000000
2.000000
2.000000
2.000000
2.000000
2.000000
2.000000
2.000000
2.000000
2.000000
2.000000
2.000000
2.000000
2.000000
2.000000
2.000000
2.000000
2.000000
2.000000
2.000000
2.000000
2.000000
2.000000
2.000000
2.000000
2.000000
2.000000
2.000000
2.000000
2.000000
2.000000
2.000000
2.000000
2.000000
2.000000
2.000000
2.000000
2.000000
2.000000
2.000000
2.000000
2.000000
2.000000
2.000000
2.000000
2.000000
2.000000
2.000000
2.000000
2.000000
2.000000
2.000000
2.000000
2.000000
2.000000
2.000000
2.000000
2.000000
2.000000
2.000000
2.000000
2.000000
2.000000
2.000000
2.000000
2.000000
2.000000
2.000000
2.000000
2.000000
2.000000
2.000000
2.000000
2.000000
2.000000
2.000000
2.000000
2.000000
2.000000
2.000000
2.000000
2.000000
2.000000
2.000000
2.000000
2.000000
2.000000
2.000000
2.000000
2.000000
2.000000
2.000000
2.000000
2.000000
2.000000
2.000000
2.000000
2.000000
2.000000
2.000000
2.000000
2.000000
2.000000
2.000000
2.000000
2.000000
2.000000
2.000000
2.000000
2.000000
2.000000
2.000000
2.000000
2.000000
2.000000
2.000000
2.000000
2.000000
2.000000
2.000000
2.000000
2.000000
2.000000
2.000000
2.000000
2.000000
2.000000
2.000000
2.000000
2.000000
2.000000
2.000000
2.000000
2.000000
2.000000
2.000000
2.000000
2.000000
2.000000
2.000000
2.000000
2.000000
2.000000
2.000000
2.000000
2.000000
2.000000
2.000000
2.000000
2.000000
2.000000
2.000000
2.000000
2.000000
2.000000
2.000000
2.000000
2.000000
2.000000
2.000000
2.000000
2.000000
2.000000
2.000000
2.000000
2.000000
2.000000
2.000000
2.000000
2.000000
2.000000
2.000000
2.000000
2.000000
2.000000
2.000000
2.000000
2.000000
2.000000
2.000000
2.000000
2.000000
2.000000
2.000000
2.000000
2.000000
2.000000
2.000000
2.000000
2.000000
2.000000
2.000000
2.000000
2.000000
2.000000
2.000000
2.000000
2.000000
2.000000
2.000000
2.000000
2.000000
2.000000
2.000000
2.000000
2.000000
2.000000
2.000000
2.000000
2.000000
2.000000
2.000000
2.000000
2.000000
2.000000
2.000000
2.000000
2.000000
2.000000
2.000000
2.000000
2.000000
2.000000
2.000000
2.000000
2.000000
2.000000
2.000000
2.000000
2.000000
2.000000
2.000000
2.000000
2.000000
2.000000
2.000000
2.000000
2.000000
2.000000
2.000000
2.000000
2.000000
2.000000
2.000000
2.000000
2.000000
2.000000
2.000000
2.000000
2.000000
2.000000
2.000000
2.000000
2.000000
2.000000
2.000000
2.000000
2.000000
2.000000
2.000000
2.000000
2.000000
2.000000
2.000000
2.000000
2.000000
2.000000
2.000000
2.000000
2.000000
2.000000
2.000000
2.000000
2.000000
2.000000
2.000000
2.000000
2.000000
2.000000
2.000000
2.000000
2.000000
2.000000
2.000000
2.000000
2.000000
2.000000
2.000000
2.000000
2.000000
2.000000
2.000000
2.000000
2.000000
2.000000
2.000000
2.000000
2.000000
2.000000
2.000000
2.000000
2.000000
2.000000
2.000000
2.000000
2.000000
2.000000
2.000000
2.000000
2.000000
2.000000
2.000000
2.000000
2.000000
2.000000
2.000000
2.000000
2.000000
2.000000
2.000000
2.000000
2.000000
2.000000
2.000000
2.000000
2.000000
2.000000
2.000000
2.000000
2.000000
2.000000
2.000000
2.000000
2.000000
2.000000
2.000000
2.000000
2.000000
2.000000
2.000000
2.000000
2.000000
2.000000
2.000000
2.000000
2.000000
2.000000
2.000000
2.000000
2.000000
2.000000
2.000000
2.000000
2.000000
2.000000
2.000000
2.000000
2.000000
2.000000
2.000000
2.000000
2.000000
2.000000
2.000000
2.000000
2.000000
2.000000
2.000000
2.000000
2.000000
2.000000
2.000000
2.000000
2.000000
2.000000
2.000000
2.000000
2.000000
2.000000
2.000000
2.000000
2.000000
2.000000
2.000000
2.000000
2.000000
2.000000
2.000000
2.000000
2.000000
2.000000
2.000000
2.000000
2.000000
2.000000
2.000000
2.000000
2.000000
