2.001682
2.001012
2.000627
2.000627
2.001012
2.001682
2.002586
2.003633
2.004778
2.005939
2.007081
2.008134
2.009073
2.009841
2.010427
2.010786
2.010919
2.010796
2.010430
2.009802
2.008938
2.007831
2.006516
2.004995
2.003312
2.001476
1.999536
1.997507
1.995441
1.993355
1.991303
1.989301
1.987401
1.985616
1.983996
1.982550
1.981319
1.980308
1.979552
1.979048
1.978821
1.978861
1.979185
1.979776
1.980640
1.981753
1.983114
1.984691
1.986475
1.988429
1.990540
1.992763
1.995084
1.997454
1.999855
2.002241
2.004591
2.006861
2.009032
2.011062
2.012936
2.014616
2.016094
2.017336
2.018341
2.019082
2.019565
2.019772
2.019714
2.019382
2.018795
2.017952
2.016878
2.015578
2.014084
2.012406
2.010582
2.008627
2.006579
2.004457
2.002302
2.000133
1.997991
1.995893
1.993879
1.991965
1.990187
1.988555
1.987102
1.985835
1.984778
1.983934
1.983321
1.982935
1.982788
1.982869
1.983185
1.983717
1.984465
1.985408
1.986539
1.987831
1.989273
1.990835
1.992503
1.994244
1.996043
1.997864
1.999692
2.001494
2.003253
2.004938
2.006535
2.008015
2.009369
2.010571
2.011615
2.012482
2.013170
2.013666
2.013972
2.014080
2.014000
2.013727
2.013277
2.012652
2.011870
2.010937
2.009875
2.008696
2.007423
2.006070
2.004663
2.003215
2.001754
2.000293
1.998859
1.997465
1.996135
1.994881
1.993723
1.992669
1.991739
1.990937
1.990276
1.989757
1.989390
1.989172
1.989107
1.989190
1.989419
1.989785
1.990285
1.990903
1.991635
1.992463
1.993378
1.994361
1.995404
1.996484
1.997592
1.998707
1.999818
2.000906
2.001961
2.002965
2.003910
2.004779
2.005568
2.006261
2.006858
2.007346
2.007727
2.007994
2.008149
2.008189
2.008120
2.007942
2.007663
2.007286
2.006823
2.006278
2.005664
2.004988
2.004264
2.003500
2.002711
2.001904
2.001095
2.000291
1.999507
1.998749
1.998031
1.997358
1.996741
1.996185
1.995697
1.995281
1.994942
1.994681
1.994501
1.994401
1.994382
1.994439
1.994573
1.994776
1.995047
1.995377
1.995763
1.996196
1.996670
1.997176
1.997708
1.998255
1.998813
1.999371
1.999924
2.000461
2.000979
2.001468
2.001925
2.002343
2.002718
2.003045
2.003323
2.003548
2.003720
2.003836
2.003899
2.003907
2.003864
2.003769
2.003629
2.003443
2.003219
2.002958
2.002667
2.002350
2.002013
2.001659
2.001296
2.000928
2.000561
2.000198
1.999847
1.999509
1.999191
1.998896
1.998626
1.998385
1.998176
1.997999
1.997856
1.997749
1.997677
1.997639
1.997637
1.997667
1.997729
1.997820
1.997940
1.998083
1.998249
1.998434
1.998634
1.998847
1.999069
1.999296
1.999525
1.999754
1.999978
2.000195
2.000403
2.000598
2.000779
2.000943
2.001089
2.001215
2.001321
2.001406
2.001469
2.001510
2.001530
2.001529
2.001508
2.001467
2.001409
2.001335
2.001246
2.001144
2.001031
2.000909
2.000780
2.000646
2.000509
2.000371
2.000235
2.000101
1.999972
1.999849
1.999733
1.999627
1.999530
1.999444
1.999370
1.999309
1.999259
1.999223
1.999199
1.999188
1.999189
1.999201
1.999224
1.999258
1.999300
1.999351
1.999410
1.999474
1.999543
1.999616
1.999691
1.999768
1.999845
1.999922
1.999996
2.000068
2.000136
2.000200
2.000258
2.000311
2.000358
2.000397
2.000430
2.000456
2.000475
2.000487
2.000492
2.000490
2.000482
2.000468
2.000449
2.000424
2.000395
2.000363
2.000327
2.000288
2.000248
2.000206
2.000164
2.000122
2.000080
2.000040
2.000001
1.999964
1.999929
1.999898
1.999869
1.999845
1.999823
1.999805
1.999791
1.999781
1.999775
1.999772
1.999773
1.999777
1.999784
1.999794
1.999806
1.999821
1.999837
1.999856
1.999875
1.999895
1.999916
1.999938
1.999959
1.999980
2.000000
2.000020
2.000038
2.000055
2.000070
2.000084
2.000096
2.000107
2.000115
2.000121
2.000126
2.000129
2.000130
2.000129
2.000126
2.000122
2.000117
2.000111
2.000103
2.000094
2.000085
2.000075
2.000065
2.000054
2.000043
2.000033
2.000022
2.000012
2.000003
1.999994
1.999985
1.999977
1.999971
1.999965
1.999959
1.999955
1.999952
1.999950
1.999948
1.999948
1.999948
1.999949
1.999951
1.999953
1.999956
1.999959
1.999963
1.999968
1.999972
1.999977
1.999981
1.999986
1.999991
1.999996
2.000000
2.000005
2.000009
2.000012
2.000016
2.000019
2.000021
2.000023
2.000025
2.000026
2.000027
2.000028
2.000028
2.000028
2.000027
2.000026
2.000025
2.000024
2.000022
2.000020
2.000018
2.000016
2.000014
2.000012
2.000009
2.000007
2.000005
2.000003
2.000001
1.999999
1.999997
1.999996
1.999995
1.999993
1.999992
1.999992
1.999991
1.999991
1.999990
1.999990
1.999990
1.999990
1.999991
1.999991
1.999992
1.999993
1.999993
1.999994
1.999995
1.999996
1.999997
1.999998
1.999998
1.999999
2.000000
2.000001
2.000002
2.000002
2.000003
2.000003
2.000004
2.000004
2.000004
2.000005
2.000005
2.000005
2.000005
2.000005
2.000005
2.000005
2.000004
2.000004
2.000004
2.000004
2.000003
2.000003
2.000002
2.000002
2.000002
2.000001
2.000001
2.000001
2.000000
2.000000
2.000000
1.999999
1.999999
1.999999
1.999999
1.999999
1.999999
1.999999
1.999998
1.999999
1.999998
1.999999
1.999999
1.999999
1.999999
1.999999
1.999999
1.999999
1.999999
1.999999
1.999999
2.000000
2.000000
2.000000
2.000000
2.000000
2.000000
2.000000
2.000000
2.000001
2.000001
2.000001
2.000001
2.000001
2.000001
2.000001
2.000001
2.000001
2.000001
2.000001
2.000001
2.000001
2.000001
2.000001
2.000000
2.000000
2.000000
2.000000
2.000000
2.000000
2.000000
2.000000
2.000000
2.000000
2.000000
2.000000
2.000000
2.000000
2.000000
2.000000
2.000000
2.000000
2.000000
2.000000
2.000000
2.000000
2.000000
2.000000
2.000000
2.000000
2.000000
2.000000
2.000000
2.000000
2.000000
2.000000
2.000000
2.000000
2.000000
2.000000
2.000000
2.000000
2.000000
2.000000
2.000000
2.000000
2.000000
2.000000
2.000000
2.000000
2.000000
2.000000
2.000000
2.000000
2.000000
2.000000
2.000000
2.000000
2.000000
2.000000
2.000000
2.000000
2.000000
2.000000
2.000000
2.000000
2.000000
2.000000
2.000000
2.000000
2.000000
2.000000
2.000000
2.000000
2.000000
2.000000
2.000000
2.000000
2.000000
2.000000
2.000000
2.000000
2.000000
2.000000
2.000000
2.000000
2.000000
2.000000
2.000000
2.000000
2.000000
2.000000
2.000000
2.000000
2.000000
2.000000
2.000000
2.000000
2.000000
2.000000
2.000000
2.000000
2.000000
2.000000
2.000000
2.000000
2.000000
2.000000
2.000000
2.000000
2.000000
2.000000
2.000000
2.000000
2.000000
2.000000
2.000000
2.000000
2.000000
2.000000
2.000000
2.000000
2.000000
2.000000
2.000000
2.000000
2.000000
2.000000
2.000000
2.000000
2.000000
2.000000
2.000000
2.000000
2.000000
2.000000
2.000000
2.000000
2.000000
2.000000
2.000000
2.000000
2.000000
2.000000
2.000000
2.000000
2.000000
2.000000
2.000000
2.000000
2.000000
2.000000
2.000000
2.000000
2.000000
2.000000
2.000000
2.000000
2.000000
2.000000
2.000000
2.000000
2.000000
2.000000
2.000000
2.000000
2.000000
2.000000
2.000000
2.000000
2.000000
2.000000
2.000000
2.000000
2.000000
2.000000
2.000000
2.000000
2.000000
2.000000
2.000000
2.000000
2.000000
2.000000
2.000000
2.000000
2.000000
2.000000
2.000000
2.000000
2.000000
2.000000
2.000000
2.000000
2.000000
2.000000
2.000000
2.000000
2.000000
2.000000
2.000000
2.000000
2.000000
2.000000
2.000000
2.000000
2.000000
2.000000
2.000000
2.000000
2.000000
2.000000
2.000000
2.000000
2.000000
2.000000
2.000000
2.000000
2.000000
2.000000
2.000000
2.000000
2.000000
2.000000
2.000000
2.000000
2.000000
2.000000
2.000000
2.000000
2.000000
2.000000
2.000000
2.000000
2.000000
2.000000
2.000000
2.000000
2.000000
2.000000
2.000000
2.000000
2.000000
2.000000
2.000000
2.000000
2.000000
2.000000
2.000000
2.000000
2.000000
2.000000
2.000000
2.000000
2.000000
2.000000
2.000000
2.000000
2.000000
2.000000
2.000000
2.000000
2.000000
2.000000
2.000000
2.000000
2.000000
2.000000
2.000000
2.000000
2.000000
2.000000
2.000000
2.000000
2.000000
2.000000
2.000000
2.000000
2.000000
2.000000
2.000000
2.000000
2.000000
2.000000
2.000000
2.000000
2.000000
2.000000
2.000000
2.000000
2.000000
2.000000
2.000000
2.000000
2.000000
2.000000
2.000000
2.000000
2.000000
2.000000
2.000000
2.000000
2.000000
2.000000
2.000000
2.000000
2.000000
2.000000
2.000000
2.000000
2.000000
2.000000
2.000000
2.000000
2.000000
2.000000
2.000000
2.000000
2.000000
2.000000
2.000000
2.000000
2.000000
2.000000
2.000000
2.000000
2.000000
2.000000
2.000000
2.000000
2.000000
2.000000
2.000000
2.000000
2.000000
2.000000
2.000000
2.000000
2.000000
2.000000
2.000000
2.000000
2.000000
2.000000
2.000000
2.000000
2.000000
2.000000
2.000000
2.000000
2.000000
2.000000
2.000000
2.000000
2.000000
2.000000
2.000000
2.000000
2.000000
2.000000
2.000000
2.000000
2.000000
2.000000
2.000000
2.000000
2.000000
2.000000
2.000000
2.000000
2.000000
2.000000
2.000000
2.000000
2.000000
2.000000
2.000000
2.000000
2.000000
2.000000
2.000000
2.000000
2.000000
2.000000
2.000000
2.000000
2.000000
2.000000
2.000000
2.000000
2.000000
2.000000
2.000000
2.000000
2.000000
2.000000
2.000000
2.000000
2.000000
2.000000
2.000000
2.000000
2.000000
2.000000
2.000000
2.000000
2.000000
2.000000
2.000000
2.000000
2.000000
2.000000
2.000000
2.000000
2.000000
2.000000
2.000000
2.000000
2.000000
2.000000
2.000000
2.000000
2.000000
2.000000
2.000000
2.000000
2.000000
2.000000
2.000000
2.000000
2.000000
2.000000
2.000000
2.000000
2.000000
2.000000
2.000000
2.000000
2.000000
2.000000
2.000000
2.000000
2.000000
2.000000
