2.001271
2.000649
2.000295
2.000295
2.000649
2.001271
2.002107
2.003080
2.004143
2.005227
2.006295
2.007287
2.008180
2.008924
2.009506
2.009891
2.010076
2.010038
2.009787
2.009308
2.008623
2.007728
2.006652
2.005399
2.004005
2.002480
2.000866
1.999176
1.997453
1.995715
1.994002
1.992333
1.990746
1.989258
1.987904
1.986695
1.985662
1.984811
1.984167
1.983730
1.983518
1.983524
1.983758
1.984209
1.984878
1.985748
1.986815
1.988054
1.989458
1.990996
1.992656
1.994405
1.996226
1.998087
1.999968
2.001836
2.003671
2.005442
2.007130
2.008706
2.010155
2.011450
2.012583
2.013530
2.014288
2.014840
2.015186
2.015318
2.015241
2.014952
2.014464
2.013778
2.012913
2.011875
2.010688
2.009364
2.007927
2.006394
2.004793
2.003140
2.001464
1.999785
1.998130
1.996516
1.994970
1.993508
1.992153
1.990919
1.989824
1.988879
1.988097
1.987484
1.987049
1.986793
1.986720
1.986826
1.987110
1.987562
1.988178
1.988943
1.989849
1.990878
1.992018
1.993249
1.994555
1.995914
1.997312
1.998724
2.000135
2.001521
2.002869
2.004156
2.005368
2.006488
2.007504
2.008402
2.009172
2.009804
2.010294
2.010635
2.010827
2.010867
2.010759
2.010506
2.010115
2.009592
2.008949
2.008194
2.007342
2.006404
2.005397
2.004334
2.003232
2.002106
2.000973
1.999848
1.998747
1.997683
1.996672
1.995726
1.994856
1.994074
1.993388
1.992805
1.992332
1.991972
1.991730
1.991604
1.991596
1.991701
1.991918
1.992241
1.992662
1.993175
1.993770
1.994437
1.995167
1.995947
1.996766
1.997612
1.998472
1.999336
2.000190
2.001023
2.001825
2.002585
2.003294
2.003942
2.004523
2.005030
2.005457
2.005801
2.006058
2.006228
2.006310
2.006304
2.006214
2.006041
2.005791
2.005469
2.005081
2.004635
2.004136
2.003595
2.003019
2.002417
2.001798
2.001171
2.000545
1.999929
1.999330
1.998757
1.998216
1.997715
1.997259
1.996854
1.996502
1.996209
1.995976
1.995805
1.995696
1.995650
1.995665
1.995739
1.995870
1.996055
1.996288
1.996567
1.996885
1.997237
1.997618
1.998021
1.998440
1.998870
1.999303
1.999734
2.000156
2.000565
2.000955
2.001321
2.001659
2.001965
2.002236
2.002469
2.002662
2.002813
2.002922
2.002989
2.003014
2.002997
2.002941
2.002847
2.002718
2.002556
2.002366
2.002150
2.001912
2.001656
2.001387
2.001108
2.000824
2.000538
2.000255
1.999979
1.999713
1.999460
1.999224
1.999007
1.998812
1.998640
1.998493
1.998373
1.998279
1.998213
1.998174
1.998163
1.998177
1.998217
1.998279
1.998365
1.998470
1.998593
1.998731
1.998883
1.999044
1.999215
1.999389
1.999567
1.999745
1.999920
2.000091
2.000255
2.000409
2.000553
2.000685
2.000803
2.000906
2.000993
2.001064
2.001118
2.001155
2.001175
2.001179
2.001168
2.001140
2.001099
2.001045
2.000979
2.000903
2.000818
2.000725
2.000626
2.000523
2.000417
2.000310
2.000204
2.000100
1.999998
1.999902
1.999811
1.999726
1.999649
1.999581
1.999521
1.999471
1.999431
1.999400
1.999380
1.999368
1.999367
1.999375
1.999391
1.999415
1.999447
1.999486
1.999530
1.999579
1.999632
1.999688
1.999746
1.999806
1.999866
1.999925
1.999984
2.000040
2.000093
2.000143
2.000190
2.000231
2.000269
2.000300
2.000327
2.000348
2.000364
2.000374
2.000378
2.000378
2.000372
2.000362
2.000348
2.000329
2.000307
2.000282
2.000255
2.000225
2.000194
2.000162
2.000129
2.000096
2.000064
2.000032
2.000002
1.999973
1.999946
1.999921
1.999899
1.999879
1.999863
1.999849
1.999838
1.999829
1.999824
1.999822
1.999822
1.999825
1.999830
1.999838
1.999848
1.999859
1.999872
1.999886
1.999901
1.999917
1.999933
1.999950
1.999966
1.999983
1.999999
2.000014
2.000028
2.000041
2.000053
2.000064
2.000074
2.000081
2.000088
2.000093
2.000097
2.000099
2.000100
2.000099
2.000097
2.000094
2.000090
2.000085
2.000079
2.000072
2.000065
2.000057
2.000049
2.000041
2.000033
2.000024
2.000016
2.000009
2.000001
1.999994
1.999988
1.999982
1.999976
1.999972
1.999968
1.999965
1.999962
1.999960
1.999959
1.999959
1.999959
1.999960
1.999961
1.999963
1.999966
1.999968
1.999972
1.999975
1.999978
1.999982
1.999986
1.999989
1.999993
1.999997
2.000000
2.000004
2.000007
2.000010
2.000012
2.000014
2.000016
2.000018
2.000019
2.000020
2.000021
2.000021
2.000022
2.000021
2.000021
2.000020
2.000019
2.000018
2.000017
2.000015
2.000014
2.000012
2.000010
2.000009
2.000007
2.000005
2.000003
2.000002
2.000000
1.999999
1.999998
1.999997
1.999996
1.999995
1.999994
1.999993
1.999993
1.999992
1.999992
1.999992
1.999992
1.999993
1.999993
1.999993
1.999994
1.999994
1.999995
1.999995
1.999996
1.999997
1.999998
1.999998
1.999999
2.000000
2.000000
2.000001
2.000001
2.000002
2.000002
2.000003
2.000003
2.000003
2.000004
2.000004
2.000004
2.000004
2.000004
2.000004
2.000004
2.000003
2.000003
2.000003
2.000003
2.000003
2.000002
2.000002
2.000002
2.000001
2.000001
2.000001
2.000001
2.000000
2.000000
2.000000
2.000000
1.999999
1.999999
1.999999
1.999999
1.999999
1.999999
1.999999
1.999999
1.999999
1.999999
1.999999
1.999999
1.999999
1.999999
1.999999
1.999999
1.999999
1.999999
2.000000
2.000000
2.000000
2.000000
2.000000
2.000000
2.000000
2.000000
2.000000
2.000000
2.000000
2.000000
2.000000
2.000001
2.000001
2.000001
2.000001
2.000001
2.000001
2.000001
2.000000
2.000000
2.000000
2.000000
2.000000
2.000000
2.000000
2.000000
2.000000
2.000000
2.000000
2.000000
2.000000
2.000000
2.000000
2.000000
2.000000
2.000000
2.000000
2.000000
2.000000
2.000000
2.000000
2.000000
2.000000
2.000000
2.000000
2.000000
2.000000
2.000000
2.000000
2.000000
2.000000
2.000000
2.000000
2.000000
2.000000
2.000000
2.000000
2.000000
2.000000
2.000000
2.000000
2.000000
2.000000
2.000000
2.000000
2.000000
2.000000
2.000000
2.000000
2.000000
2.000000
2.000000
2.000000
2.000000
2.000000
2.000000
2.000000
2.000000
2.000000
2.000000
2.000000
2.000000
2.000000
2.000000
2.000000
2.000000
2.000000
2.000000
2.000000
2.000000
2.000000
2.000000
2.000000
2.000000
2.000000
2.000000
2.000000
2.000000
2.000000
2.000000
2.000000
2.000000
2.000000
2.000000
2.000000
2.000000
2.000000
2.000000
2.000000
2.000000
2.000000
2.000000
2.000000
2.000000
2.000000
2.000000
2.000000
2.000000
2.000000
2.000000
2.000000
2.000000
2.000000
2.000000
2.000000
2.000000
2.000000
2.000000
2.000000
2.000000
2.000000
2.000000
2.000000
2.000000
2.000000
2.000000
2.000000
2.000000
2.000000
2.000000
2.000000
2.000000
2.000000
2.000000
2.000000
2.000000
2.000000
2.000000
2.000000
2.000000
2.000000
2.000000
2.000000
2.000000
2.000000
2.000000
2.000000
2.000000
2.000000
2.000000
2.000000
2.000000
2.000000
2.000000
2.000000
2.000000
2.000000
2.000000
2.000000
2.000000
2.000000
2.000000
2.000000
2.000000
2.000000
2.000000
2.000000
2.000000
2.000000
2.000000
2.000000
2.000000
2.000000
2.000000
2.000000
2.000000
2.000000
2.000000
2.000000
2.000000
2.000000
2.000000
2.000000
2.000000
2.000000
2.000000
2.000000
2.000000
2.000000
2.000000
2.000000
2.000000
2.000000
2.000000
2.000000
2.000000
2.000000
2.000000
2.000000
2.000000
2.000000
2.000000
2.000000
2.000000
2.000000
2.000000
2.000000
2.000000
2.000000
2.000000
2.000000
2.000000
2.000000
2.000000
2.000000
2.000000
2.000000
2.000000
2.000000
2.000000
2.000000
2.000000
2.000000
2.000000
2.000000
2.000000
2.000000
2.000000
2.000000
2.000000
2.000000
2.000000
2.000000
2.000000
2.000000
2.000000
2.000000
2.000000
2.000000
2.000000
2.000000
2.000000
2.000000
2.000000
2.000000
2.000000
2.000000
2.000000
2.000000
2.000000
2.000000
2.000000
2.000000
2.000000
2.000000
2.000000
2.000000
2.000000
2.000000
2.000000
2.000000
2.000000
2.000000
2.000000
2.000000
2.000000
2.000000
2.000000
2.000000
2.000000
2.000000
2.000000
2.000000
2.000000
2.000000
2.000000
2.000000
2.000000
2.000000
2.000000
2.000000
2.000000
2.000000
2.000000
2.000000
2.000000
2.000000
2.000000
2.000000
2.000000
2.000000
2.000000
2.000000
2.000000
2.000000
2.000000
2.000000
2.000000
2.000000
2.000000
2.000000
2.000000
2.000000
2.000000
2.000000
2.000000
2.000000
2.000000
2.000000
2.000000
2.000000
2.000000
2.000000
2.000000
2.000000
2.000000
2.000000
2.000000
2.000000
2.000000
2.000000
2.000000
2.000000
2.000000
2.000000
2.000000
2.000000
2.000000
2.000000
2.000000
2.000000
2.000000
2.000000
2.000000
2.000000
2.000000
2.000000
2.000000
2.000000
2.000000
2.000000
2.000000
2.000000
2.000000
2.000000
2.000000
2.000000
2.000000
2.000000
2.000000
2.000000
2.000000
2.000000
2.000000
2.000000
2.000000
2.000000
2.000000
2.000000
2.000000
2.000000
2.000000
2.000000
2.000000
2.000000
2.000000
2.000000
2.000000
2.000000
2.000000
2.000000
2.000000
2.000000
2.000000
2.000000
2.000000
2.000000
2.000000
2.000000
2.000000
2.000000
2.000000
2.000000
2.000000
2.000000
2.000000
2.000000
2.000000
2.000000
2.000000
2.000000
2.000000
2.000000
2.000000
2.000000
2.000000
2.000000
2.000000
2.000000
2.000000
2.000000
2.000000
2.000000
2.000000
2.000000
2.000000
2.000000
2.000000
2.000000
2.000000
2.000000
2.000000
2.000000
2.000000
2.000000
2.000000
2.000000
2.000000
2.000000
2.000000
2.000000
2.000000
2.000000
2.000000
2.000000
2.000000
2.000000
2.000000
2.000000
2.000000
2.000000
2.000000
2.000000
2.000000
2.000000
2.000000
2.000000
2.000000
2.000000
2.000000
2.000000
2.000000
2.000000
2.000000
2.000000
2.000000
2.000000
2.000000
2.000000
2.000000
2.000000
2.000000
2.000000
2.000000
