2.001623
2.000958
2.000576
2.000576
2.000958
2.001623
2.002522
2.003562
2.004701
2.005856
2.006994
2.008044
2.008983
2.009753
2.010345
2.010712
2.010859
2.010752
2.010407
2.009804
2.008968
2.007894
2.006614
2.005132
2.003490
2.001697
1.999802
1.997820
1.995800
1.993761
1.991754
1.989795
1.987935
1.986189
1.984602
1.983185
1.981978
1.980985
1.980241
1.979741
1.979512
1.979544
1.979852
1.980419
1.981253
1.982328
1.983646
1.985172
1.986901
1.988794
1.990839
1.992994
1.995243
1.997539
1.999867
2.002178
2.004455
2.006653
2.008756
2.010720
2.012534
2.014159
2.015588
2.016787
2.017757
2.018470
2.018933
2.019128
2.019067
2.018741
2.018167
2.017346
2.016301
2.015037
2.013586
2.011959
2.010189
2.008294
2.006309
2.004254
2.002168
2.000069
1.997997
1.995969
1.994023
1.992175
1.990458
1.988885
1.987485
1.986265
1.985249
1.984440
1.983855
1.983490
1.983355
1.983442
1.983755
1.984277
1.985009
1.985928
1.987028
1.988283
1.989684
1.991199
1.992816
1.994503
1.996244
1.998007
1.999775
2.001517
2.003216
2.004843
2.006383
2.007811
2.009114
2.010271
2.011274
2.012105
2.012763
2.013234
2.013521
2.013617
2.013531
2.013259
2.012816
2.012203
2.011438
2.010529
2.009496
2.008350
2.007115
2.005802
2.004438
2.003036
2.001622
2.000209
1.998824
1.997478
1.996194
1.994985
1.993870
1.992857
1.991964
1.991194
1.990562
1.990068
1.989722
1.989519
1.989465
1.989552
1.989782
1.990144
1.990634
1.991239
1.991953
1.992759
1.993649
1.994605
1.995615
1.996663
1.997736
1.998815
1.999889
2.000940
2.001958
2.002926
2.003836
2.004673
2.005430
2.006095
2.006665
2.007132
2.007493
2.007744
2.007886
2.007918
2.007844
2.007664
2.007388
2.007018
2.006564
2.006032
2.005433
2.004775
2.004071
2.003330
2.002564
2.001783
2.001000
2.000223
1.999466
1.998735
1.998043
1.997396
1.996803
1.996269
1.995803
1.995405
1.995083
1.994837
1.994669
1.994578
1.994565
1.994626
1.994761
1.994963
1.995230
1.995554
1.995931
1.996354
1.996815
1.997307
1.997823
1.998355
1.998895
1.999435
1.999968
2.000487
2.000986
2.001457
2.001896
2.002297
2.002657
2.002969
2.003234
2.003448
2.003609
2.003717
2.003773
2.003776
2.003730
2.003634
2.003494
2.003311
2.003091
2.002836
2.002552
2.002242
2.001914
2.001571
2.001219
2.000862
2.000507
2.000157
1.999818
1.999493
1.999187
1.998904
1.998645
1.998415
1.998215
1.998047
1.997912
1.997812
1.997745
1.997712
1.997713
1.997746
1.997809
1.997900
1.998018
1.998160
1.998322
1.998503
1.998698
1.998905
1.999120
1.999340
1.999563
1.999783
2.000000
2.000209
2.000409
2.000597
2.000770
2.000927
2.001066
2.001187
2.001287
2.001367
2.001425
2.001463
2.001480
2.001477
2.001454
2.001413
2.001355
2.001282
2.001194
2.001094
2.000983
2.000865
2.000739
2.000609
2.000476
2.000343
2.000211
2.000082
1.999957
1.999839
1.999728
1.999626
1.999534
1.999452
1.999382
1.999324
1.999277
1.999244
1.999222
1.999213
1.999215
1.999228
1.999252
1.999285
1.999328
1.999378
1.999435
1.999498
1.999566
1.999637
1.999710
1.999785
1.999859
1.999933
2.000005
2.000074
2.000139
2.000201
2.000256
2.000307
2.000351
2.000389
2.000420
2.000444
2.000461
2.000472
2.000476
2.000473
2.000465
2.000451
2.000431
2.000407
2.000378
2.000346
2.000311
2.000273
2.000234
2.000194
2.000153
2.000112
2.000072
2.000033
1.999995
1.999960
1.999927
1.999897
1.999870
1.999846
1.999826
1.999809
1.999796
1.999787
1.999781
1.999779
1.999780
1.999784
1.999791
1.999801
1.999814
1.999828
1.999845
1.999863
1.999882
1.999902
1.999922
1.999943
1.999963
1.999983
2.000003
2.000021
2.000039
2.000055
2.000070
2.000083
2.000095
2.000104
2.000112
2.000118
2.000122
2.000125
2.000125
2.000124
2.000122
2.000118
2.000112
2.000106
2.000098
2.000090
2.000081
2.000071
2.000061
2.000051
2.000040
2.000030
2.000020
2.000010
2.000001
1.999992
1.999984
1.999977
1.999970
1.999965
1.999960
1.999956
1.999953
1.999951
1.999950
1.999949
1.999950
1.999951
1.999952
1.999955
1.999958
1.999961
1.999965
1.999969
1.999974
1.999978
1.999983
1.999988
1.999992
1.999997
2.000001
2.000005
2.000009
2.000012
2.000016
2.000018
2.000021
2.000023
2.000024
2.000026
2.000027
2.000027
2.000027
2.000027
2.000026
2.000025
2.000024
2.000023
2.000021
2.000019
2.000017
2.000015
2.000013
2.000011
2.000009
2.000007
2.000004
2.000003
2.000001
1.999999
1.999997
1.999996
1.999994
1.999993
1.999992
1.999992
1.999991
1.999991
1.999991
1.999990
1.999991
1.999991
1.999991
1.999992
1.999992
1.999993
1.999994
1.999994
1.999995
1.999996
1.999997
1.999998
1.999999
1.999999
2.000000
2.000001
2.000002
2.000002
2.000003
2.000003
2.000004
2.000004
2.000004
2.000005
2.000005
2.000005
2.000005
2.000005
2.000005
2.000004
2.000004
2.000004
2.000004
2.000003
2.000003
2.000003
2.000002
2.000002
2.000002
2.000001
2.000001
2.000001
2.000000
2.000000
2.000000
1.999999
1.999999
1.999999
1.999999
1.999999
1.999999
1.999999
1.999999
1.999999
1.999999
1.999999
1.999999
1.999999
1.999999
1.999999
1.999999
1.999999
1.999999
1.999999
2.000000
2.000000
2.000000
2.000000
2.000000
2.000000
2.000000
2.000000
2.000000
2.000001
2.000001
2.000001
2.000001
2.000001
2.000001
2.000001
2.000001
2.000001
2.000001
2.000001
2.000001
2.000001
2.000001
2.000000
2.000000
2.000000
2.000000
2.000000
2.000000
2.000000
2.000000
2.000000
2.000000
2.000000
2.000000
2.000000
2.000000
2.000000
2.000000
2.000000
2.000000
2.000000
2.000000
2.000000
2.000000
2.000000
2.000000
2.000000
2.000000
2.000000
2.000000
2.000000
2.000000
2.000000
2.000000
2.000000
2.000000
2.000000
2.000000
2.000000
2.000000
2.000000
2.000000
2.000000
2.000000
2.000000
2.000000
2.000000
2.000000
2.000000
2.000000
2.000000
2.000000
2.000000
2.000000
2.000000
2.000000
2.000000
2.000000
2.000000
2.000000
2.000000
2.000000
2.000000
2.000000
2.000000
2.000000
2.000000
2.000000
2.000000
2.000000
2.000000
2.000000
2.000000
2.000000
2.000000
2.000000
2.000000
2.000000
2.000000
2.000000
2.000000
2.000000
2.000000
2.000000
2.000000
2.000000
2.000000
2.000000
2.000000
2.000000
2.000000
2.000000
2.000000
2.000000
2.000000
2.000000
2.000000
2.000000
2.000000
2.000000
2.000000
2.000000
2.000000
2.000000
2.000000
2.000000
2.000000
2.000000
2.000000
2.000000
2.000000
2.000000
2.000000
2.000000
2.000000
2.000000
2.000000
2.000000
2.000000
2.000000
2.000000
2.000000
2.000000
2.000000
2.000000
2.000000
2.000000
2.000000
2.000000
2.000000
2.000000
2.000000
2.000000
2.000000
2.000000
2.000000
2.000000
2.000000
2.000000
2.000000
2.000000
2.000000
2.000000
2.000000
2.000000
2.000000
2.000000
2.000000
2.000000
2.000000
2.000000
2.000000
2.000000
2.000000
2.000000
2.000000
2.000000
2.000000
2.000000
2.000000
2.000000
2.000000
2.000000
2.000000
2.000000
2.000000
2.000000
2.000000
2.000000
2.000000
2.000000
2.000000
2.000000
2.000000
2.000000
2.000000
2.000000
2.000000
2.000000
2.000000
2.000000
2.000000
2.000000
2.000000
2.000000
2.000000
2.000000
2.000000
2.000000
2.000000
2.000000
2.000000
2.000000
2.000000
2.000000
2.000000
2.000000
2.000000
2.000000
2.000000
2.000000
2.000000
2.000000
2.000000
2.000000
2.000000
2.000000
2.000000
2.000000
2.000000
2.000000
2.000000
2.000000
2.000000
2.000000
2.000000
2.000000
2.000000
2.000000
2.000000
2.000000
2.000000
2.000000
2.000000
2.000000
2.000000
2.000000
2.000000
2.000000
2.000000
2.000000
2.000000
2.000000
2.000000
2.000000
2.000000
2.000000
2.000000
2.000000
2.000000
2.000000
2.000000
2.000000
2.000000
2.000000
2.000000
2.000000
2.000000
2.000000
2.000000
2.000000
2.000000
2.000000
2.000000
2.000000
2.000000
2.000000
2.000000
2.000000
2.000000
2.000000
2.000000
2.000000
2.000000
2.000000
2.000000
2.000000
2.000000
2.000000
2.000000
2.000000
2.000000
2.000000
2.000000
2.000000
2.000000
2.000000
2.000000
2.000000
2.000000
2.000000
2.000000
2.000000
2.000000
2.000000
2.000000
2.000000
2.000000
2.000000
2.000000
2.000000
2.000000
2.000000
2.000000
2.000000
2.000000
2.000000
2.000000
2.000000
2.000000
2.000000
2.000000
2.000000
2.000000
2.000000
2.000000
2.000000
2.000000
2.000000
2.000000
2.000000
2.000000
2.000000
2.000000
2.000000
2.000000
2.000000
2.000000
2.000000
2.000000
2.000000
2.000000
2.000000
2.000000
2.000000
2.000000
2.000000
2.000000
2.000000
2.000000
2.000000
2.000000
2.000000
2.000000
2.000000
2.000000
2.000000
2.000000
2.000000
2.000000
2.000000
2.000000
2.000000
2.000000
2.000000
2.000000
2.000000
2.000000
2.000000
2.000000
2.000000
2.000000
2.000000
2.000000
2.000000
2.000000
2.000000
2.000000
2.000000
2.000000
2.000000
2.000000
2.000000
2.000000
2.000000
2.000000
2.000000
2.000000
2.000000
2.000000
2.000000
2.000000
2.000000
2.000000
2.000000
2.000000
2.000000
2.000000
2.000000
2.000000
2.000000
2.000000
2.000000
2.000000
2.000000
2.000000
2.000000
2.000000
2.000000
2.000000
2.000000
2.000000
2.000000
2.000000
2.000000
2.000000
2.000000
2.000000
2.000000
2.000000
2.000000
2.000000
2.000000
2.000000
2.000000
2.000000
2.000000
2.000000
2.000000
2.000000
2.000000
2.000000
2.000000
2.000000
2.000000
2.000000
2.000000
2.000000
2.000000
2.000000
2.000000
2.000000
2.000000
2.000000
2.000000
2.000000
2.000000
2.000000
2.000000
2.000000
2.000000
2.000000
2.000000
2.000000
2.000000
2.000000
2.000000
2.000000
2.000000
2.000000
2.000000
2.000000
2.000000
