2.001926
2.001247
2.000857
2.000857
2.001247
2.001926
2.002841
2.003895
2.005046
2.006206
2.007342
2.008377
2.009291
2.010020
2.010556
2.010849
2.010905
2.010688
2.010215
2.009465
2.008466
2.007210
2.005737
2.004045
2.002185
2.000165
1.998038
1.995819
1.993566
1.991296
1.989068
1.986897
1.984843
1.982918
1.981176
1.979627
1.978318
1.977252
1.976468
1.975962
1.975764
1.975860
1.976273
1.976979
1.977990
1.979275
1.980837
1.982636
1.984669
1.986888
1.989283
1.991803
1.994432
1.997115
1.999835
2.002536
2.005199
2.007771
2.010234
2.012538
2.014669
2.016582
2.018268
2.019690
2.020845
2.021704
2.022272
2.022528
2.022486
2.022133
2.021493
2.020560
2.019365
2.017912
2.016238
2.014353
2.012299
2.010092
2.007777
2.005373
2.002928
2.000462
1.998022
1.995627
1.993324
1.991129
1.989084
1.987201
1.985518
1.984043
1.982805
1.981805
1.981068
1.980586
1.980377
1.980426
1.980744
1.981308
1.982121
1.983157
1.984410
1.985849
1.987464
1.989218
1.991099
1.993066
1.995105
1.997173
1.999256
2.001312
2.003327
2.005260
2.007100
2.008810
2.010382
2.011784
2.013011
2.014037
2.014864
2.015472
2.015867
2.016037
2.015993
2.015728
2.015262
2.014592
2.013742
2.012717
2.011544
2.010230
2.008807
2.007286
2.005700
2.004061
2.002403
2.000738
1.999100
1.997500
1.995969
1.994518
1.993174
1.991943
1.990851
1.989898
1.989106
1.988473
1.988012
1.987718
1.987601
1.987650
1.987869
1.988243
1.988773
1.989440
1.990240
1.991152
1.992168
1.993266
1.994436
1.995653
1.996907
1.998173
1.999441
2.000686
2.001899
2.003058
2.004154
2.005168
2.006093
2.006913
2.007626
2.008218
2.008690
2.009031
2.009248
2.009332
2.009293
2.009128
2.008848
2.008453
2.007959
2.007367
2.006695
2.005948
2.005143
2.004288
2.003400
2.002488
2.001569
2.000651
1.999753
1.998880
1.998049
1.997264
1.996542
1.995884
1.995303
1.994800
1.994385
1.994056
1.993820
1.993672
1.993619
1.993652
1.993773
1.993975
1.994256
1.994606
1.995022
1.995494
1.996017
1.996577
1.997172
1.997787
1.998419
1.999052
1.999684
2.000300
2.000898
2.001466
2.002001
2.002492
2.002939
2.003331
2.003670
2.003949
2.004169
2.004326
2.004423
2.004456
2.004431
2.004347
2.004210
2.004019
2.003783
2.003504
2.003188
2.002839
2.002466
2.002072
2.001665
2.001248
2.000831
2.000416
2.000012
1.999621
1.999251
1.998903
1.998584
1.998295
1.998042
1.997823
1.997645
1.997504
1.997404
1.997343
1.997322
1.997339
1.997393
1.997481
1.997602
1.997752
1.997929
1.998128
1.998347
1.998581
1.998829
1.999083
1.999343
1.999602
1.999859
2.000109
2.000350
2.000578
2.000792
2.000987
2.001163
2.001317
2.001449
2.001557
2.001641
2.001700
2.001735
2.001745
2.001733
2.001698
2.001643
2.001568
2.001476
2.001367
2.001246
2.001113
2.000971
2.000822
2.000668
2.000512
2.000357
2.000203
2.000054
1.999910
1.999775
1.999648
1.999533
1.999428
1.999337
1.999259
1.999196
1.999146
1.999111
1.999090
1.999083
1.999090
1.999109
1.999140
1.999183
1.999235
1.999296
1.999365
1.999440
1.999520
1.999604
1.999690
1.999777
1.999864
1.999950
2.000032
2.000112
2.000187
2.000257
2.000320
2.000377
2.000427
2.000469
2.000503
2.000529
2.000547
2.000558
2.000560
2.000556
2.000544
2.000526
2.000502
2.000472
2.000438
2.000400
2.000358
2.000313
2.000267
2.000220
2.000172
2.000124
2.000077
2.000032
1.999989
1.999948
1.999910
1.999876
1.999845
1.999818
1.999795
1.999777
1.999762
1.999752
1.999746
1.999744
1.999746
1.999751
1.999760
1.999772
1.999787
1.999804
1.999824
1.999845
1.999867
1.999890
1.999914
1.999938
1.999962
1.999985
2.000008
2.000029
2.000049
2.000068
2.000085
2.000100
2.000113
2.000124
2.000133
2.000140
2.000144
2.000147
2.000147
2.000146
2.000143
2.000138
2.000132
2.000124
2.000115
2.000105
2.000094
2.000083
2.000071
2.000059
2.000047
2.000035
2.000023
2.000012
2.000001
1.999991
1.999982
1.999974
1.999966
1.999959
1.999954
1.999949
1.999946
1.999943
1.999942
1.999942
1.999942
1.999943
1.999945
1.999948
1.999952
1.999956
1.999960
1.999965
1.999970
1.999975
1.999980
1.999986
1.999991
1.999996
2.000001
2.000006
2.000011
2.000015
2.000018
2.000022
2.000025
2.000027
2.000029
2.000030
2.000031
2.000032
2.000032
2.000031
2.000031
2.000030
2.000028
2.000027
2.000025
2.000023
2.000020
2.000018
2.000016
2.000013
2.000011
2.000008
2.000006
2.000003
2.000001
1.999999
1.999997
1.999995
1.999994
1.999993
1.999992
1.999991
1.999990
1.999989
1.999989
1.999989
1.999989
1.999989
1.999990
1.999990
1.999991
1.999992
1.999993
1.999993
1.999994
1.999995
1.999996
1.999997
1.999998
1.999999
2.000000
2.000001
2.000002
2.000003
2.000003
2.000004
2.000004
2.000005
2.000005
2.000005
2.000006
2.000006
2.000006
2.000006
2.000005
2.000005
2.000005
2.000005
2.000004
2.000004
2.000004
2.000003
2.000003
2.000002
2.000002
2.000001
2.000001
2.000001
2.000000
2.000000
2.000000
1.999999
1.999999
1.999999
1.999999
1.999999
1.999998
1.999998
1.999998
1.999998
1.999998
1.999998
1.999998
1.999999
1.999999
1.999999
1.999999
1.999999
1.999999
1.999999
1.999999
2.000000
2.000000
2.000000
2.000000
2.000000
2.000000
2.000000
2.000000
2.000001
2.000001
2.000001
2.000001
2.000001
2.000001
2.000001
2.000001
2.000001
2.000001
2.000001
2.000001
2.000001
2.000001
2.000001
2.000001
2.000000
2.000000
2.000000
2.000000
2.000000
2.000000
2.000000
2.000000
2.000000
2.000000
2.000000
2.000000
2.000000
2.000000
2.000000
2.000000
2.000000
2.000000
2.000000
2.000000
2.000000
2.000000
2.000000
2.000000
2.000000
2.000000
2.000000
2.000000
2.000000
2.000000
2.000000
2.000000
2.000000
2.000000
2.000000
2.000000
2.000000
2.000000
2.000000
2.000000
2.000000
2.000000
2.000000
2.000000
2.000000
2.000000
2.000000
2.000000
2.000000
2.000000
2.000000
2.000000
2.000000
2.000000
2.000000
2.000000
2.000000
2.000000
2.000000
2.000000
2.000000
2.000000
2.000000
2.000000
2.000000
2.000000
2.000000
2.000000
2.000000
2.000000
2.000000
2.000000
2.000000
2.000000
2.000000
2.000000
2.000000
2.000000
2.000000
2.000000
2.000000
2.000000
2.000000
2.000000
2.000000
2.000000
2.000000
2.000000
2.000000
2.000000
2.000000
2.000000
2.000000
2.000000
2.000000
2.000000
2.000000
2.000000
2.000000
2.000000
2.000000
2.000000
2.000000
2.000000
2.000000
2.000000
2.000000
2.000000
2.000000
2.000000
2.000000
2.000000
2.000000
2.000000
2.000000
2.000000
2.000000
2.000000
2.000000
2.000000
2.000000
2.000000
2.000000
2.000000
2.000000
2.000000
2.000000
2.000000
2.000000
2.000000
2.000000
2.000000
2.000000
2.000000
2.000000
2.000000
2.000000
2.000000
2.000000
2.000000
2.000000
2.000000
2.000000
2.000000
2.000000
2.000000
2.000000
2.000000
2.000000
2.000000
2.000000
2.000000
2.000000
2.000000
2.000000
2.000000
2.000000
2.000000
2.000000
2.000000
2.000000
2.000000
2.000000
2.000000
2.000000
2.000000
2.000000
2.000000
2.000000
2.000000
2.000000
2.000000
2.000000
2.000000
2.000000
2.000000
2.000000
2.000000
2.000000
2.000000
2.000000
2.000000
2.000000
2.000000
2.000000
2.000000
2.000000
2.000000
2.000000
2.000000
2.000000
2.000000
2.000000
2.000000
2.000000
2.000000
2.000000
2.000000
2.000000
2.000000
2.000000
2.000000
2.000000
2.000000
2.000000
2.000000
2.000000
2.000000
2.000000
2.000000
2.000000
2.000000
2.000000
2.000000
2.000000
2.000000
2.000000
2.000000
2.000000
2.000000
2.000000
2.000000
2.000000
2.000000
2.000000
2.000000
2.000000
2.000000
2.000000
2.000000
2.000000
2.000000
2.000000
2.000000
2.000000
2.000000
2.000000
2.000000
2.000000
2.000000
2.000000
2.000000
2.000000
2.000000
2.000000
2.000000
2.000000
2.000000
2.000000
2.000000
2.000000
2.000000
2.000000
2.000000
2.000000
2.000000
2.000000
2.000000
2.000000
2.000000
2.000000
2.000000
2.000000
2.000000
2.000000
2.000000
2.000000
2.000000
2.000000
2.000000
2.000000
2.000000
2.000000
2.000000
2.000000
2.000000
2.000000
2.000000
2.000000
2.000000
2.000000
2.000000
2.000000
2.000000
2.000000
2.000000
2.000000
2.000000
2.000000
2.000000
2.000000
2.000000
2.000000
2.000000
2.000000
2.000000
2.000000
2.000000
2.000000
2.000000
2.000000
2.000000
2.000000
2.000000
2.000000
2.000000
2.000000
2.000000
2.000000
2.000000
2.000000
2.000000
2.000000
2.000000
2.000000
2.000000
2.000000
2.000000
2.000000
2.000000
2.000000
2.000000
2.000000
2.000000
2.000000
2.000000
2.000000
2.000000
2.000000
2.000000
2.000000
2.000000
2.000000
2.000000
2.000000
2.000000
2.000000
2.000000
2.000000
2.000000
2.000000
2.000000
2.000000
2.000000
2.000000
2.000000
2.000000
2.000000
2.000000
2.000000
2.000000
2.000000
2.000000
2.000000
2.000000
2.000000
2.000000
2.000000
2.000000
2.000000
2.000000
2.000000
2.000000
2.000000
2.000000
2.000000
2.000000
2.000000
2.000000
2.000000
2.000000
2.000000
2.000000
2.000000
2.000000
2.000000
2.000000
2.000000
2.000000
2.000000
2.000000
2.000000
2.000000
2.000000
2.000000
2.000000
2.000000
2.000000
2.000000
2.000000
2.000000
2.000000
2.000000
2.000000
2.000000
2.000000
2.000000
2.000000
2.000000
2.000000
2.000000
2.000000
2.000000
2.000000
2.000000
2.000000
2.000000
2.000000
2.000000
2.000000
2.000000
2.000000
2.000000
2.000000
2.000000
2.000000
2.000000
2.000000
2.000000
2.000000
2.000000
2.000000
2.000000
2.000000
2.000000
2.000000
2.000000
2.000000
2.000000
2.000000
2.000000
2.000000
2.000000
2.000000
2.000000
2.000000
2.000000
2.000000
