2.000237
1.999925
1.999755
1.999755
1.999925
2.000237
2.000640
2.001109
2.001602
2.002102
2.002573
2.003008
2.003377
2.003682
2.003900
2.004038
2.004081
2.004043
2.003912
2.003705
2.003416
2.003065
2.002648
2.002187
2.001679
2.001147
2.000588
2.000026
1.999457
1.998903
1.998361
1.997851
1.997369
1.996933
1.996538
1.996201
1.995914
1.995692
1.995525
1.995428
1.995389
1.995420
1.995507
1.995662
1.995868
1.996136
1.996449
1.996813
1.997212
1.997653
1.998116
1.998607
1.999108
1.999623
2.000134
2.000644
2.001137
2.001614
2.002061
2.002481
2.002859
2.003198
2.003486
2.003728
2.003912
2.004045
2.004116
2.004134
2.004090
2.003995
2.003841
2.003639
2.003386
2.003092
2.002754
2.002386
2.001985
2.001565
2.001124
2.000676
2.000221
1.999771
1.999325
1.998898
1.998487
1.998106
1.997751
1.997434
1.997154
1.996918
1.996725
1.996582
1.996484
1.996438
1.996438
1.996490
1.996586
1.996730
1.996914
1.997140
1.997400
1.997694
1.998013
1.998357
1.998716
1.999090
1.999469
1.999852
2.000229
2.000600
2.000955
2.001294
2.001607
2.001896
2.002153
2.002377
2.002564
2.002714
2.002823
2.002893
2.002920
2.002909
2.002856
2.002766
2.002638
2.002478
2.002285
2.002065
2.001820
2.001555
2.001273
2.000979
2.000677
2.000371
2.000066
1.999766
1.999475
1.999197
1.998935
1.998693
1.998473
1.998280
1.998113
1.997976
1.997868
1.997793
1.997749
1.997738
1.997757
1.997807
1.997885
1.997992
1.998123
1.998278
1.998453
1.998646
1.998853
1.999072
1.999298
1.999530
1.999763
1.999995
2.000221
2.000440
2.000647
2.000842
2.001020
2.001181
2.001322
2.001442
2.001539
2.001613
2.001663
2.001689
2.001691
2.001671
2.001628
2.001564
2.001479
2.001377
2.001259
2.001126
2.000982
2.000827
2.000666
2.000499
2.000330
2.000161
1.999995
1.999833
1.999677
1.999531
1.999395
1.999271
1.999160
1.999064
1.998984
1.998920
1.998873
1.998843
1.998829
1.998833
1.998852
1.998887
1.998936
1.998999
1.999073
1.999159
1.999254
1.999356
1.999465
1.999578
1.999694
1.999810
1.999927
2.000040
2.000151
2.000256
2.000354
2.000445
2.000527
2.000599
2.000662
2.000713
2.000753
2.000782
2.000799
2.000805
2.000800
2.000784
2.000757
2.000722
2.000677
2.000625
2.000566
2.000502
2.000432
2.000360
2.000284
2.000208
2.000131
2.000055
1.999981
1.999910
1.999842
1.999780
1.999722
1.999670
1.999625
1.999587
1.999556
1.999532
1.999516
1.999507
1.999505
1.999511
1.999523
1.999541
1.999565
1.999594
1.999629
1.999667
1.999708
1.999752
1.999799
1.999846
1.999894
1.999942
1.999989
2.000034
2.000078
2.000118
2.000156
2.000191
2.000221
2.000248
2.000270
2.000288
2.000301
2.000309
2.000313
2.000313
2.000308
2.000300
2.000288
2.000272
2.000253
2.000232
2.000208
2.000183
2.000156
2.000128
2.000099
2.000070
2.000042
2.000014
1.999987
1.999962
1.999938
1.999916
1.999897
1.999879
1.999864
1.999852
1.999842
1.999835
1.999831
1.999829
1.999830
1.999833
1.999839
1.999846
1.999856
1.999867
1.999879
1.999893
1.999908
1.999923
1.999939
1.999955
1.999971
1.999987
2.000002
2.000017
2.000031
2.000044
2.000056
2.000066
2.000076
2.000083
2.000090
2.000094
2.000098
2.000100
2.000100
2.000099
2.000097
2.000094
2.000089
2.000084
2.000077
2.000070
2.000062
2.000054
2.000046
2.000037
2.000028
2.000019
2.000011
2.000003
1.999995
1.999987
1.999981
1.999974
1.999969
1.999964
1.999960
1.999957
1.999955
1.999953
1.999952
1.999952
1.999953
1.999954
1.999956
1.999958
1.999961
1.999964
1.999968
1.999972
1.999976
1.999981
1.999985
1.999990
1.999994
1.999998
2.000002
2.000006
2.000010
2.000013
2.000016
2.000019
2.000021
2.000023
2.000024
2.000025
2.000026
2.000026
2.000026
2.000026
2.000025
2.000024
2.000023
2.000021
2.000019
2.000017
2.000015
2.000013
2.000011
2.000009
2.000007
2.000004
2.000002
2.000000
1.999998
1.999997
1.999995
1.999994
1.999992
1.999991
1.999991
1.999990
1.999989
1.999989
1.999989
1.999989
1.999989
1.999990
1.999990
1.999991
1.999991
1.999992
1.999993
1.999994
1.999995
1.999996
1.999997
1.999998
1.999999
2.000000
2.000001
2.000002
2.000002
2.000003
2.000004
2.000004
2.000005
2.000005
2.000005
2.000006
2.000006
2.000006
2.000006
2.000005
2.000005
2.000005
2.000005
2.000004
2.000004
2.000003
2.000003
2.000003
2.000002
2.000002
2.000001
2.000001
2.000000
2.000000
2.000000
1.999999
1.999999
1.999999
1.999999
1.999998
1.999998
1.999998
1.999998
1.999998
1.999998
1.999998
1.999998
1.999998
1.999998
1.999998
1.999998
1.999999
1.999999
1.999999
1.999999
1.999999
2.000000
2.000000
2.000000
2.000000
2.000000
2.000000
2.000000
2.000001
2.000001
2.000001
2.000001
2.000001
2.000001
2.000001
2.000001
2.000001
2.000001
2.000001
2.000001
2.000001
2.000001
2.000001
2.000001
2.000001
2.000000
2.000000
2.000000
2.000000
2.000000
2.000000
2.000000
2.000000
2.000000
2.000000
2.000000
2.000000
2.000000
2.000000
2.000000
2.000000
2.000000
2.000000
2.000000
2.000000
2.000000
2.000000
2.000000
2.000000
2.000000
2.000000
2.000000
2.000000
2.000000
2.000000
2.000000
2.000000
2.000000
2.000000
2.000000
2.000000
2.000000
2.000000
2.000000
2.000000
2.000000
2.000000
2.000000
2.000000
2.000000
2.000000
2.000000
2.000000
2.000000
2.000000
2.000000
2.000000
2.000000
2.000000
2.000000
2.000000
2.000000
2.000000
2.000000
2.000000
2.000000
2.000000
2.000000
2.000000
2.000000
2.000000
2.000000
2.000000
2.000000
2.000000
2.000000
2.000000
2.000000
2.000000
2.000000
2.000000
2.000000
2.000000
2.000000
2.000000
2.000000
2.000000
2.000000
2.000000
2.000000
2.000000
2.000000
2.000000
2.000000
2.000000
2.000000
2.000000
2.000000
2.000000
2.000000
2.000000
2.000000
2.000000
2.000000
2.000000
2.000000
2.000000
2.000000
2.000000
2.000000
2.000000
2.000000
2.000000
2.000000
2.000000
2.000000
2.000000
2.000000
2.000000
2.000000
2.000000
2.000000
2.000000
2.000000
2.000000
2.000000
2.000000
2.000000
2.000000
2.000000
2.000000
2.000000
2.000000
2.000000
2.000000
2.000000
2.000000
2.000000
2.000000
2.000000
2.000000
2.000000
2.000000
2.000000
2.000000
2.000000
2.000000
2.000000
2.000000
2.000000
2.000000
2.000000
2.000000
2.000000
2.000000
2.000000
2.000000
2.000000
2.000000
2.000000
2.000000
2.000000
2.000000
2.000000
2.000000
2.000000
2.000000
2.000000
2.000000
2.000000
2.000000
2.000000
2.000000
2.000000
2.000000
2.000000
2.000000
2.000000
2.000000
2.000000
2.000000
2.000000
2.000000
2.000000
2.000000
2.000000
2.000000
2.000000
2.000000
2.000000
2.000000
2.000000
2.000000
2.000000
2.000000
2.000000
2.000000
2.000000
2.000000
2.000000
2.000000
2.000000
2.000000
2.000000
2.000000
2.000000
2.000000
2.000000
2.000000
2.000000
2.000000
2.000000
2.000000
2.000000
2.000000
2.000000
2.000000
2.000000
2.000000
2.000000
2.000000
2.000000
2.000000
2.000000
2.000000
2.000000
2.000000
2.000000
2.000000
2.000000
2.000000
2.000000
2.000000
2.000000
2.000000
2.000000
2.000000
2.000000
2.000000
2.000000
2.000000
2.000000
2.000000
2.000000
2.000000
2.000000
2.000000
2.000000
2.000000
2.000000
2.000000
2.000000
2.000000
2.000000
2.000000
2.000000
2.000000
2.000000
2.000000
2.000000
2.000000
2.000000
2.000000
2.000000
2.000000
2.000000
2.000000
2.000000
2.000000
2.000000
2.000000
2.000000
2.000000
2.000000
2.000000
2.000000
2.000000
2.000000
2.000000
2.000000
2.000000
2.000000
2.000000
2.000000
2.000000
2.000000
2.000000
2.000000
2.000000
2.000000
2.000000
2.000000
2.000000
2.000000
2.000000
2.000000
2.000000
2.000000
2.000000
2.000000
2.000000
2.000000
2.000000
2.000000
2.000000
2.000000
2.000000
2.000000
2.000000
2.000000
2.000000
2.000000
2.000000
2.000000
2.000000
2.000000
2.000000
2.000000
2.000000
2.000000
2.000000
2.000000
2.000000
2.000000
2.000000
2.000000
2.000000
2.000000
2.000000
2.000000
2.000000
2.000000
2.000000
2.000000
2.000000
2.000000
2.000000
2.000000
2.000000
2.000000
2.000000
2.000000
2.000000
2.000000
2.000000
2.000000
2.000000
2.000000
2.000000
2.000000
2.000000
2.000000
2.000000
2.000000
2.000000
2.000000
2.000000
2.000000
2.000000
2.000000
2.000000
2.000000
2.000000
2.000000
2.000000
2.000000
2.000000
2.000000
2.000000
2.000000
2.000000
2.000000
2.000000
2.000000
2.000000
2.000000
2.000000
2.000000
2.000000
2.000000
2.000000
2.000000
2.000000
2.000000
2.000000
2.000000
2.000000
2.000000
2.000000
2.000000
2.000000
2.000000
2.000000
2.000000
2.000000
2.000000
2.000000
2.000000
2.000000
2.000000
2.000000
2.000000
2.000000
2.000000
2.000000
2.000000
2.000000
2.000000
2.000000
2.000000
2.000000
2.000000
2.000000
2.000000
2.000000
2.000000
2.000000
2.000000
2.000000
2.000000
2.000000
2.000000
2.000000
2.000000
2.000000
2.000000
2.000000
2.000000
2.000000
2.000000
2.000000
2.000000
2.000000
2.000000
2.000000
2.000000
2.000000
2.000000
2.000000
2.000000
2.000000
2.000000
2.000000
2.000000
2.000000
2.000000
2.000000
2.000000
2.000000
2.000000
2.000000
2.000000
2.000000
2.000000
2.000000
2.000000
2.000000
2.000000
2.000000
2.000000
2.000000
2.000000
2.000000
2.000000
2.000000
2.000000
2.000000
2.000000
2.000000
2.000000
2.000000
2.000000
2.000000
2.000000
2.000000
2.000000
2.000000
2.000000
2.000000
2.000000
2.000000
2.000000
2.000000
2.000000
2.000000
2.000000
2.000000
2.000000
2.000000
2.000000
2.000000
2.000000
2.000000
2.000000
2.000000
2.000000
2.000000
2.000000
2.000000
2.000000
2.000000
