2.001946
2.001268
2.000877
2.000877
2.001268
2.001946
2.002861
2.003915
2.005064
2.006222
2.007355
2.008387
2.009296
2.010019
2.010548
2.010834
2.010881
2.010654
2.010170
2.009407
2.008396
2.007126
2.005638
2.003932
2.002056
2.000020
1.997877
1.995643
1.993375
1.991089
1.988847
1.986663
1.984597
1.982662
1.980911
1.979355
1.978041
1.976972
1.976187
1.975683
1.975489
1.975592
1.976014
1.976731
1.977756
1.979058
1.980638
1.982458
1.984513
1.986756
1.989176
1.991722
1.994377
1.997088
1.999835
2.002563
2.005254
2.007852
2.010340
2.012667
2.014820
2.016753
2.018458
2.019895
2.021063
2.021931
2.022507
2.022767
2.022726
2.022372
2.021727
2.020787
2.019582
2.018116
2.016427
2.014524
2.012451
2.010222
2.007885
2.005457
2.002987
2.000495
1.998029
1.995609
1.993281
1.991061
1.988993
1.987088
1.985386
1.983892
1.982638
1.981624
1.980876
1.980385
1.980170
1.980216
1.980533
1.981099
1.981917
1.982960
1.984223
1.985674
1.987303
1.989074
1.990972
1.992959
1.995017
1.997107
1.999212
2.001290
2.003326
2.005281
2.007142
2.008872
2.010463
2.011883
2.013126
2.014167
2.015006
2.015625
2.016028
2.016204
2.016163
2.015901
2.015433
2.014761
2.013906
2.012874
2.011691
2.010367
2.008932
2.007397
2.005796
2.004141
2.002466
2.000784
1.999128
1.997510
1.995963
1.994494
1.993133
1.991887
1.990780
1.989815
1.989010
1.988366
1.987897
1.987596
1.987473
1.987518
1.987735
1.988110
1.988641
1.989312
1.990117
1.991035
1.992060
1.993167
1.994347
1.995576
1.996842
1.998121
1.999402
2.000661
2.001888
2.003060
2.004169
2.005195
2.006133
2.006964
2.007688
2.008289
2.008769
2.009118
2.009340
2.009429
2.009394
2.009230
2.008951
2.008555
2.008059
2.007464
2.006788
2.006035
2.005223
2.004360
2.003465
2.002543
2.001616
2.000688
1.999780
1.998897
1.998056
1.997262
1.996530
1.995863
1.995274
1.994763
1.994341
1.994005
1.993764
1.993612
1.993555
1.993585
1.993705
1.993906
1.994187
1.994538
1.994957
1.995431
1.995958
1.996523
1.997123
1.997744
1.998381
1.999021
1.999659
2.000282
2.000887
2.001462
2.002004
2.002501
2.002954
2.003353
2.003697
2.003981
2.004206
2.004366
2.004467
2.004502
2.004480
2.004397
2.004260
2.004070
2.003833
2.003552
2.003235
2.002884
2.002508
2.002110
2.001700
2.001279
2.000858
2.000438
2.000030
1.999634
1.999259
1.998907
1.998584
1.998291
1.998033
1.997811
1.997629
1.997485
1.997382
1.997319
1.997296
1.997311
1.997365
1.997452
1.997573
1.997723
1.997901
1.998100
1.998321
1.998557
1.998806
1.999063
1.999325
1.999587
1.999847
2.000100
2.000344
2.000574
2.000791
2.000989
2.001168
2.001324
2.001459
2.001568
2.001655
2.001715
2.001752
2.001764
2.001753
2.001718
2.001664
2.001588
2.001496
2.001387
2.001266
2.001131
2.000989
2.000838
2.000684
2.000526
2.000369
2.000213
2.000063
1.999917
1.999780
1.999651
1.999534
1.999428
1.999336
1.999256
1.999192
1.999141
1.999105
1.999082
1.999075
1.999081
1.999100
1.999130
1.999173
1.999225
1.999286
1.999355
1.999431
1.999511
1.999596
1.999682
1.999770
1.999858
1.999945
2.000029
2.000109
2.000185
2.000256
2.000320
2.000378
2.000429
2.000472
2.000506
2.000534
2.000552
2.000563
2.000566
2.000562
2.000551
2.000533
2.000508
2.000479
2.000444
2.000406
2.000364
2.000320
2.000273
2.000225
2.000177
2.000129
2.000081
2.000036
1.999992
1.999950
1.999912
1.999877
1.999846
1.999818
1.999795
1.999776
1.999761
1.999750
1.999744
1.999742
1.999743
1.999749
1.999757
1.999770
1.999784
1.999802
1.999821
1.999842
1.999864
1.999888
1.999912
1.999936
1.999960
1.999984
2.000006
2.000028
2.000049
2.000068
2.000085
2.000100
2.000114
2.000125
2.000134
2.000141
2.000146
2.000148
2.000149
2.000148
2.000145
2.000140
2.000133
2.000126
2.000117
2.000107
2.000096
2.000085
2.000073
2.000061
2.000048
2.000036
2.000025
2.000013
2.000002
1.999992
1.999983
1.999974
1.999966
1.999960
1.999954
1.999949
1.999946
1.999943
1.999942
1.999941
1.999941
1.999943
1.999945
1.999947
1.999951
1.999955
1.999959
1.999964
1.999969
1.999974
1.999980
1.999985
1.999991
1.999996
2.000001
2.000006
2.000010
2.000015
2.000018
2.000022
2.000025
2.000027
2.000029
2.000030
2.000031
2.000032
2.000032
2.000032
2.000031
2.000030
2.000029
2.000027
2.000025
2.000023
2.000021
2.000018
2.000016
2.000013
2.000011
2.000008
2.000006
2.000004
2.000001
1.999999
1.999997
1.999996
1.999994
1.999993
1.999992
1.999991
1.999990
1.999989
1.999989
1.999989
1.999989
1.999989
1.999990
1.999990
1.999991
1.999992
1.999992
1.999993
1.999994
1.999995
1.999996
1.999997
1.999998
1.999999
2.000000
2.000001
2.000002
2.000003
2.000003
2.000004
2.000004
2.000005
2.000005
2.000005
2.000006
2.000006
2.000006
2.000006
2.000005
2.000005
2.000005
2.000005
2.000004
2.000004
2.000004
2.000003
2.000003
2.000002
2.000002
2.000002
2.000001
2.000001
2.000000
2.000000
2.000000
1.999999
1.999999
1.999999
1.999999
1.999999
1.999998
1.999998
1.999998
1.999998
1.999998
1.999998
1.999998
1.999998
1.999999
1.999999
1.999999
1.999999
1.999999
1.999999
1.999999
2.000000
2.000000
2.000000
2.000000
2.000000
2.000000
2.000000
2.000000
2.000001
2.000001
2.000001
2.000001
2.000001
2.000001
2.000001
2.000001
2.000001
2.000001
2.000001
2.000001
2.000001
2.000001
2.000001
2.000001
2.000000
2.000000
2.000000
2.000000
2.000000
2.000000
2.000000
2.000000
2.000000
2.000000
2.000000
2.000000
2.000000
2.000000
2.000000
2.000000
2.000000
2.000000
2.000000
2.000000
2.000000
2.000000
2.000000
2.000000
2.000000
2.000000
2.000000
2.000000
2.000000
2.000000
2.000000
2.000000
2.000000
2.000000
2.000000
2.000000
2.000000
2.000000
2.000000
2.000000
2.000000
2.000000
2.000000
2.000000
2.000000
2.000000
2.000000
2.000000
2.000000
2.000000
2.000000
2.000000
2.000000
2.000000
2.000000
2.000000
2.000000
2.000000
2.000000
2.000000
2.000000
2.000000
2.000000
2.000000
2.000000
2.000000
2.000000
2.000000
2.000000
2.000000
2.000000
2.000000
2.000000
2.000000
2.000000
2.000000
2.000000
2.000000
2.000000
2.000000
2.000000
2.000000
2.000000
2.000000
2.000000
2.000000
2.000000
2.000000
2.000000
2.000000
2.000000
2.000000
2.000000
2.000000
2.000000
2.000000
2.000000
2.000000
2.000000
2.000000
2.000000
2.000000
2.000000
2.000000
2.000000
2.000000
2.000000
2.000000
2.000000
2.000000
2.000000
2.000000
2.000000
2.000000
2.000000
2.000000
2.000000
2.000000
2.000000
2.000000
2.000000
2.000000
2.000000
2.000000
2.000000
2.000000
2.000000
2.000000
2.000000
2.000000
2.000000
2.000000
2.000000
2.000000
2.000000
2.000000
2.000000
2.000000
2.000000
2.000000
2.000000
2.000000
2.000000
2.000000
2.000000
2.000000
2.000000
2.000000
2.000000
2.000000
2.000000
2.000000
2.000000
2.000000
2.000000
2.000000
2.000000
2.000000
2.000000
2.000000
2.000000
2.000000
2.000000
2.000000
2.000000
2.000000
2.000000
2.000000
2.000000
2.000000
2.000000
2.000000
2.000000
2.000000
2.000000
2.000000
2.000000
2.000000
2.000000
2.000000
2.000000
2.000000
2.000000
2.000000
2.000000
2.000000
2.000000
2.000000
2.000000
2.000000
2.000000
2.000000
2.000000
2.000000
2.000000
2.000000
2.000000
2.000000
2.000000
2.000000
2.000000
2.000000
2.000000
2.000000
2.000000
2.000000
2.000000
2.000000
2.000000
2.000000
2.000000
2.000000
2.000000
2.000000
2.000000
2.000000
2.000000
2.000000
2.000000
2.000000
2.000000
2.000000
2.000000
2.000000
2.000000
2.000000
2.000000
2.000000
2.000000
2.000000
2.000000
2.000000
2.000000
2.000000
2.000000
2.000000
2.000000
2.000000
2.000000
2.000000
2.000000
2.000000
2.000000
2.000000
2.000000
2.000000
2.000000
2.000000
2.000000
2.000000
2.000000
2.000000
2.000000
2.000000
2.000000
2.000000
2.000000
2.000000
2.000000
2.000000
2.000000
2.000000
2.000000
2.000000
2.000000
2.000000
2.000000
2.000000
2.000000
2.000000
2.000000
2.000000
2.000000
2.000000
2.000000
2.000000
2.000000
2.000000
2.000000
2.000000
2.000000
2.000000
2.000000
2.000000
2.000000
2.000000
2.000000
2.000000
2.000000
2.000000
2.000000
2.000000
2.000000
2.000000
2.000000
2.000000
2.000000
2.000000
2.000000
2.000000
2.000000
2.000000
2.000000
2.000000
2.000000
2.000000
2.000000
2.000000
2.000000
2.000000
2.000000
2.000000
2.000000
2.000000
2.000000
2.000000
2.000000
2.000000
2.000000
2.000000
2.000000
2.000000
2.000000
2.000000
2.000000
2.000000
2.000000
2.000000
2.000000
2.000000
2.000000
2.000000
2.000000
2.000000
2.000000
2.000000
2.000000
2.000000
2.000000
2.000000
2.000000
2.000000
2.000000
2.000000
2.000000
2.000000
2.000000
2.000000
2.000000
2.000000
2.000000
2.000000
2.000000
2.000000
2.000000
2.000000
2.000000
2.000000
2.000000
2.000000
2.000000
2.000000
2.000000
2.000000
2.000000
2.000000
2.000000
2.000000
2.000000
2.000000
2.000000
2.000000
2.000000
2.000000
2.000000
2.000000
2.000000
2.000000
2.000000
2.000000
2.000000
2.000000
2.000000
2.000000
2.000000
2.000000
2.000000
2.000000
2.000000
2.000000
2.000000
2.000000
2.000000
2.000000
2.000000
2.000000
2.000000
2.000000
2.000000
2.000000
2.000000
2.000000
2.000000
2.000000
2.000000
2.000000
2.000000
2.000000
2.000000
2.000000
2.000000
2.000000
2.000000
2.000000
2.000000
2.000000
2.000000
2.000000
2.000000
2.000000
2.000000
2.000000
2.000000
2.000000
2.000000
2.000000
2.000000
2.000000
2.000000
2.000000
2.000000
2.000000
2.000000
2.000000
2.000000
2.000000
2.000000
2.000000
