2.000951
2.000394
2.000078
2.000078
2.000394
2.000951
2.001699
2.002568
2.003516
2.004483
2.005433
2.006318
2.007112
2.007778
2.008300
2.008652
2.008830
2.008817
2.008618
2.008228
2.007661
2.006918
2.006021
2.004980
2.003820
2.002556
2.001216
1.999820
1.998397
1.996967
1.995559
1.994193
1.992896
1.991684
1.990582
1.989604
1.988768
1.988085
1.987567
1.987220
1.987052
1.987062
1.987252
1.987617
1.988153
1.988850
1.989699
1.990686
1.991798
1.993017
1.994327
1.995707
1.997140
1.998602
2.000076
2.001538
2.002970
2.004350
2.005661
2.006883
2.008002
2.009002
2.009869
2.010593
2.011165
2.011577
2.011827
2.011911
2.011830
2.011586
2.011185
2.010633
2.009941
2.009119
2.008179
2.007137
2.006008
2.004808
2.003556
2.002268
2.000964
1.999661
1.998378
1.997131
1.995938
1.994814
1.993774
1.992831
1.991997
1.991282
1.990694
1.990239
1.989922
1.989745
1.989710
1.989814
1.990054
1.990427
1.990923
1.991536
1.992255
1.993069
1.993966
1.994932
1.995954
1.997016
1.998103
1.999201
2.000294
2.001367
2.002406
2.003396
2.004325
2.005182
2.005955
2.006635
2.007213
2.007684
2.008042
2.008285
2.008411
2.008420
2.008313
2.008095
2.007769
2.007344
2.006825
2.006223
2.005545
2.004805
2.004011
2.003179
2.002317
2.001441
2.000561
1.999690
1.998840
1.998023
1.997248
1.996526
1.995865
1.995274
1.994759
1.994326
1.993979
1.993721
1.993554
1.993479
1.993493
1.993597
1.993785
1.994055
1.994399
1.994814
1.995291
1.995822
1.996399
1.997013
1.997655
1.998316
1.998986
1.999656
2.000315
2.000957
2.001572
2.002152
2.002690
2.003181
2.003616
2.003994
2.004308
2.004557
2.004738
2.004851
2.004895
2.004872
2.004782
2.004631
2.004420
2.004155
2.003839
2.003480
2.003082
2.002653
2.002199
2.001727
2.001243
2.000756
2.000271
1.999796
1.999336
1.998899
1.998488
1.998110
1.997767
1.997466
1.997207
1.996994
1.996828
1.996711
1.996642
1.996622
1.996649
1.996722
1.996837
1.996994
1.997187
1.997414
1.997670
1.997952
1.998254
1.998572
1.998901
1.999236
1.999572
1.999905
2.000229
2.000543
2.000839
2.001116
2.001370
2.001598
2.001798
2.001968
2.002106
2.002212
2.002285
2.002325
2.002332
2.002308
2.002252
2.002169
2.002059
2.001925
2.001769
2.001595
2.001404
2.001201
2.000988
2.000770
2.000548
2.000328
2.000109
1.999898
1.999695
1.999504
1.999326
1.999164
1.999019
1.998894
1.998788
1.998703
1.998639
1.998597
1.998575
1.998575
1.998594
1.998633
1.998689
1.998762
1.998849
1.998950
1.999062
1.999184
1.999312
1.999446
1.999583
1.999722
1.999859
1.999994
2.000124
2.000249
2.000365
2.000473
2.000570
2.000657
2.000731
2.000794
2.000843
2.000879
2.000902
2.000912
2.000909
2.000895
2.000868
2.000832
2.000785
2.000730
2.000667
2.000598
2.000524
2.000446
2.000365
2.000282
2.000199
2.000117
2.000037
1.999960
1.999887
1.999819
1.999756
1.999700
1.999650
1.999607
1.999572
1.999544
1.999524
1.999512
1.999507
1.999510
1.999519
1.999535
1.999557
1.999585
1.999617
1.999653
1.999693
1.999735
1.999780
1.999826
1.999872
1.999919
1.999965
2.000009
2.000052
2.000092
2.000129
2.000164
2.000194
2.000221
2.000243
2.000262
2.000276
2.000286
2.000291
2.000293
2.000290
2.000284
2.000274
2.000261
2.000245
2.000227
2.000206
2.000184
2.000160
2.000136
2.000110
2.000085
2.000059
2.000035
2.000011
1.999988
1.999966
1.999946
1.999928
1.999912
1.999898
1.999886
1.999877
1.999870
1.999865
1.999862
1.999861
1.999863
1.999866
1.999871
1.999878
1.999887
1.999896
1.999907
1.999918
1.999930
1.999943
1.999956
1.999969
1.999981
1.999994
2.000006
2.000017
2.000028
2.000037
2.000046
2.000054
2.000061
2.000066
2.000071
2.000074
2.000076
2.000077
2.000077
2.000076
2.000074
2.000071
2.000067
2.000063
2.000058
2.000052
2.000046
2.000040
2.000034
2.000027
2.000021
2.000015
2.000008
2.000003
1.999997
1.999992
1.999987
1.999983
1.999979
1.999976
1.999973
1.999971
1.999970
1.999969
1.999968
1.999968
1.999969
1.999970
1.999971
1.999973
1.999975
1.999977
1.999980
1.999982
1.999985
1.999988
1.999991
1.999994
1.999997
1.999999
2.000002
2.000004
2.000007
2.000009
2.000011
2.000012
2.000014
2.000015
2.000016
2.000016
2.000016
2.000017
2.000016
2.000016
2.000016
2.000015
2.000014
2.000013
2.000012
2.000011
2.000010
2.000008
2.000007
2.000006
2.000004
2.000003
2.000002
2.000001
1.999999
1.999998
1.999997
1.999997
1.999996
1.999995
1.999995
1.999994
1.999994
1.999994
1.999994
1.999994
1.999994
1.999994
1.999995
1.999995
1.999995
1.999996
1.999996
1.999997
1.999997
1.999998
1.999998
1.999999
2.000000
2.000000
2.000000
2.000001
2.000001
2.000002
2.000002
2.000002
2.000002
2.000003
2.000003
2.000003
2.000003
2.000003
2.000003
2.000003
2.000003
2.000003
2.000002
2.000002
2.000002
2.000002
2.000002
2.000001
2.000001
2.000001
2.000001
2.000000
2.000000
2.000000
2.000000
2.000000
2.000000
1.999999
1.999999
1.999999
1.999999
1.999999
1.999999
1.999999
1.999999
1.999999
1.999999
1.999999
1.999999
1.999999
1.999999
1.999999
1.999999
2.000000
2.000000
2.000000
2.000000
2.000000
2.000000
2.000000
2.000000
2.000000
2.000000
2.000000
2.000000
2.000000
2.000000
2.000000
2.000000
2.000000
2.000000
2.000000
2.000000
2.000000
2.000000
2.000000
2.000000
2.000000
2.000000
2.000000
2.000000
2.000000
2.000000
2.000000
2.000000
2.000000
2.000000
2.000000
2.000000
2.000000
2.000000
2.000000
2.000000
2.000000
2.000000
2.000000
2.000000
2.000000
2.000000
2.000000
2.000000
2.000000
2.000000
2.000000
2.000000
2.000000
2.000000
2.000000
2.000000
2.000000
2.000000
2.000000
2.000000
2.000000
2.000000
2.000000
2.000000
2.000000
2.000000
2.000000
2.000000
2.000000
2.000000
2.000000
2.000000
2.000000
2.000000
2.000000
2.000000
2.000000
2.000000
2.000000
2.000000
2.000000
2.000000
2.000000
2.000000
2.000000
2.000000
2.000000
2.000000
2.000000
2.000000
2.000000
2.000000
2.000000
2.000000
2.000000
2.000000
2.000000
2.000000
2.000000
2.000000
2.000000
2.000000
2.000000
2.000000
2.000000
2.000000
2.000000
2.000000
2.000000
2.000000
2.000000
2.000000
2.000000
2.000000
2.000000
2.000000
2.000000
2.000000
2.000000
2.000000
2.000000
2.000000
2.000000
2.000000
2.000000
2.000000
2.000000
2.000000
2.000000
2.000000
2.000000
2.000000
2.000000
2.000000
2.000000
2.000000
2.000000
2.000000
2.000000
2.000000
2.000000
2.000000
2.000000
2.000000
2.000000
2.000000
2.000000
2.000000
2.000000
2.000000
2.000000
2.000000
2.000000
2.000000
2.000000
2.000000
2.000000
2.000000
2.000000
2.000000
2.000000
2.000000
2.000000
2.000000
2.000000
2.000000
2.000000
2.000000
2.000000
2.000000
2.000000
2.000000
2.000000
2.000000
2.000000
2.000000
2.000000
2.000000
2.000000
2.000000
2.000000
2.000000
2.000000
2.000000
2.000000
2.000000
2.000000
2.000000
2.000000
2.000000
2.000000
2.000000
2.000000
2.000000
2.000000
2.000000
2.000000
2.000000
2.000000
2.000000
2.000000
2.000000
2.000000
2.000000
2.000000
2.000000
2.000000
2.000000
2.000000
2.000000
2.000000
2.000000
2.000000
2.000000
2.000000
2.000000
2.000000
2.000000
2.000000
2.000000
2.000000
2.000000
2.000000
2.000000
2.000000
2.000000
2.000000
2.000000
2.000000
2.000000
2.000000
2.000000
2.000000
2.000000
2.000000
2.000000
2.000000
2.000000
2.000000
2.000000
2.000000
2.000000
2.000000
2.000000
2.000000
2.000000
2.000000
2.000000
2.000000
2.000000
2.000000
2.000000
2.000000
2.000000
2.000000
2.000000
2.000000
2.000000
2.000000
2.000000
2.000000
2.000000
2.000000
2.000000
2.000000
2.000000
2.000000
2.000000
2.000000
2.000000
2.000000
2.000000
2.000000
2.000000
2.000000
2.000000
2.000000
2.000000
2.000000
2.000000
2.000000
2.000000
2.000000
2.000000
2.000000
2.000000
2.000000
2.000000
2.000000
2.000000
2.000000
2.000000
2.000000
2.000000
2.000000
2.000000
2.000000
2.000000
2.000000
2.000000
2.000000
2.000000
2.000000
2.000000
2.000000
2.000000
2.000000
2.000000
2.000000
2.000000
2.000000
2.000000
2.000000
2.000000
2.000000
2.000000
2.000000
2.000000
2.000000
2.000000
2.000000
2.000000
2.000000
2.000000
2.000000
2.000000
2.000000
2.000000
2.000000
2.000000
2.000000
2.000000
2.000000
2.000000
2.000000
2.000000
2.000000
2.000000
2.000000
2.000000
2.000000
2.000000
2.000000
2.000000
2.000000
2.000000
2.000000
2.000000
2.000000
2.000000
2.000000
2.000000
2.000000
2.000000
2.000000
2.000000
2.000000
2.000000
2.000000
2.000000
2.000000
2.000000
2.000000
2.000000
2.000000
2.000000
2.000000
2.000000
2.000000
2.000000
2.000000
2.000000
2.000000
2.000000
2.000000
2.000000
2.000000
2.000000
2.000000
2.000000
2.000000
2.000000
2.000000
2.000000
2.000000
2.000000
2.000000
2.000000
2.000000
2.000000
2.000000
2.000000
2.000000
2.000000
2.000000
2.000000
2.000000
2.000000
2.000000
2.000000
2.000000
2.000000
2.000000
2.000000
2.000000
2.000000
2.000000
2.000000
2.000000
2.000000
2.000000
2.000000
2.000000
2.000000
2.000000
2.000000
2.000000
2.000000
2.000000
2.000000
2.000000
2.000000
2.000000
2.000000
2.000000
2.000000
2.000000
2.000000
2.000000
2.000000
2.000000
2.000000
2.000000
2.000000
2.000000
2.000000
2.000000
2.000000
2.000000
2.000000
2.000000
2.000000
2.000000
2.000000
2.000000
2.000000
2.000000
2.000000
2.000000
2.000000
2.000000
2.000000
2.000000
2.000000
2.000000
2.000000
2.000000
2.000000
2.000000
2.000000
2.000000
2.000000
2.000000
2.000000
2.000000
2.000000
2.000000
2.000000
