2.001229
2.000615
2.000265
2.000265
2.000615
2.001229
2.002056
2.003017
2.004068
2.005139
2.006194
2.007176
2.008058
2.008795
2.009372
2.009755
2.009941
2.009908
2.009665
2.009199
2.008530
2.007655
2.006602
2.005376
2.004012
2.002520
2.000940
1.999287
1.997601
1.995901
1.994226
1.992593
1.991042
1.989588
1.988264
1.987083
1.986074
1.985243
1.984614
1.984187
1.983979
1.983985
1.984213
1.984651
1.985303
1.986150
1.987188
1.988395
1.989761
1.991257
1.992872
1.994573
1.996345
1.998154
1.999983
2.001798
2.003581
2.005301
2.006940
2.008470
2.009876
2.011133
2.012231
2.013149
2.013882
2.014415
2.014749
2.014873
2.014795
2.014512
2.014034
2.013365
2.012522
2.011512
2.010356
2.009068
2.007671
2.006181
2.004625
2.003019
2.001392
1.999762
1.998155
1.996590
1.995090
1.993673
1.992360
1.991164
1.990104
1.989189
1.988434
1.987842
1.987424
1.987179
1.987112
1.987218
1.987497
1.987940
1.988541
1.989287
1.990169
1.991171
1.992280
1.993476
1.994745
1.996066
1.997423
1.998794
2.000163
2.001509
2.002815
2.004063
2.005238
2.006324
2.007307
2.008175
2.008920
2.009530
2.010002
2.010329
2.010511
2.010546
2.010438
2.010189
2.009805
2.009294
2.008666
2.007931
2.007101
2.006188
2.005208
2.004175
2.003104
2.002011
2.000911
1.999819
1.998751
1.997720
1.996740
1.995824
1.994982
1.994225
1.993562
1.993000
1.992544
1.992199
1.991967
1.991849
1.991844
1.991951
1.992164
1.992481
1.992893
1.993393
1.993974
1.994624
1.995334
1.996093
1.996889
1.997711
1.998547
1.999385
2.000213
2.001022
2.001799
2.002535
2.003221
2.003848
2.004409
2.004898
2.005310
2.005641
2.005887
2.006049
2.006125
2.006116
2.006025
2.005855
2.005609
2.005294
2.004915
2.004479
2.003993
2.003466
2.002906
2.002320
2.001719
2.001110
2.000503
1.999905
1.999325
1.998770
1.998246
1.997762
1.997321
1.996930
1.996591
1.996309
1.996085
1.995922
1.995819
1.995777
1.995793
1.995868
1.995998
1.996179
1.996408
1.996681
1.996991
1.997335
1.997705
1.998098
1.998505
1.998922
1.999343
1.999761
2.000170
2.000567
2.000944
2.001298
2.001625
2.001920
2.002181
2.002406
2.002591
2.002736
2.002840
2.002903
2.002925
2.002907
2.002850
2.002757
2.002630
2.002472
2.002285
2.002074
2.001842
2.001593
2.001331
2.001060
2.000784
2.000507
2.000232
1.999965
1.999707
1.999463
1.999234
1.999025
1.998836
1.998671
1.998530
1.998414
1.998325
1.998262
1.998226
1.998216
1.998231
1.998271
1.998334
1.998418
1.998521
1.998641
1.998776
1.998924
1.999082
1.999247
1.999417
1.999590
1.999762
1.999932
2.000097
2.000256
2.000406
2.000545
2.000672
2.000785
2.000884
2.000968
2.001036
2.001087
2.001122
2.001141
2.001144
2.001132
2.001104
2.001064
2.001010
2.000946
2.000871
2.000787
2.000697
2.000601
2.000500
2.000398
2.000294
2.000191
2.000090
1.999992
1.999898
1.999810
1.999728
1.999655
1.999588
1.999531
1.999483
1.999445
1.999416
1.999396
1.999386
1.999386
1.999394
1.999410
1.999434
1.999466
1.999503
1.999547
1.999594
1.999646
1.999701
1.999758
1.999815
1.999874
1.999931
1.999988
2.000042
2.000094
2.000142
2.000187
2.000227
2.000263
2.000293
2.000319
2.000339
2.000354
2.000363
2.000367
2.000366
2.000361
2.000350
2.000336
2.000318
2.000296
2.000272
2.000245
2.000216
2.000186
2.000154
2.000123
2.000091
2.000059
2.000029
1.999999
1.999971
1.999946
1.999922
1.999900
1.999881
1.999865
1.999852
1.999842
1.999834
1.999829
1.999827
1.999827
1.999830
1.999836
1.999843
1.999853
1.999864
1.999877
1.999890
1.999905
1.999921
1.999937
1.999953
1.999969
1.999984
2.000000
2.000014
2.000028
2.000041
2.000053
2.000063
2.000072
2.000080
2.000086
2.000091
2.000094
2.000096
2.000097
2.000096
2.000094
2.000091
2.000087
2.000082
2.000076
2.000069
2.000062
2.000055
2.000047
2.000039
2.000031
2.000023
2.000015
2.000008
2.000000
1.999994
1.999987
1.999982
1.999977
1.999972
1.999968
1.999965
1.999963
1.999961
1.999960
1.999960
1.999960
1.999961
1.999963
1.999965
1.999967
1.999970
1.999973
1.999976
1.999979
1.999983
1.999986
1.999990
1.999994
1.999997
2.000001
2.000004
2.000007
2.000010
2.000012
2.000014
2.000016
2.000018
2.000019
2.000020
2.000021
2.000021
2.000021
2.000021
2.000020
2.000019
2.000018
2.000017
2.000016
2.000015
2.000013
2.000011
2.000010
2.000008
2.000006
2.000005
2.000003
2.000002
2.000000
1.999999
1.999998
1.999996
1.999996
1.999995
1.999994
1.999993
1.999993
1.999993
1.999993
1.999992
1.999993
1.999993
1.999993
1.999993
1.999994
1.999994
1.999995
1.999996
1.999996
1.999997
1.999998
1.999998
1.999999
2.000000
2.000000
2.000001
2.000001
2.000002
2.000002
2.000003
2.000003
2.000003
2.000003
2.000004
2.000004
2.000004
2.000004
2.000004
2.000004
2.000003
2.000003
2.000003
2.000003
2.000002
2.000002
2.000002
2.000002
2.000001
2.000001
2.000001
2.000001
2.000000
2.000000
2.000000
2.000000
1.999999
1.999999
1.999999
1.999999
1.999999
1.999999
1.999999
1.999999
1.999999
1.999999
1.999999
1.999999
1.999999
1.999999
1.999999
1.999999
1.999999
1.999999
2.000000
2.000000
2.000000
2.000000
2.000000
2.000000
2.000000
2.000000
2.000000
2.000000
2.000000
2.000000
2.000000
2.000001
2.000001
2.000001
2.000001
2.000001
2.000001
2.000001
2.000000
2.000000
2.000000
2.000000
2.000000
2.000000
2.000000
2.000000
2.000000
2.000000
2.000000
2.000000
2.000000
2.000000
2.000000
2.000000
2.000000
2.000000
2.000000
2.000000
2.000000
2.000000
2.000000
2.000000
2.000000
2.000000
2.000000
2.000000
2.000000
2.000000
2.000000
2.000000
2.000000
2.000000
2.000000
2.000000
2.000000
2.000000
2.000000
2.000000
2.000000
2.000000
2.000000
2.000000
2.000000
2.000000
2.000000
2.000000
2.000000
2.000000
2.000000
2.000000
2.000000
2.000000
2.000000
2.000000
2.000000
2.000000
2.000000
2.000000
2.000000
2.000000
2.000000
2.000000
2.000000
2.000000
2.000000
2.000000
2.000000
2.000000
2.000000
2.000000
2.000000
2.000000
2.000000
2.000000
2.000000
2.000000
2.000000
2.000000
2.000000
2.000000
2.000000
2.000000
2.000000
2.000000
2.000000
2.000000
2.000000
2.000000
2.000000
2.000000
2.000000
2.000000
2.000000
2.000000
2.000000
2.000000
2.000000
2.000000
2.000000
2.000000
2.000000
2.000000
2.000000
2.000000
2.000000
2.000000
2.000000
2.000000
2.000000
2.000000
2.000000
2.000000
2.000000
2.000000
2.000000
2.000000
2.000000
2.000000
2.000000
2.000000
2.000000
2.000000
2.000000
2.000000
2.000000
2.000000
2.000000
2.000000
2.000000
2.000000
2.000000
2.000000
2.000000
2.000000
2.000000
2.000000
2.000000
2.000000
2.000000
2.000000
2.000000
2.000000
2.000000
2.000000
2.000000
2.000000
2.000000
2.000000
2.000000
2.000000
2.000000
2.000000
2.000000
2.000000
2.000000
2.000000
2.000000
2.000000
2.000000
2.000000
2.000000
2.000000
2.000000
2.000000
2.000000
2.000000
2.000000
2.000000
2.000000
2.000000
2.000000
2.000000
2.000000
2.000000
2.000000
2.000000
2.000000
2.000000
2.000000
2.000000
2.000000
2.000000
2.000000
2.000000
2.000000
2.000000
2.000000
2.000000
2.000000
2.000000
2.000000
2.000000
2.000000
2.000000
2.000000
2.000000
2.000000
2.000000
2.000000
2.000000
2.000000
2.000000
2.000000
2.000000
2.000000
2.000000
2.000000
2.000000
2.000000
2.000000
2.000000
2.000000
2.000000
2.000000
2.000000
2.000000
2.000000
2.000000
2.000000
2.000000
2.000000
2.000000
2.000000
2.000000
2.000000
2.000000
2.000000
2.000000
2.000000
2.000000
2.000000
2.000000
2.000000
2.000000
2.000000
2.000000
2.000000
2.000000
2.000000
2.000000
2.000000
2.000000
2.000000
2.000000
2.000000
2.000000
2.000000
2.000000
2.000000
2.000000
2.000000
2.000000
2.000000
2.000000
2.000000
2.000000
2.000000
2.000000
2.000000
2.000000
2.000000
2.000000
2.000000
2.000000
2.000000
2.000000
2.000000
2.000000
2.000000
2.000000
2.000000
2.000000
2.000000
2.000000
2.000000
2.000000
2.000000
2.000000
2.000000
2.000000
2.000000
2.000000
2.000000
2.000000
2.000000
2.000000
2.000000
2.000000
2.000000
2.000000
2.000000
2.000000
2.000000
2.000000
2.000000
2.000000
2.000000
2.000000
2.000000
2.000000
2.000000
2.000000
2.000000
2.000000
2.000000
2.000000
2.000000
2.000000
2.000000
2.000000
2.000000
2.000000
2.000000
2.000000
2.000000
2.000000
2.000000
2.000000
2.000000
2.000000
2.000000
2.000000
2.000000
2.000000
2.000000
2.000000
2.000000
2.000000
2.000000
2.000000
2.000000
2.000000
2.000000
2.000000
2.000000
2.000000
2.000000
2.000000
2.000000
2.000000
2.000000
2.000000
2.000000
2.000000
2.000000
2.000000
2.000000
2.000000
2.000000
2.000000
2.000000
2.000000
2.000000
2.000000
2.000000
2.000000
2.000000
2.000000
2.000000
2.000000
2.000000
2.000000
2.000000
2.000000
2.000000
2.000000
2.000000
2.000000
2.000000
2.000000
2.000000
2.000000
2.000000
2.000000
2.000000
2.000000
2.000000
2.000000
2.000000
2.000000
2.000000
2.000000
2.000000
2.000000
2.000000
2.000000
2.000000
2.000000
2.000000
2.000000
2.000000
2.000000
2.000000
2.000000
2.000000
2.000000
2.000000
2.000000
2.000000
2.000000
2.000000
2.000000
2.000000
2.000000
2.000000
2.000000
2.000000
2.000000
2.000000
2.000000
2.000000
2.000000
2.000000
2.000000
2.000000
2.000000
2.000000
2.000000
2.000000
2.000000
2.000000
2.000000
2.000000
2.000000
2.000000
2.000000
2.000000
2.000000
2.000000
2.000000
2.000000
2.000000
2.000000
2.000000
2.000000
2.000000
2.000000
2.000000
2.000000
2.000000
2.000000
2.000000
2.000000
2.000000
