2.000171
1.999895
1.999745
1.999745
1.999895
2.000171
2.000522
2.000933
2.001359
2.001790
2.002191
2.002560
2.002868
2.003120
2.003294
2.003402
2.003426
2.003383
2.003260
2.003077
2.002825
2.002526
2.002172
2.001785
2.001361
2.000920
2.000459
1.999998
1.999532
1.999082
1.998641
1.998230
1.997840
1.997490
1.997172
1.996903
1.996672
1.996496
1.996363
1.996288
1.996258
1.996286
1.996357
1.996485
1.996653
1.996871
1.997125
1.997421
1.997745
1.998103
1.998478
1.998878
1.999284
1.999702
2.000116
2.000530
2.000929
2.001317
2.001678
2.002019
2.002324
2.002600
2.002832
2.003028
2.003176
2.003284
2.003340
2.003354
2.003318
2.003240
2.003113
2.002950
2.002743
2.002504
2.002229
2.001930
2.001604
2.001263
2.000905
2.000541
2.000171
1.999806
1.999445
1.999098
1.998765
1.998456
1.998168
1.997912
1.997685
1.997495
1.997339
1.997223
1.997145
1.997109
1.997110
1.997153
1.997232
1.997350
1.997500
1.997685
1.997896
1.998136
1.998395
1.998675
1.998967
1.999271
1.999579
1.999890
2.000196
2.000496
2.000784
2.001058
2.001312
2.001546
2.001753
2.001935
2.002085
2.002206
2.002293
2.002349
2.002370
2.002359
2.002315
2.002241
2.002136
2.002005
2.001848
2.001669
2.001469
2.001254
2.001024
2.000786
2.000540
2.000292
2.000044
1.999801
1.999565
1.999340
1.999128
1.998932
1.998755
1.998598
1.998464
1.998353
1.998267
1.998207
1.998173
1.998164
1.998181
1.998222
1.998287
1.998375
1.998482
1.998608
1.998751
1.998908
1.999077
1.999255
1.999439
1.999627
1.999816
2.000004
2.000187
2.000365
2.000533
2.000690
2.000834
2.000964
2.001078
2.001174
2.001252
2.001311
2.001350
2.001371
2.001372
2.001354
2.001318
2.001265
2.001196
2.001113
2.001016
2.000908
2.000790
2.000665
2.000533
2.000398
2.000261
2.000124
1.999989
1.999857
1.999732
1.999613
1.999503
1.999403
1.999314
1.999237
1.999173
1.999121
1.999084
1.999060
1.999050
1.999053
1.999070
1.999099
1.999139
1.999191
1.999252
1.999322
1.999399
1.999483
1.999571
1.999663
1.999757
1.999852
1.999946
2.000038
2.000127
2.000212
2.000292
2.000365
2.000431
2.000490
2.000540
2.000581
2.000613
2.000635
2.000649
2.000653
2.000648
2.000634
2.000613
2.000583
2.000547
2.000504
2.000456
2.000403
2.000347
2.000288
2.000226
2.000164
2.000102
2.000040
1.999980
1.999923
1.999868
1.999818
1.999771
1.999730
1.999694
1.999663
1.999638
1.999619
1.999607
1.999600
1.999599
1.999603
1.999614
1.999629
1.999649
1.999673
1.999701
1.999732
1.999766
1.999802
1.999839
1.999878
1.999917
1.999955
1.999993
2.000030
2.000065
2.000098
2.000129
2.000157
2.000181
2.000202
2.000220
2.000234
2.000244
2.000251
2.000254
2.000254
2.000250
2.000242
2.000232
2.000219
2.000204
2.000186
2.000167
2.000146
2.000124
2.000102
2.000078
2.000055
2.000032
2.000010
1.999988
1.999968
1.999948
1.999931
1.999915
1.999901
1.999889
1.999879
1.999872
1.999866
1.999863
1.999861
1.999862
1.999865
1.999870
1.999876
1.999884
1.999893
1.999903
1.999914
1.999926
1.999939
1.999952
1.999965
1.999978
1.999991
2.000003
2.000015
2.000026
2.000037
2.000046
2.000054
2.000062
2.000068
2.000073
2.000077
2.000079
2.000081
2.000081
2.000080
2.000078
2.000076
2.000072
2.000067
2.000062
2.000056
2.000050
2.000043
2.000036
2.000029
2.000022
2.000015
2.000008
2.000001
1.999995
1.999989
1.999984
1.999979
1.999974
1.999971
1.999967
1.999965
1.999963
1.999962
1.999961
1.999961
1.999962
1.999963
1.999964
1.999966
1.999969
1.999971
1.999974
1.999978
1.999981
1.999985
1.999988
1.999992
1.999995
1.999999
2.000002
2.000005
2.000008
2.000011
2.000013
2.000015
2.000017
2.000019
2.000020
2.000021
2.000021
2.000021
2.000021
2.000021
2.000020
2.000019
2.000018
2.000017
2.000015
2.000014
2.000012
2.000010
2.000009
2.000007
2.000005
2.000003
2.000002
2.000000
1.999999
1.999997
1.999996
1.999995
1.999994
1.999993
1.999992
1.999992
1.999991
1.999991
1.999991
1.999991
1.999991
1.999992
1.999992
1.999993
1.999993
1.999994
1.999995
1.999995
1.999996
1.999997
1.999998
1.999999
1.999999
2.000000
2.000001
2.000001
2.000002
2.000003
2.000003
2.000004
2.000004
2.000004
2.000004
2.000004
2.000005
2.000005
2.000004
2.000004
2.000004
2.000004
2.000004
2.000003
2.000003
2.000003
2.000002
2.000002
2.000002
2.000001
2.000001
2.000001
2.000000
2.000000
2.000000
1.999999
1.999999
1.999999
1.999999
1.999999
1.999998
1.999998
1.999998
1.999998
1.999998
1.999998
1.999998
1.999998
1.999999
1.999999
1.999999
1.999999
1.999999
1.999999
1.999999
2.000000
2.000000
2.000000
2.000000
2.000000
2.000000
2.000000
2.000000
2.000001
2.000001
2.000001
2.000001
2.000001
2.000001
2.000001
2.000001
2.000001
2.000001
2.000001
2.000001
2.000001
2.000001
2.000001
2.000001
2.000000
2.000000
2.000000
2.000000
2.000000
2.000000
2.000000
2.000000
2.000000
2.000000
2.000000
2.000000
2.000000
2.000000
2.000000
2.000000
2.000000
2.000000
2.000000
2.000000
2.000000
2.000000
2.000000
2.000000
2.000000
2.000000
2.000000
2.000000
2.000000
2.000000
2.000000
2.000000
2.000000
2.000000
2.000000
2.000000
2.000000
2.000000
2.000000
2.000000
2.000000
2.000000
2.000000
2.000000
2.000000
2.000000
2.000000
2.000000
2.000000
2.000000
2.000000
2.000000
2.000000
2.000000
2.000000
2.000000
2.000000
2.000000
2.000000
2.000000
2.000000
2.000000
2.000000
2.000000
2.000000
2.000000
2.000000
2.000000
2.000000
2.000000
2.000000
2.000000
2.000000
2.000000
2.000000
2.000000
2.000000
2.000000
2.000000
2.000000
2.000000
2.000000
2.000000
2.000000
2.000000
2.000000
2.000000
2.000000
2.000000
2.000000
2.000000
2.000000
2.000000
2.000000
2.000000
2.000000
2.000000
2.000000
2.000000
2.000000
2.000000
2.000000
2.000000
2.000000
2.000000
2.000000
2.000000
2.000000
2.000000
2.000000
2.000000
2.000000
2.000000
2.000000
2.000000
2.000000
2.000000
2.000000
2.000000
2.000000
2.000000
2.000000
2.000000
2.000000
2.000000
2.000000
2.000000
2.000000
2.000000
2.000000
2.000000
2.000000
2.000000
2.000000
2.000000
2.000000
2.000000
2.000000
2.000000
2.000000
2.000000
2.000000
2.000000
2.000000
2.000000
2.000000
2.000000
2.000000
2.000000
2.000000
2.000000
2.000000
2.000000
2.000000
2.000000
2.000000
2.000000
2.000000
2.000000
2.000000
2.000000
2.000000
2.000000
2.000000
2.000000
2.000000
2.000000
2.000000
2.000000
2.000000
2.000000
2.000000
2.000000
2.000000
2.000000
2.000000
2.000000
2.000000
2.000000
2.000000
2.000000
2.000000
2.000000
2.000000
2.000000
2.000000
2.000000
2.000000
2.000000
2.000000
2.000000
2.000000
2.000000
2.000000
2.000000
2.000000
2.000000
2.000000
2.000000
2.000000
2.000000
2.000000
2.000000
2.000000
2.000000
2.000000
2.000000
2.000000
2.000000
2.000000
2.000000
2.000000
2.000000
2.000000
2.000000
2.000000
2.000000
2.000000
2.000000
2.000000
2.000000
2.000000
2.000000
2.000000
2.000000
2.000000
2.000000
2.000000
2.000000
2.000000
2.000000
2.000000
2.000000
2.000000
2.000000
2.000000
2.000000
2.000000
2.000000
2.000000
2.000000
2.000000
2.000000
2.000000
2.000000
2.000000
2.000000
2.000000
2.000000
2.000000
2.000000
2.000000
2.000000
2.000000
2.000000
2.000000
2.000000
2.000000
2.000000
2.000000
2.000000
2.000000
2.000000
2.000000
2.000000
2.000000
2.000000
2.000000
2.000000
2.000000
2.000000
2.000000
2.000000
2.000000
2.000000
2.000000
2.000000
2.000000
2.000000
2.000000
2.000000
2.000000
2.000000
2.000000
2.000000
2.000000
2.000000
2.000000
2.000000
2.000000
2.000000
2.000000
2.000000
2.000000
2.000000
2.000000
2.000000
2.000000
2.000000
2.000000
2.000000
2.000000
2.000000
2.000000
2.000000
2.000000
2.000000
2.000000
2.000000
2.000000
2.000000
2.000000
2.000000
2.000000
2.000000
2.000000
2.000000
2.000000
2.000000
2.000000
2.000000
2.000000
2.000000
2.000000
2.000000
2.000000
2.000000
2.000000
2.000000
2.000000
2.000000
2.000000
2.000000
2.000000
2.000000
2.000000
2.000000
2.000000
2.000000
2.000000
2.000000
2.000000
2.000000
2.000000
2.000000
2.000000
2.000000
2.000000
2.000000
2.000000
2.000000
2.000000
2.000000
2.000000
2.000000
2.000000
2.000000
2.000000
2.000000
2.000000
2.000000
2.000000
2.000000
2.000000
2.000000
2.000000
2.000000
2.000000
2.000000
2.000000
2.000000
2.000000
2.000000
2.000000
2.000000
2.000000
2.000000
2.000000
2.000000
2.000000
2.000000
2.000000
2.000000
2.000000
2.000000
2.000000
2.000000
2.000000
2.000000
2.000000
2.000000
2.000000
2.000000
2.000000
2.000000
2.000000
2.000000
2.000000
2.000000
2.000000
2.000000
2.000000
2.000000
2.000000
2.000000
2.000000
2.000000
2.000000
2.000000
2.000000
2.000000
2.000000
2.000000
2.000000
2.000000
2.000000
2.000000
2.000000
2.000000
2.000000
2.000000
2.000000
2.000000
2.000000
2.000000
2.000000
2.000000
2.000000
2.000000
2.000000
2.000000
2.000000
2.000000
2.000000
2.000000
2.000000
2.000000
2.000000
2.000000
2.000000
2.000000
2.000000
2.000000
2.000000
2.000000
2.000000
2.000000
2.000000
2.000000
2.000000
2.000000
2.000000
2.000000
2.000000
2.000000
2.000000
2.000000
2.000000
2.000000
2.000000
2.000000
2.000000
2.000000
2.000000
2.000000
2.000000
2.000000
2.000000
2.000000
2.000000
2.000000
2.000000
2.000000
2.000000
2.000000
2.000000
2.000000
2.000000
2.000000
2.000000
2.000000
2.000000
2.000000
2.000000
2.000000
2.000000
2.000000
2.000000
2.000000
2.000000
2.000000
2.000000
2.000000
2.000000
2.000000
2.000000
2.000000
