2.000043
1.999856
1.999759
1.999759
1.999856
2.000043
2.000269
2.000535
2.000798
2.001063
2.001295
2.001507
2.001669
2.001800
2.001875
2.001915
2.001901
2.001856
2.001762
2.001645
2.001487
2.001314
2.001111
2.000901
2.000669
2.000439
2.000195
1.999960
1.999720
1.999494
1.999270
1.999065
1.998868
1.998695
1.998534
1.998401
1.998284
1.998198
1.998130
1.998094
1.998078
1.998094
1.998130
1.998197
1.998282
1.998396
1.998525
1.998679
1.998845
1.999030
1.999223
1.999429
1.999638
1.999854
2.000066
2.000280
2.000485
2.000685
2.000870
2.001046
2.001201
2.001343
2.001461
2.001562
2.001637
2.001691
2.001719
2.001726
2.001705
2.001665
2.001599
2.001514
2.001406
2.001283
2.001141
2.000987
2.000818
2.000643
2.000458
2.000271
2.000080
1.999892
1.999707
1.999528
1.999357
1.999198
1.999051
1.998920
1.998803
1.998706
1.998627
1.998568
1.998529
1.998511
1.998513
1.998536
1.998578
1.998640
1.998718
1.998814
1.998924
1.999048
1.999183
1.999327
1.999478
1.999635
1.999794
1.999953
2.000111
2.000265
2.000413
2.000554
2.000684
2.000803
2.000909
2.001001
2.001077
2.001138
2.001182
2.001209
2.001219
2.001212
2.001189
2.001149
2.001095
2.001026
2.000944
2.000851
2.000748
2.000636
2.000518
2.000395
2.000268
2.000141
2.000013
1.999889
1.999767
1.999652
1.999543
1.999443
1.999353
1.999273
1.999204
1.999149
1.999105
1.999075
1.999059
1.999055
1.999065
1.999087
1.999122
1.999168
1.999224
1.999290
1.999364
1.999446
1.999533
1.999625
1.999720
1.999817
1.999914
2.000011
2.000105
2.000196
2.000282
2.000362
2.000436
2.000502
2.000559
2.000608
2.000647
2.000677
2.000696
2.000705
2.000705
2.000695
2.000676
2.000647
2.000611
2.000567
2.000517
2.000461
2.000400
2.000335
2.000267
2.000197
2.000127
2.000056
1.999987
1.999920
1.999855
1.999795
1.999739
1.999688
1.999642
1.999603
1.999571
1.999545
1.999527
1.999515
1.999511
1.999514
1.999523
1.999538
1.999560
1.999587
1.999619
1.999655
1.999696
1.999739
1.999785
1.999832
1.999881
1.999930
1.999978
2.000025
2.000071
2.000114
2.000155
2.000192
2.000226
2.000255
2.000280
2.000301
2.000317
2.000328
2.000334
2.000335
2.000332
2.000325
2.000313
2.000297
2.000278
2.000256
2.000231
2.000203
2.000174
2.000144
2.000112
2.000080
2.000048
2.000016
1.999986
1.999956
1.999929
1.999903
1.999879
1.999858
1.999840
1.999825
1.999812
1.999803
1.999797
1.999794
1.999794
1.999797
1.999802
1.999810
1.999821
1.999834
1.999848
1.999865
1.999882
1.999901
1.999920
1.999940
1.999960
1.999980
1.999999
2.000018
2.000036
2.000053
2.000068
2.000082
2.000095
2.000105
2.000114
2.000121
2.000126
2.000129
2.000131
2.000130
2.000128
2.000124
2.000118
2.000111
2.000103
2.000094
2.000084
2.000073
2.000062
2.000050
2.000038
2.000026
2.000015
2.000003
1.999992
1.999982
1.999972
1.999963
1.999955
1.999948
1.999942
1.999937
1.999933
1.999931
1.999929
1.999929
1.999929
1.999931
1.999933
1.999937
1.999941
1.999946
1.999951
1.999957
1.999963
1.999970
1.999976
1.999983
1.999990
1.999996
2.000003
2.000009
2.000014
2.000020
2.000024
2.000029
2.000032
2.000035
2.000038
2.000040
2.000041
2.000042
2.000042
2.000041
2.000040
2.000038
2.000036
2.000034
2.000031
2.000028
2.000025
2.000022
2.000018
2.000014
2.000011
2.000007
2.000003
2.000000
1.999997
1.999994
1.999991
1.999989
1.999986
1.999985
1.999983
1.999982
1.999981
1.999980
1.999980
1.999980
1.999980
1.999981
1.999982
1.999983
1.999984
1.999986
1.999987
1.999989
1.999991
1.999993
1.999994
1.999996
1.999998
2.000000
2.000001
2.000003
2.000005
2.000006
2.000007
2.000008
2.000009
2.000010
2.000010
2.000011
2.000011
2.000011
2.000011
2.000011
2.000010
2.000010
2.000009
2.000008
2.000008
2.000007
2.000006
2.000005
2.000004
2.000003
2.000002
2.000002
2.000001
2.000000
1.999999
1.999998
1.999998
1.999997
1.999997
1.999996
1.999996
1.999996
1.999996
1.999995
1.999995
1.999995
1.999996
1.999996
1.999996
1.999996
1.999997
1.999997
1.999997
1.999998
1.999998
1.999999
1.999999
1.999999
2.000000
2.000000
2.000000
2.000001
2.000001
2.000001
2.000002
2.000002
2.000002
2.000002
2.000002
2.000002
2.000002
2.000002
2.000002
2.000002
2.000002
2.000002
2.000002
2.000002
2.000002
2.000001
2.000001
2.000001
2.000001
2.000001
2.000000
2.000000
2.000000
2.000000
2.000000
2.000000
2.000000
1.999999
1.999999
1.999999
1.999999
1.999999
1.999999
1.999999
1.999999
1.999999
1.999999
1.999999
1.999999
1.999999
1.999999
1.999999
2.000000
2.000000
2.000000
2.000000
2.000000
2.000000
2.000000
2.000000
2.000000
2.000000
2.000000
2.000000
2.000000
2.000000
2.000000
2.000000
2.000000
2.000000
2.000000
2.000000
2.000000
2.000000
2.000000
2.000000
2.000000
2.000000
2.000000
2.000000
2.000000
2.000000
2.000000
2.000000
2.000000
2.000000
2.000000
2.000000
2.000000
2.000000
2.000000
2.000000
2.000000
2.000000
2.000000
2.000000
2.000000
2.000000
2.000000
2.000000
2.000000
2.000000
2.000000
2.000000
2.000000
2.000000
2.000000
2.000000
2.000000
2.000000
2.000000
2.000000
2.000000
2.000000
2.000000
2.000000
2.000000
2.000000
2.000000
2.000000
2.000000
2.000000
2.000000
2.000000
2.000000
2.000000
2.000000
2.000000
2.000000
2.000000
2.000000
2.000000
2.000000
2.000000
2.000000
2.000000
2.000000
2.000000
2.000000
2.000000
2.000000
2.000000
2.000000
2.000000
2.000000
2.000000
2.000000
2.000000
2.000000
2.000000
2.000000
2.000000
2.000000
2.000000
2.000000
2.000000
2.000000
2.000000
2.000000
2.000000
2.000000
2.000000
2.000000
2.000000
2.000000
2.000000
2.000000
2.000000
2.000000
2.000000
2.000000
2.000000
2.000000
2.000000
2.000000
2.000000
2.000000
2.000000
2.000000
2.000000
2.000000
2.000000
2.000000
2.000000
2.000000
2.000000
2.000000
2.000000
2.000000
2.000000
2.000000
2.000000
2.000000
2.000000
2.000000
2.000000
2.000000
2.000000
2.000000
2.000000
2.000000
2.000000
2.000000
2.000000
2.000000
2.000000
2.000000
2.000000
2.000000
2.000000
2.000000
2.000000
2.000000
2.000000
2.000000
2.000000
2.000000
2.000000
2.000000
2.000000
2.000000
2.000000
2.000000
2.000000
2.000000
2.000000
2.000000
2.000000
2.000000
2.000000
2.000000
2.000000
2.000000
2.000000
2.000000
2.000000
2.000000
2.000000
2.000000
2.000000
2.000000
2.000000
2.000000
2.000000
2.000000
2.000000
2.000000
2.000000
2.000000
2.000000
2.000000
2.000000
2.000000
2.000000
2.000000
2.000000
2.000000
2.000000
2.000000
2.000000
2.000000
2.000000
2.000000
2.000000
2.000000
2.000000
2.000000
2.000000
2.000000
2.000000
2.000000
2.000000
2.000000
2.000000
2.000000
2.000000
2.000000
2.000000
2.000000
2.000000
2.000000
2.000000
2.000000
2.000000
2.000000
2.000000
2.000000
2.000000
2.000000
2.000000
2.000000
2.000000
2.000000
2.000000
2.000000
2.000000
2.000000
2.000000
2.000000
2.000000
2.000000
2.000000
2.000000
2.000000
2.000000
2.000000
2.000000
2.000000
2.000000
2.000000
2.000000
2.000000
2.000000
2.000000
2.000000
2.000000
2.000000
2.000000
2.000000
2.000000
2.000000
2.000000
2.000000
2.000000
2.000000
2.000000
2.000000
2.000000
2.000000
2.000000
2.000000
2.000000
2.000000
2.000000
2.000000
2.000000
2.000000
2.000000
2.000000
2.000000
2.000000
2.000000
2.000000
2.000000
2.000000
2.000000
2.000000
2.000000
2.000000
2.000000
2.000000
2.000000
2.000000
2.000000
2.000000
2.000000
2.000000
2.000000
2.000000
2.000000
2.000000
2.000000
2.000000
2.000000
2.000000
2.000000
2.000000
2.000000
2.000000
2.000000
2.000000
2.000000
2.000000
2.000000
2.000000
2.000000
2.000000
2.000000
2.000000
2.000000
2.000000
2.000000
2.000000
2.000000
2.000000
2.000000
2.000000
2.000000
2.000000
2.000000
2.000000
2.000000
2.000000
2.000000
2.000000
2.000000
2.000000
2.000000
2.000000
2.000000
2.000000
2.000000
2.000000
2.000000
2.000000
2.000000
2.000000
2.000000
2.000000
2.000000
2.000000
2.000000
2.000000
2.000000
2.000000
2.000000
2.000000
2.000000
2.000000
2.000000
2.000000
2.000000
2.000000
2.000000
2.000000
2.000000
2.000000
2.000000
2.000000
2.000000
2.000000
2.000000
2.000000
2.000000
2.000000
2.000000
2.000000
2.000000
2.000000
2.000000
2.000000
2.000000
2.000000
2.000000
2.000000
2.000000
2.000000
2.000000
2.000000
2.000000
2.000000
2.000000
2.000000
2.000000
2.000000
2.000000
2.000000
2.000000
2.000000
2.000000
2.000000
2.000000
2.000000
2.000000
2.000000
2.000000
2.000000
2.000000
2.000000
2.000000
2.000000
2.000000
2.000000
2.000000
2.000000
2.000000
2.000000
2.000000
2.000000
2.000000
2.000000
2.000000
2.000000
2.000000
2.000000
2.000000
2.000000
2.000000
2.000000
2.000000
2.000000
2.000000
2.000000
2.000000
2.000000
2.000000
2.000000
2.000000
2.000000
2.000000
2.000000
2.000000
2.000000
2.000000
2.000000
2.000000
2.000000
2.000000
2.000000
2.000000
2.000000
2.000000
2.000000
2.000000
2.000000
2.000000
2.000000
2.000000
2.000000
2.000000
2.000000
2.000000
2.000000
2.000000
2.000000
2.000000
2.000000
2.000000
2.000000
2.000000
2.000000
2.000000
2.000000
2.000000
2.000000
2.000000
2.000000
2.000000
2.000000
2.000000
2.000000
2.000000
2.000000
2.000000
2.000000
2.000000
2.000000
2.000000
2.000000
2.000000
2.000000
2.000000
2.000000
2.000000
2.000000
2.000000
2.000000
2.000000
2.000000
2.000000
2.000000
2.000000
2.000000
2.000000
2.000000
2.000000
2.000000
2.000000
2.000000
2.000000
2.000000
2.000000
2.000000
2.000000
2.000000
2.000000
