2.001763
2.001088
2.000701
2.000701
2.001088
2.001763
2.002674
2.003727
2.004878
2.006043
2.007188
2.008240
2.009176
2.009936
2.010511
2.010853
2.010965
2.010815
2.010418
2.009753
2.008848
2.007694
2.006328
2.004752
2.003011
2.001114
1.999112
1.997019
1.994890
1.992741
1.990629
1.988568
1.986614
1.984780
1.983116
1.981631
1.980371
1.979338
1.978569
1.978059
1.977838
1.977893
1.978243
1.978868
1.979778
1.980945
1.982369
1.984017
1.985882
1.987921
1.990124
1.992444
1.994865
1.997337
1.999843
2.002332
2.004786
2.007155
2.009422
2.011542
2.013501
2.015258
2.016805
2.018106
2.019161
2.019941
2.020452
2.020674
2.020621
2.020282
2.019678
2.018804
2.017690
2.016339
2.014785
2.013039
2.011139
2.009100
2.006964
2.004749
2.002498
2.000231
1.997990
1.995795
1.993686
1.991680
1.989814
1.988101
1.986573
1.985238
1.984123
1.983229
1.982576
1.982160
1.981994
1.982067
1.982384
1.982928
1.983700
1.984675
1.985847
1.987189
1.988689
1.990316
1.992055
1.993871
1.995749
1.997652
1.999565
2.001450
2.003293
2.005059
2.006735
2.008291
2.009715
2.010982
2.012085
2.013003
2.013736
2.014266
2.014600
2.014726
2.014656
2.014384
2.013927
2.013285
2.012479
2.011514
2.010414
2.009189
2.007866
2.006456
2.004989
2.003478
2.001951
2.000423
1.998922
1.997460
1.996065
1.994746
1.993527
1.992417
1.991434
1.990584
1.989881
1.989326
1.988930
1.988689
1.988609
1.988682
1.988909
1.989280
1.989791
1.990427
1.991183
1.992040
1.992990
1.994012
1.995097
1.996223
1.997380
1.998545
1.999708
2.000848
2.001955
2.003010
2.004004
2.004920
2.005752
2.006487
2.007120
2.007641
2.008051
2.008340
2.008514
2.008567
2.008506
2.008331
2.008050
2.007666
2.007191
2.006630
2.005995
2.005295
2.004543
2.003748
2.002925
2.002083
2.001238
2.000396
1.999574
1.998779
1.998024
1.997315
1.996664
1.996074
1.995557
1.995113
1.994750
1.994468
1.994271
1.994157
1.994127
1.994178
1.994309
1.994513
1.994788
1.995126
1.995524
1.995970
1.996461
1.996986
1.997539
1.998110
1.998692
1.999275
1.999854
2.000418
2.000962
2.001477
2.001959
2.002400
2.002798
2.003146
2.003444
2.003686
2.003872
2.004001
2.004074
2.004089
2.004051
2.003959
2.003818
2.003630
2.003401
2.003134
2.002834
2.002505
2.002156
2.001788
2.001410
2.001025
2.000642
2.000262
1.999893
1.999538
1.999203
1.998890
1.998605
1.998349
1.998125
1.997935
1.997782
1.997664
1.997583
1.997539
1.997531
1.997557
1.997618
1.997709
1.997829
1.997976
1.998146
1.998336
1.998543
1.998763
1.998993
1.999230
1.999470
1.999708
1.999944
2.000172
2.000390
2.000596
2.000787
2.000961
2.001117
2.001252
2.001366
2.001458
2.001528
2.001574
2.001599
2.001601
2.001582
2.001543
2.001486
2.001410
2.001320
2.001215
2.001099
2.000973
2.000840
2.000701
2.000558
2.000414
2.000271
2.000131
1.999995
1.999865
1.999743
1.999630
1.999527
1.999436
1.999357
1.999290
1.999236
1.999195
1.999168
1.999154
1.999153
1.999163
1.999186
1.999219
1.999262
1.999313
1.999373
1.999439
1.999510
1.999586
1.999664
1.999744
1.999825
1.999905
1.999983
2.000058
2.000130
2.000198
2.000260
2.000316
2.000366
2.000409
2.000444
2.000473
2.000494
2.000508
2.000514
2.000514
2.000507
2.000493
2.000474
2.000449
2.000420
2.000387
2.000350
2.000310
2.000268
2.000225
2.000181
2.000137
2.000093
2.000051
2.000010
1.999971
1.999934
1.999901
1.999870
1.999843
1.999820
1.999801
1.999786
1.999774
1.999766
1.999763
1.999763
1.999766
1.999773
1.999782
1.999795
1.999810
1.999827
1.999845
1.999865
1.999887
1.999908
1.999930
1.999953
1.999975
1.999996
2.000016
2.000036
2.000054
2.000070
2.000085
2.000098
2.000109
2.000118
2.000126
2.000131
2.000134
2.000136
2.000135
2.000133
2.000129
2.000124
2.000117
2.000110
2.000101
2.000091
2.000081
2.000070
2.000059
2.000048
2.000037
2.000026
2.000015
2.000005
1.999996
1.999987
1.999979
1.999971
1.999965
1.999959
1.999955
1.999951
1.999948
1.999946
1.999946
1.999946
1.999947
1.999948
1.999950
1.999953
1.999957
1.999961
1.999965
1.999970
1.999975
1.999979
1.999985
1.999989
1.999994
1.999999
2.000004
2.000008
2.000012
2.000015
2.000019
2.000021
2.000024
2.000026
2.000027
2.000028
2.000029
2.000029
2.000029
2.000029
2.000028
2.000027
2.000025
2.000023
2.000022
2.000019
2.000017
2.000015
2.000013
2.000010
2.000008
2.000006
2.000004
2.000002
2.000000
1.999998
1.999996
1.999995
1.999994
1.999992
1.999992
1.999991
1.999990
1.999990
1.999990
1.999990
1.999990
1.999990
1.999991
1.999991
1.999992
1.999993
1.999994
1.999994
1.999995
1.999996
1.999997
1.999998
1.999999
2.000000
2.000001
2.000001
2.000002
2.000003
2.000003
2.000004
2.000004
2.000005
2.000005
2.000005
2.000005
2.000005
2.000005
2.000005
2.000005
2.000005
2.000004
2.000004
2.000004
2.000003
2.000003
2.000003
2.000002
2.000002
2.000001
2.000001
2.000001
2.000000
2.000000
2.000000
2.000000
1.999999
1.999999
1.999999
1.999999
1.999999
1.999999
1.999998
1.999998
1.999998
1.999998
1.999998
1.999999
1.999999
1.999999
1.999999
1.999999
1.999999
1.999999
1.999999
2.000000
2.000000
2.000000
2.000000
2.000000
2.000000
2.000000
2.000000
2.000001
2.000001
2.000001
2.000001
2.000001
2.000001
2.000001
2.000001
2.000001
2.000001
2.000001
2.000001
2.000001
2.000001
2.000001
2.000000
2.000000
2.000000
2.000000
2.000000
2.000000
2.000000
2.000000
2.000000
2.000000
2.000000
2.000000
2.000000
2.000000
2.000000
2.000000
2.000000
2.000000
2.000000
2.000000
2.000000
2.000000
2.000000
2.000000
2.000000
2.000000
2.000000
2.000000
2.000000
2.000000
2.000000
2.000000
2.000000
2.000000
2.000000
2.000000
2.000000
2.000000
2.000000
2.000000
2.000000
2.000000
2.000000
2.000000
2.000000
2.000000
2.000000
2.000000
2.000000
2.000000
2.000000
2.000000
2.000000
2.000000
2.000000
2.000000
2.000000
2.000000
2.000000
2.000000
2.000000
2.000000
2.000000
2.000000
2.000000
2.000000
2.000000
2.000000
2.000000
2.000000
2.000000
2.000000
2.000000
2.000000
2.000000
2.000000
2.000000
2.000000
2.000000
2.000000
2.000000
2.000000
2.000000
2.000000
2.000000
2.000000
2.000000
2.000000
2.000000
2.000000
2.000000
2.000000
2.000000
2.000000
2.000000
2.000000
2.000000
2.000000
2.000000
2.000000
2.000000
2.000000
2.000000
2.000000
2.000000
2.000000
2.000000
2.000000
2.000000
2.000000
2.000000
2.000000
2.000000
2.000000
2.000000
2.000000
2.000000
2.000000
2.000000
2.000000
2.000000
2.000000
2.000000
2.000000
2.000000
2.000000
2.000000
2.000000
2.000000
2.000000
2.000000
2.000000
2.000000
2.000000
2.000000
2.000000
2.000000
2.000000
2.000000
2.000000
2.000000
2.000000
2.000000
2.000000
2.000000
2.000000
2.000000
2.000000
2.000000
2.000000
2.000000
2.000000
2.000000
2.000000
2.000000
2.000000
2.000000
2.000000
2.000000
2.000000
2.000000
2.000000
2.000000
2.000000
2.000000
2.000000
2.000000
2.000000
2.000000
2.000000
2.000000
2.000000
2.000000
2.000000
2.000000
2.000000
2.000000
2.000000
2.000000
2.000000
2.000000
2.000000
2.000000
2.000000
2.000000
2.000000
2.000000
2.000000
2.000000
2.000000
2.000000
2.000000
2.000000
2.000000
2.000000
2.000000
2.000000
2.000000
2.000000
2.000000
2.000000
2.000000
2.000000
2.000000
2.000000
2.000000
2.000000
2.000000
2.000000
2.000000
2.000000
2.000000
2.000000
2.000000
2.000000
2.000000
2.000000
2.000000
2.000000
2.000000
2.000000
2.000000
2.000000
2.000000
2.000000
2.000000
2.000000
2.000000
2.000000
2.000000
2.000000
2.000000
2.000000
2.000000
2.000000
2.000000
2.000000
2.000000
2.000000
2.000000
2.000000
2.000000
2.000000
2.000000
2.000000
2.000000
2.000000
2.000000
2.000000
2.000000
2.000000
2.000000
2.000000
2.000000
2.000000
2.000000
2.000000
2.000000
2.000000
2.000000
2.000000
2.000000
2.000000
2.000000
2.000000
2.000000
2.000000
2.000000
2.000000
2.000000
2.000000
2.000000
2.000000
2.000000
2.000000
2.000000
2.000000
2.000000
2.000000
2.000000
2.000000
2.000000
2.000000
2.000000
2.000000
2.000000
2.000000
2.000000
2.000000
2.000000
2.000000
2.000000
2.000000
2.000000
2.000000
2.000000
2.000000
2.000000
2.000000
2.000000
2.000000
2.000000
2.000000
2.000000
2.000000
2.000000
2.000000
2.000000
2.000000
2.000000
2.000000
2.000000
2.000000
2.000000
2.000000
2.000000
2.000000
2.000000
2.000000
2.000000
2.000000
2.000000
2.000000
2.000000
2.000000
2.000000
2.000000
2.000000
2.000000
2.000000
2.000000
2.000000
2.000000
2.000000
2.000000
2.000000
2.000000
2.000000
2.000000
2.000000
2.000000
2.000000
2.000000
2.000000
2.000000
2.000000
2.000000
2.000000
2.000000
2.000000
2.000000
2.000000
2.000000
2.000000
2.000000
2.000000
2.000000
2.000000
2.000000
2.000000
2.000000
2.000000
2.000000
2.000000
2.000000
2.000000
2.000000
2.000000
2.000000
2.000000
2.000000
2.000000
2.000000
2.000000
2.000000
2.000000
2.000000
2.000000
2.000000
2.000000
2.000000
2.000000
2.000000
2.000000
2.000000
2.000000
2.000000
2.000000
2.000000
2.000000
2.000000
2.000000
2.000000
2.000000
2.000000
2.000000
2.000000
2.000000
2.000000
2.000000
2.000000
2.000000
2.000000
2.000000
2.000000
2.000000
2.000000
2.000000
2.000000
2.000000
2.000000
2.000000
2.000000
2.000000
2.000000
2.000000
2.000000
2.000000
2.000000
2.000000
2.000000
2.000000
2.000000
2.000000
2.000000
2.000000
2.000000
2.000000
2.000000
2.000000
2.000000
2.000000
2.000000
2.000000
2.000000
2.000000
2.000000
2.000000
2.000000
2.000000
