2.000304
1.999960
1.999770
1.999770
1.999960
2.000304
2.000751
2.001274
2.001826
2.002387
2.002921
2.003415
2.003840
2.004193
2.004451
2.004618
2.004680
2.004646
2.004508
2.004280
2.003959
2.003562
2.003088
2.002559
2.001975
2.001358
2.000709
2.000052
1.999386
1.998734
1.998096
1.997492
1.996922
1.996403
1.995934
1.995530
1.995187
1.994919
1.994719
1.994599
1.994549
1.994581
1.994683
1.994862
1.995106
1.995419
1.995789
1.996218
1.996691
1.997211
1.997760
1.998340
1.998934
1.999542
2.000148
2.000751
2.001335
2.001900
2.002430
2.002927
2.003375
2.003777
2.004119
2.004406
2.004625
2.004783
2.004869
2.004891
2.004841
2.004729
2.004548
2.004311
2.004012
2.003665
2.003267
2.002832
2.002359
2.001862
2.001341
2.000811
2.000273
1.999740
1.999213
1.998707
1.998221
1.997768
1.997348
1.996973
1.996640
1.996360
1.996130
1.995959
1.995842
1.995786
1.995786
1.995845
1.995957
1.996126
1.996343
1.996609
1.996915
1.997261
1.997638
1.998044
1.998468
1.998910
1.999358
1.999811
2.000258
2.000696
2.001117
2.001518
2.001890
2.002233
2.002538
2.002805
2.003027
2.003206
2.003337
2.003421
2.003455
2.003443
2.003382
2.003277
2.003128
2.002939
2.002712
2.002453
2.002164
2.001852
2.001518
2.001171
2.000814
2.000453
2.000091
1.999737
1.999391
1.999062
1.998751
1.998464
1.998203
1.997973
1.997774
1.997611
1.997482
1.997392
1.997339
1.997324
1.997344
1.997402
1.997494
1.997618
1.997772
1.997955
1.998160
1.998388
1.998632
1.998890
1.999158
1.999432
1.999707
1.999982
2.000250
2.000509
2.000755
2.000986
2.001198
2.001390
2.001557
2.001700
2.001816
2.001905
2.001965
2.001998
2.002002
2.001979
2.001929
2.001855
2.001756
2.001637
2.001497
2.001341
2.001171
2.000989
2.000798
2.000601
2.000401
2.000202
2.000004
1.999812
1.999628
1.999454
1.999292
1.999145
1.999013
1.998899
1.998803
1.998726
1.998669
1.998632
1.998615
1.998618
1.998640
1.998680
1.998737
1.998811
1.998898
1.998999
1.999110
1.999231
1.999359
1.999493
1.999630
1.999768
1.999905
2.000040
2.000171
2.000295
2.000412
2.000520
2.000618
2.000705
2.000779
2.000841
2.000889
2.000924
2.000945
2.000953
2.000947
2.000929
2.000899
2.000857
2.000805
2.000744
2.000675
2.000599
2.000517
2.000431
2.000342
2.000252
2.000161
2.000071
1.999983
1.999899
1.999819
1.999744
1.999676
1.999614
1.999560
1.999514
1.999477
1.999448
1.999428
1.999417
1.999414
1.999420
1.999434
1.999455
1.999483
1.999518
1.999558
1.999602
1.999651
1.999703
1.999758
1.999814
1.999870
1.999927
1.999983
2.000037
2.000088
2.000137
2.000182
2.000223
2.000259
2.000291
2.000318
2.000339
2.000355
2.000366
2.000371
2.000371
2.000366
2.000356
2.000342
2.000324
2.000302
2.000277
2.000249
2.000219
2.000187
2.000154
2.000120
2.000086
2.000052
2.000019
1.999988
1.999957
1.999929
1.999903
1.999880
1.999859
1.999841
1.999826
1.999814
1.999806
1.999800
1.999798
1.999799
1.999802
1.999808
1.999817
1.999828
1.999841
1.999856
1.999872
1.999889
1.999907
1.999926
1.999945
1.999964
1.999983
2.000001
2.000019
2.000035
2.000051
2.000065
2.000078
2.000089
2.000098
2.000106
2.000111
2.000116
2.000118
2.000119
2.000118
2.000115
2.000111
2.000106
2.000100
2.000092
2.000084
2.000075
2.000065
2.000055
2.000045
2.000034
2.000024
2.000014
2.000004
1.999995
1.999986
1.999978
1.999970
1.999964
1.999958
1.999953
1.999949
1.999946
1.999944
1.999943
1.999943
1.999944
1.999945
1.999947
1.999950
1.999954
1.999957
1.999962
1.999967
1.999971
1.999977
1.999982
1.999987
1.999992
1.999997
2.000002
2.000007
2.000011
2.000015
2.000019
2.000022
2.000025
2.000027
2.000029
2.000030
2.000031
2.000031
2.000031
2.000031
2.000030
2.000028
2.000027
2.000025
2.000023
2.000021
2.000018
2.000016
2.000013
2.000011
2.000008
2.000005
2.000003
2.000001
1.999998
1.999996
1.999994
1.999993
1.999991
1.999990
1.999989
1.999988
1.999987
1.999987
1.999987
1.999987
1.999987
1.999988
1.999988
1.999989
1.999990
1.999991
1.999992
1.999993
1.999994
1.999995
1.999996
1.999998
1.999999
2.000000
2.000001
2.000002
2.000003
2.000004
2.000004
2.000005
2.000006
2.000006
2.000006
2.000007
2.000007
2.000007
2.000007
2.000006
2.000006
2.000006
2.000006
2.000005
2.000005
2.000004
2.000004
2.000003
2.000003
2.000002
2.000002
2.000001
2.000001
2.000000
2.000000
1.999999
1.999999
1.999999
1.999998
1.999998
1.999998
1.999998
1.999998
1.999998
1.999998
1.999998
1.999998
1.999998
1.999998
1.999998
1.999998
1.999998
1.999999
1.999999
1.999999
1.999999
1.999999
2.000000
2.000000
2.000000
2.000000
2.000000
2.000001
2.000001
2.000001
2.000001
2.000001
2.000001
2.000001
2.000001
2.000001
2.000001
2.000001
2.000001
2.000001
2.000001
2.000001
2.000001
2.000001
2.000001
2.000001
2.000001
2.000000
2.000000
2.000000
2.000000
2.000000
2.000000
2.000000
2.000000
2.000000
2.000000
2.000000
2.000000
2.000000
2.000000
2.000000
2.000000
2.000000
2.000000
2.000000
2.000000
2.000000
2.000000
2.000000
2.000000
2.000000
2.000000
2.000000
2.000000
2.000000
2.000000
2.000000
2.000000
2.000000
2.000000
2.000000
2.000000
2.000000
2.000000
2.000000
2.000000
2.000000
2.000000
2.000000
2.000000
2.000000
2.000000
2.000000
2.000000
2.000000
2.000000
2.000000
2.000000
2.000000
2.000000
2.000000
2.000000
2.000000
2.000000
2.000000
2.000000
2.000000
2.000000
2.000000
2.000000
2.000000
2.000000
2.000000
2.000000
2.000000
2.000000
2.000000
2.000000
2.000000
2.000000
2.000000
2.000000
2.000000
2.000000
2.000000
2.000000
2.000000
2.000000
2.000000
2.000000
2.000000
2.000000
2.000000
2.000000
2.000000
2.000000
2.000000
2.000000
2.000000
2.000000
2.000000
2.000000
2.000000
2.000000
2.000000
2.000000
2.000000
2.000000
2.000000
2.000000
2.000000
2.000000
2.000000
2.000000
2.000000
2.000000
2.000000
2.000000
2.000000
2.000000
2.000000
2.000000
2.000000
2.000000
2.000000
2.000000
2.000000
2.000000
2.000000
2.000000
2.000000
2.000000
2.000000
2.000000
2.000000
2.000000
2.000000
2.000000
2.000000
2.000000
2.000000
2.000000
2.000000
2.000000
2.000000
2.000000
2.000000
2.000000
2.000000
2.000000
2.000000
2.000000
2.000000
2.000000
2.000000
2.000000
2.000000
2.000000
2.000000
2.000000
2.000000
2.000000
2.000000
2.000000
2.000000
2.000000
2.000000
2.000000
2.000000
2.000000
2.000000
2.000000
2.000000
2.000000
2.000000
2.000000
2.000000
2.000000
2.000000
2.000000
2.000000
2.000000
2.000000
2.000000
2.000000
2.000000
2.000000
2.000000
2.000000
2.000000
2.000000
2.000000
2.000000
2.000000
2.000000
2.000000
2.000000
2.000000
2.000000
2.000000
2.000000
2.000000
2.000000
2.000000
2.000000
2.000000
2.000000
2.000000
2.000000
2.000000
2.000000
2.000000
2.000000
2.000000
2.000000
2.000000
2.000000
2.000000
2.000000
2.000000
2.000000
2.000000
2.000000
2.000000
2.000000
2.000000
2.000000
2.000000
2.000000
2.000000
2.000000
2.000000
2.000000
2.000000
2.000000
2.000000
2.000000
2.000000
2.000000
2.000000
2.000000
2.000000
2.000000
2.000000
2.000000
2.000000
2.000000
2.000000
2.000000
2.000000
2.000000
2.000000
2.000000
2.000000
2.000000
2.000000
2.000000
2.000000
2.000000
2.000000
2.000000
2.000000
2.000000
2.000000
2.000000
2.000000
2.000000
2.000000
2.000000
2.000000
2.000000
2.000000
2.000000
2.000000
2.000000
2.000000
2.000000
2.000000
2.000000
2.000000
2.000000
2.000000
2.000000
2.000000
2.000000
2.000000
2.000000
2.000000
2.000000
2.000000
2.000000
2.000000
2.000000
2.000000
2.000000
2.000000
2.000000
2.000000
2.000000
2.000000
2.000000
2.000000
2.000000
2.000000
2.000000
2.000000
2.000000
2.000000
2.000000
2.000000
2.000000
2.000000
2.000000
2.000000
2.000000
2.000000
2.000000
2.000000
2.000000
2.000000
2.000000
2.000000
2.000000
2.000000
2.000000
2.000000
2.000000
2.000000
2.000000
2.000000
2.000000
2.000000
2.000000
2.000000
2.000000
2.000000
2.000000
2.000000
2.000000
2.000000
2.000000
2.000000
2.000000
2.000000
2.000000
2.000000
2.000000
2.000000
2.000000
2.000000
2.000000
2.000000
2.000000
2.000000
2.000000
2.000000
2.000000
2.000000
2.000000
2.000000
2.000000
2.000000
2.000000
2.000000
2.000000
2.000000
2.000000
2.000000
2.000000
2.000000
2.000000
2.000000
2.000000
2.000000
2.000000
2.000000
2.000000
2.000000
2.000000
2.000000
2.000000
2.000000
2.000000
2.000000
2.000000
2.000000
2.000000
2.000000
2.000000
2.000000
2.000000
2.000000
2.000000
2.000000
2.000000
2.000000
2.000000
2.000000
2.000000
2.000000
2.000000
2.000000
2.000000
2.000000
2.000000
2.000000
2.000000
2.000000
2.000000
2.000000
2.000000
2.000000
2.000000
2.000000
2.000000
2.000000
2.000000
2.000000
2.000000
2.000000
2.000000
2.000000
2.000000
2.000000
2.000000
2.000000
2.000000
2.000000
2.000000
2.000000
2.000000
2.000000
2.000000
2.000000
2.000000
2.000000
2.000000
2.000000
2.000000
2.000000
2.000000
2.000000
2.000000
2.000000
2.000000
2.000000
2.000000
2.000000
2.000000
2.000000
2.000000
2.000000
2.000000
2.000000
2.000000
2.000000
2.000000
2.000000
2.000000
2.000000
2.000000
2.000000
2.000000
2.000000
2.000000
2.000000
2.000000
2.000000
2.000000
2.000000
2.000000
2.000000
2.000000
2.000000
2.000000
2.000000
2.000000
2.000000
2.000000
2.000000
2.000000
2.000000
2.000000
2.000000
2.000000
2.000000
2.000000
2.000000
2.000000
2.000000
2.000000
2.000000
2.000000
2.000000
2.000000
2.000000
2.000000
2.000000
2.000000
2.000000
