2.000737
2.000236
1.999953
1.999953
2.000236
2.000737
2.001405
2.002184
2.003028
2.003889
2.004731
2.005516
2.006215
2.006802
2.007258
2.007567
2.007720
2.007708
2.007534
2.007196
2.006705
2.006066
2.005295
2.004405
2.003415
2.002341
2.001205
2.000026
1.998827
1.997628
1.996449
1.995310
1.994231
1.993228
1.992317
1.991514
1.990829
1.990274
1.989855
1.989580
1.989451
1.989470
1.989635
1.989944
1.990391
1.990970
1.991670
1.992483
1.993394
1.994392
1.995461
1.996586
1.997751
1.998939
2.000133
2.001317
2.002473
2.003588
2.004643
2.005628
2.006525
2.007326
2.008018
2.008595
2.009046
2.009370
2.009561
2.009618
2.009541
2.009335
2.009000
2.008546
2.007977
2.007306
2.006539
2.005692
2.004774
2.003802
2.002787
2.001746
2.000692
1.999642
1.998606
1.997604
1.996644
1.995743
1.994909
1.994156
1.993490
1.992923
1.992456
1.992100
1.991854
1.991722
1.991703
1.991799
1.992002
1.992313
1.992723
1.993227
1.993814
1.994480
1.995209
1.995995
1.996823
1.997684
1.998563
1.999450
2.000330
2.001195
2.002030
2.002825
2.003569
2.004254
2.004870
2.005410
2.005867
2.006238
2.006515
2.006701
2.006791
2.006787
2.006689
2.006503
2.006229
2.005876
2.005448
2.004953
2.004399
2.003795
2.003149
2.002474
2.001776
2.001068
2.000357
1.999656
1.998972
1.998317
1.997696
1.997120
1.996594
1.996126
1.995718
1.995379
1.995108
1.994911
1.994786
1.994737
1.994758
1.994853
1.995014
1.995242
1.995528
1.995872
1.996263
1.996698
1.997168
1.997669
1.998190
1.998725
1.999266
1.999806
2.000337
2.000852
2.001344
2.001808
2.002236
2.002625
2.002969
2.003266
2.003510
2.003703
2.003839
2.003921
2.003947
2.003919
2.003838
2.003707
2.003529
2.003307
2.003045
2.002750
2.002423
2.002073
2.001703
2.001320
2.000928
2.000535
2.000145
1.999764
1.999395
1.999046
1.998719
1.998419
1.998148
1.997911
1.997709
1.997545
1.997419
1.997332
1.997284
1.997276
1.997304
1.997371
1.997470
1.997603
1.997765
1.997954
1.998165
1.998396
1.998642
1.998902
1.999168
1.999439
1.999710
1.999978
2.000238
2.000488
2.000724
2.000944
2.001145
2.001324
2.001480
2.001612
2.001718
2.001798
2.001850
2.001877
2.001876
2.001851
2.001801
2.001729
2.001635
2.001523
2.001393
2.001250
2.001093
2.000927
2.000754
2.000577
2.000398
2.000220
2.000045
1.999876
1.999714
1.999563
1.999422
1.999295
1.999182
1.999084
1.999003
1.998939
1.998891
1.998862
1.998848
1.998852
1.998872
1.998907
1.998955
1.999018
1.999091
1.999175
1.999267
1.999367
1.999472
1.999581
1.999692
1.999804
1.999914
2.000022
2.000126
2.000225
2.000317
2.000402
2.000478
2.000546
2.000603
2.000651
2.000687
2.000714
2.000729
2.000734
2.000729
2.000715
2.000691
2.000660
2.000620
2.000574
2.000522
2.000465
2.000404
2.000340
2.000274
2.000207
2.000140
2.000075
2.000011
1.999949
1.999891
1.999838
1.999788
1.999745
1.999706
1.999674
1.999647
1.999627
1.999612
1.999604
1.999602
1.999606
1.999615
1.999630
1.999649
1.999672
1.999699
1.999730
1.999762
1.999797
1.999834
1.999871
1.999908
1.999946
1.999983
2.000018
2.000052
2.000084
2.000113
2.000140
2.000163
2.000184
2.000201
2.000214
2.000225
2.000231
2.000235
2.000235
2.000232
2.000226
2.000217
2.000206
2.000192
2.000177
2.000160
2.000141
2.000122
2.000102
2.000081
2.000061
2.000041
2.000021
2.000002
1.999984
1.999967
1.999951
1.999937
1.999925
1.999914
1.999905
1.999898
1.999893
1.999890
1.999888
1.999888
1.999890
1.999893
1.999898
1.999904
1.999911
1.999919
1.999928
1.999937
1.999947
1.999958
1.999968
1.999978
1.999988
1.999998
2.000008
2.000017
2.000025
2.000033
2.000039
2.000045
2.000050
2.000054
2.000058
2.000060
2.000061
2.000062
2.000061
2.000060
2.000058
2.000056
2.000052
2.000049
2.000045
2.000040
2.000035
2.000030
2.000025
2.000020
2.000015
2.000010
2.000005
2.000000
1.999996
1.999992
1.999988
1.999985
1.999982
1.999980
1.999978
1.999976
1.999975
1.999974
1.999974
1.999974
1.999975
1.999976
1.999977
1.999979
1.999980
1.999982
1.999984
1.999987
1.999989
1.999991
1.999994
1.999996
1.999998
2.000000
2.000002
2.000004
2.000006
2.000008
2.000009
2.000010
2.000011
2.000012
2.000013
2.000013
2.000013
2.000013
2.000013
2.000013
2.000012
2.000012
2.000011
2.000010
2.000009
2.000008
2.000007
2.000006
2.000005
2.000004
2.000003
2.000002
2.000001
2.000000
1.999999
1.999998
1.999998
1.999997
1.999996
1.999996
1.999996
1.999995
1.999995
1.999995
1.999995
1.999995
1.999995
1.999996
1.999996
1.999996
1.999996
1.999997
1.999997
1.999998
1.999998
1.999999
1.999999
1.999999
2.000000
2.000000
2.000001
2.000001
2.000001
2.000001
2.000002
2.000002
2.000002
2.000002
2.000002
2.000002
2.000002
2.000002
2.000002
2.000002
2.000002
2.000002
2.000002
2.000002
2.000002
2.000001
2.000001
2.000001
2.000001
2.000001
2.000000
2.000000
2.000000
2.000000
2.000000
2.000000
2.000000
2.000000
1.999999
1.999999
1.999999
1.999999
1.999999
1.999999
1.999999
1.999999
1.999999
1.999999
1.999999
1.999999
1.999999
2.000000
2.000000
2.000000
2.000000
2.000000
2.000000
2.000000
2.000000
2.000000
2.000000
2.000000
2.000000
2.000000
2.000000
2.000000
2.000000
2.000000
2.000000
2.000000
2.000000
2.000000
2.000000
2.000000
2.000000
2.000000
2.000000
2.000000
2.000000
2.000000
2.000000
2.000000
2.000000
2.000000
2.000000
2.000000
2.000000
2.000000
2.000000
2.000000
2.000000
2.000000
2.000000
2.000000
2.000000
2.000000
2.000000
2.000000
2.000000
2.000000
2.000000
2.000000
2.000000
2.000000
2.000000
2.000000
2.000000
2.000000
2.000000
2.000000
2.000000
2.000000
2.000000
2.000000
2.000000
2.000000
2.000000
2.000000
2.000000
2.000000
2.000000
2.000000
2.000000
2.000000
2.000000
2.000000
2.000000
2.000000
2.000000
2.000000
2.000000
2.000000
2.000000
2.000000
2.000000
2.000000
2.000000
2.000000
2.000000
2.000000
2.000000
2.000000
2.000000
2.000000
2.000000
2.000000
2.000000
2.000000
2.000000
2.000000
2.000000
2.000000
2.000000
2.000000
2.000000
2.000000
2.000000
2.000000
2.000000
2.000000
2.000000
2.000000
2.000000
2.000000
2.000000
2.000000
2.000000
2.000000
2.000000
2.000000
2.000000
2.000000
2.000000
2.000000
2.000000
2.000000
2.000000
2.000000
2.000000
2.000000
2.000000
2.000000
2.000000
2.000000
2.000000
2.000000
2.000000
2.000000
2.000000
2.000000
2.000000
2.000000
2.000000
2.000000
2.000000
2.000000
2.000000
2.000000
2.000000
2.000000
2.000000
2.000000
2.000000
2.000000
2.000000
2.000000
2.000000
2.000000
2.000000
2.000000
2.000000
2.000000
2.000000
2.000000
2.000000
2.000000
2.000000
2.000000
2.000000
2.000000
2.000000
2.000000
2.000000
2.000000
2.000000
2.000000
2.000000
2.000000
2.000000
2.000000
2.000000
2.000000
2.000000
2.000000
2.000000
2.000000
2.000000
2.000000
2.000000
2.000000
2.000000
2.000000
2.000000
2.000000
2.000000
2.000000
2.000000
2.000000
2.000000
2.000000
2.000000
2.000000
2.000000
2.000000
2.000000
2.000000
2.000000
2.000000
2.000000
2.000000
2.000000
2.000000
2.000000
2.000000
2.000000
2.000000
2.000000
2.000000
2.000000
2.000000
2.000000
2.000000
2.000000
2.000000
2.000000
2.000000
2.000000
2.000000
2.000000
2.000000
2.000000
2.000000
2.000000
2.000000
2.000000
2.000000
2.000000
2.000000
2.000000
2.000000
2.000000
2.000000
2.000000
2.000000
2.000000
2.000000
2.000000
2.000000
2.000000
2.000000
2.000000
2.000000
2.000000
2.000000
2.000000
2.000000
2.000000
2.000000
2.000000
2.000000
2.000000
2.000000
2.000000
2.000000
2.000000
2.000000
2.000000
2.000000
2.000000
2.000000
2.000000
2.000000
2.000000
2.000000
2.000000
2.000000
2.000000
2.000000
2.000000
2.000000
2.000000
2.000000
2.000000
2.000000
2.000000
2.000000
2.000000
2.000000
2.000000
2.000000
2.000000
2.000000
2.000000
2.000000
2.000000
2.000000
2.000000
2.000000
2.000000
2.000000
2.000000
2.000000
2.000000
2.000000
2.000000
2.000000
2.000000
2.000000
2.000000
2.000000
2.000000
2.000000
2.000000
2.000000
2.000000
2.000000
2.000000
2.000000
2.000000
2.000000
2.000000
2.000000
2.000000
2.000000
2.000000
2.000000
2.000000
2.000000
2.000000
2.000000
2.000000
2.000000
2.000000
2.000000
2.000000
2.000000
2.000000
2.000000
2.000000
2.000000
2.000000
2.000000
2.000000
2.000000
2.000000
2.000000
2.000000
2.000000
2.000000
2.000000
2.000000
2.000000
2.000000
2.000000
2.000000
2.000000
2.000000
2.000000
2.000000
2.000000
2.000000
2.000000
2.000000
2.000000
2.000000
2.000000
2.000000
2.000000
2.000000
2.000000
2.000000
2.000000
2.000000
2.000000
2.000000
2.000000
2.000000
2.000000
2.000000
2.000000
2.000000
2.000000
2.000000
2.000000
2.000000
2.000000
2.000000
2.000000
2.000000
2.000000
2.000000
2.000000
2.000000
2.000000
2.000000
2.000000
2.000000
2.000000
2.000000
2.000000
2.000000
2.000000
2.000000
2.000000
2.000000
2.000000
2.000000
2.000000
2.000000
2.000000
2.000000
2.000000
2.000000
2.000000
2.000000
2.000000
2.000000
2.000000
2.000000
2.000000
2.000000
2.000000
2.000000
2.000000
2.000000
2.000000
2.000000
2.000000
2.000000
2.000000
2.000000
2.000000
2.000000
2.000000
2.000000
2.000000
2.000000
2.000000
2.000000
2.000000
2.000000
2.000000
2.000000
2.000000
2.000000
2.000000
2.000000
2.000000
2.000000
2.000000
2.000000
2.000000
2.000000
2.000000
2.000000
2.000000
2.000000
2.000000
2.000000
2.000000
2.000000
2.000000
2.000000
2.000000
2.000000
2.000000
2.000000
2.000000
2.000000
2.000000
2.000000
