2.001495
2.000842
2.000469
2.000469
2.000842
2.001495
2.002376
2.003397
2.004515
2.005652
2.006772
2.007809
2.008739
2.009508
2.010104
2.010486
2.010653
2.010577
2.010271
2.009718
2.008941
2.007934
2.006730
2.005332
2.003780
2.002083
2.000288
1.998409
1.996494
1.994560
1.992655
1.990796
1.989030
1.987372
1.985863
1.984516
1.983366
1.982419
1.981706
1.981223
1.980995
1.981013
1.981290
1.981810
1.982581
1.983578
1.984802
1.986221
1.987830
1.989592
1.991496
1.993503
1.995596
1.997733
1.999898
2.002048
2.004164
2.006207
2.008159
2.009982
2.011662
2.013168
2.014488
2.015595
2.016487
2.017141
2.017561
2.017732
2.017664
2.017350
2.016806
2.016033
2.015052
2.013870
2.012514
2.010996
2.009347
2.007583
2.005737
2.003829
2.001892
1.999947
1.998027
1.996151
1.994352
1.992646
1.991063
1.989615
1.988329
1.987211
1.986283
1.985548
1.985021
1.984698
1.984589
1.984685
1.984990
1.985490
1.986181
1.987046
1.988078
1.989252
1.990559
1.991972
1.993476
1.995044
1.996660
1.998295
1.999932
2.001543
2.003113
2.004614
2.006033
2.007347
2.008543
2.009602
2.010518
2.011274
2.011867
2.012288
2.012537
2.012610
2.012513
2.012245
2.011818
2.011235
2.010512
2.009657
2.008688
2.007617
2.006463
2.005241
2.003971
2.002670
2.001358
2.000051
1.998770
1.997528
1.996346
1.995234
1.994211
1.993284
1.992469
1.991770
1.991199
1.990757
1.990451
1.990279
1.990245
1.990342
1.990570
1.990920
1.991387
1.991961
1.992633
1.993390
1.994223
1.995116
1.996058
1.997032
1.998028
1.999028
2.000022
2.000993
2.001931
2.002822
2.003657
2.004423
2.005113
2.005719
2.006235
2.006654
2.006975
2.007194
2.007311
2.007327
2.007244
2.007065
2.006796
2.006441
2.006009
2.005506
2.004943
2.004326
2.003668
2.002976
2.002264
2.001538
2.000813
2.000095
1.999396
1.998724
1.998088
1.997495
1.996954
1.996468
1.996045
1.995688
1.995400
1.995183
1.995039
1.994967
1.994966
1.995034
1.995170
1.995367
1.995624
1.995933
1.996290
1.996688
1.997121
1.997582
1.998063
1.998558
1.999059
1.999559
2.000052
2.000530
2.000989
2.001421
2.001822
2.002187
2.002513
2.002795
2.003032
2.003222
2.003362
2.003454
2.003496
2.003491
2.003439
2.003343
2.003205
2.003029
2.002818
2.002576
2.002308
2.002017
2.001710
2.001390
2.001062
2.000731
2.000402
2.000080
1.999767
1.999470
1.999190
1.998931
1.998696
1.998488
1.998309
1.998159
1.998041
1.997954
1.997899
1.997875
1.997882
1.997918
1.997982
1.998072
1.998186
1.998322
1.998477
1.998647
1.998831
1.999025
1.999226
1.999431
1.999637
1.999841
2.000041
2.000233
2.000416
2.000588
2.000745
2.000887
2.001013
2.001120
2.001209
2.001279
2.001329
2.001359
2.001371
2.001364
2.001339
2.001297
2.001239
2.001168
2.001084
2.000989
2.000884
2.000772
2.000655
2.000533
2.000410
2.000286
2.000164
2.000045
1.999931
1.999823
1.999722
1.999630
1.999546
1.999473
1.999411
1.999360
1.999320
1.999291
1.999274
1.999268
1.999273
1.999288
1.999312
1.999346
1.999387
1.999435
1.999490
1.999549
1.999613
1.999679
1.999748
1.999817
1.999886
1.999955
2.000021
2.000084
2.000144
2.000199
2.000250
2.000295
2.000334
2.000368
2.000395
2.000416
2.000430
2.000438
2.000440
2.000436
2.000427
2.000412
2.000393
2.000369
2.000342
2.000311
2.000278
2.000243
2.000206
2.000168
2.000130
2.000092
2.000055
2.000019
1.999985
1.999953
1.999923
1.999896
1.999872
1.999851
1.999833
1.999818
1.999807
1.999800
1.999795
1.999794
1.999796
1.999801
1.999808
1.999819
1.999831
1.999845
1.999860
1.999877
1.999895
1.999914
1.999933
1.999952
1.999971
1.999990
2.000008
2.000025
2.000041
2.000055
2.000069
2.000080
2.000090
2.000099
2.000106
2.000111
2.000114
2.000116
2.000116
2.000114
2.000111
2.000107
2.000102
2.000096
2.000088
2.000080
2.000071
2.000062
2.000053
2.000043
2.000034
2.000024
2.000015
2.000006
1.999998
1.999990
1.999983
1.999976
1.999970
1.999965
1.999961
1.999958
1.999955
1.999954
1.999953
1.999953
1.999953
1.999955
1.999956
1.999959
1.999962
1.999965
1.999969
1.999973
1.999977
1.999981
1.999985
1.999990
1.999994
1.999998
2.000002
2.000006
2.000009
2.000013
2.000015
2.000018
2.000020
2.000022
2.000023
2.000024
2.000025
2.000025
2.000025
2.000025
2.000024
2.000023
2.000022
2.000020
2.000019
2.000017
2.000015
2.000013
2.000011
2.000009
2.000007
2.000005
2.000003
2.000002
2.000000
1.999998
1.999997
1.999996
1.999994
1.999993
1.999993
1.999992
1.999992
1.999991
1.999991
1.999991
1.999991
1.999992
1.999992
1.999992
1.999993
1.999994
1.999994
1.999995
1.999996
1.999997
1.999997
1.999998
1.999999
2.000000
2.000000
2.000001
2.000002
2.000002
2.000003
2.000003
2.000004
2.000004
2.000004
2.000004
2.000004
2.000004
2.000004
2.000004
2.000004
2.000004
2.000004
2.000004
2.000003
2.000003
2.000003
2.000002
2.000002
2.000002
2.000001
2.000001
2.000001
2.000000
2.000000
2.000000
2.000000
1.999999
1.999999
1.999999
1.999999
1.999999
1.999999
1.999999
1.999999
1.999999
1.999999
1.999999
1.999999
1.999999
1.999999
1.999999
1.999999
1.999999
1.999999
2.000000
2.000000
2.000000
2.000000
2.000000
2.000000
2.000000
2.000000
2.000000
2.000000
2.000000
2.000001
2.000001
2.000001
2.000001
2.000001
2.000001
2.000001
2.000001
2.000001
2.000001
2.000001
2.000001
2.000000
2.000000
2.000000
2.000000
2.000000
2.000000
2.000000
2.000000
2.000000
2.000000
2.000000
2.000000
2.000000
2.000000
2.000000
2.000000
2.000000
2.000000
2.000000
2.000000
2.000000
2.000000
2.000000
2.000000
2.000000
2.000000
2.000000
2.000000
2.000000
2.000000
2.000000
2.000000
2.000000
2.000000
2.000000
2.000000
2.000000
2.000000
2.000000
2.000000
2.000000
2.000000
2.000000
2.000000
2.000000
2.000000
2.000000
2.000000
2.000000
2.000000
2.000000
2.000000
2.000000
2.000000
2.000000
2.000000
2.000000
2.000000
2.000000
2.000000
2.000000
2.000000
2.000000
2.000000
2.000000
2.000000
2.000000
2.000000
2.000000
2.000000
2.000000
2.000000
2.000000
2.000000
2.000000
2.000000
2.000000
2.000000
2.000000
2.000000
2.000000
2.000000
2.000000
2.000000
2.000000
2.000000
2.000000
2.000000
2.000000
2.000000
2.000000
2.000000
2.000000
2.000000
2.000000
2.000000
2.000000
2.000000
2.000000
2.000000
2.000000
2.000000
2.000000
2.000000
2.000000
2.000000
2.000000
2.000000
2.000000
2.000000
2.000000
2.000000
2.000000
2.000000
2.000000
2.000000
2.000000
2.000000
2.000000
2.000000
2.000000
2.000000
2.000000
2.000000
2.000000
2.000000
2.000000
2.000000
2.000000
2.000000
2.000000
2.000000
2.000000
2.000000
2.000000
2.000000
2.000000
2.000000
2.000000
2.000000
2.000000
2.000000
2.000000
2.000000
2.000000
2.000000
2.000000
2.000000
2.000000
2.000000
2.000000
2.000000
2.000000
2.000000
2.000000
2.000000
2.000000
2.000000
2.000000
2.000000
2.000000
2.000000
2.000000
2.000000
2.000000
2.000000
2.000000
2.000000
2.000000
2.000000
2.000000
2.000000
2.000000
2.000000
2.000000
2.000000
2.000000
2.000000
2.000000
2.000000
2.000000
2.000000
2.000000
2.000000
2.000000
2.000000
2.000000
2.000000
2.000000
2.000000
2.000000
2.000000
2.000000
2.000000
2.000000
2.000000
2.000000
2.000000
2.000000
2.000000
2.000000
2.000000
2.000000
2.000000
2.000000
2.000000
2.000000
2.000000
2.000000
2.000000
2.000000
2.000000
2.000000
2.000000
2.000000
2.000000
2.000000
2.000000
2.000000
2.000000
2.000000
2.000000
2.000000
2.000000
2.000000
2.000000
2.000000
2.000000
2.000000
2.000000
2.000000
2.000000
2.000000
2.000000
2.000000
2.000000
2.000000
2.000000
2.000000
2.000000
2.000000
2.000000
2.000000
2.000000
2.000000
2.000000
2.000000
2.000000
2.000000
2.000000
2.000000
2.000000
2.000000
2.000000
2.000000
2.000000
2.000000
2.000000
2.000000
2.000000
2.000000
2.000000
2.000000
2.000000
2.000000
2.000000
2.000000
2.000000
2.000000
2.000000
2.000000
2.000000
2.000000
2.000000
2.000000
2.000000
2.000000
2.000000
2.000000
2.000000
2.000000
2.000000
2.000000
2.000000
2.000000
2.000000
2.000000
2.000000
2.000000
2.000000
2.000000
2.000000
2.000000
2.000000
2.000000
2.000000
2.000000
2.000000
2.000000
2.000000
2.000000
2.000000
2.000000
2.000000
2.000000
2.000000
2.000000
2.000000
2.000000
2.000000
2.000000
2.000000
2.000000
2.000000
2.000000
2.000000
2.000000
2.000000
2.000000
2.000000
2.000000
2.000000
2.000000
2.000000
2.000000
2.000000
2.000000
2.000000
2.000000
2.000000
2.000000
2.000000
2.000000
2.000000
2.000000
2.000000
2.000000
2.000000
2.000000
2.000000
2.000000
2.000000
2.000000
2.000000
2.000000
2.000000
2.000000
2.000000
2.000000
2.000000
2.000000
2.000000
2.000000
2.000000
2.000000
2.000000
2.000000
2.000000
2.000000
2.000000
2.000000
2.000000
2.000000
2.000000
2.000000
2.000000
2.000000
2.000000
2.000000
2.000000
2.000000
2.000000
2.000000
2.000000
2.000000
2.000000
2.000000
2.000000
2.000000
2.000000
2.000000
2.000000
2.000000
2.000000
2.000000
2.000000
2.000000
2.000000
2.000000
2.000000
2.000000
2.000000
2.000000
2.000000
2.000000
2.000000
2.000000
2.000000
2.000000
2.000000
2.000000
2.000000
2.000000
2.000000
2.000000
2.000000
2.000000
2.000000
2.000000
2.000000
2.000000
2.000000
2.000000
2.000000
2.000000
2.000000
2.000000
2.000000
2.000000
2.000000
2.000000
2.000000
2.000000
2.000000
2.000000
2.000000
2.000000
2.000000
2.000000
2.000000
2.000000
2.000000
2.000000
2.000000
2.000000
2.000000
2.000000
2.000000
2.000000
2.000000
2.000000
2.000000
