2.000847
2.000316
2.000015
2.000015
2.000316
2.000847
2.001558
2.002386
2.003286
2.004205
2.005105
2.005945
2.006696
2.007326
2.007818
2.008152
2.008319
2.008308
2.008122
2.007758
2.007227
2.006535
2.005698
2.004729
2.003649
2.002476
2.001233
1.999940
1.998623
1.997302
1.996003
1.994745
1.993551
1.992438
1.991427
1.990532
1.989768
1.989145
1.988675
1.988361
1.988212
1.988225
1.988403
1.988741
1.989234
1.989874
1.990652
1.991555
1.992571
1.993683
1.994877
1.996134
1.997438
1.998767
2.000106
2.001434
2.002732
2.003984
2.005171
2.006278
2.007290
2.008192
2.008975
2.009626
2.010140
2.010508
2.010728
2.010799
2.010719
2.010493
2.010123
2.009618
2.008985
2.008235
2.007379
2.006431
2.005404
2.004315
2.003177
2.002009
2.000826
1.999645
1.998483
1.997355
1.996275
1.995260
1.994321
1.993471
1.992719
1.992076
1.991547
1.991141
1.990859
1.990705
1.990678
1.990779
1.991002
1.991345
1.991800
1.992361
1.993017
1.993759
1.994575
1.995454
1.996382
1.997347
1.998333
1.999329
2.000318
2.001290
2.002229
2.003125
2.003964
2.004737
2.005432
2.006044
2.006562
2.006984
2.007303
2.007517
2.007624
2.007627
2.007523
2.007320
2.007019
2.006628
2.006152
2.005602
2.004983
2.004309
2.003587
2.002830
2.002048
2.001253
2.000455
1.999667
1.998898
1.998160
1.997459
1.996809
1.996214
1.995683
1.995221
1.994834
1.994525
1.994297
1.994151
1.994089
1.994108
1.994208
1.994384
1.994634
1.994951
1.995331
1.995767
1.996252
1.996777
1.997337
1.997920
1.998521
1.999127
1.999735
2.000331
2.000912
2.001466
2.001990
2.002474
2.002915
2.003306
2.003644
2.003923
2.004144
2.004303
2.004400
2.004434
2.004409
2.004323
2.004181
2.003985
2.003741
2.003450
2.003122
2.002758
2.002367
2.001953
2.001524
2.001085
2.000644
2.000204
1.999775
1.999360
1.998966
1.998596
1.998256
1.997948
1.997679
1.997448
1.997259
1.997113
1.997011
1.996953
1.996939
1.996967
1.997038
1.997146
1.997291
1.997470
1.997679
1.997913
1.998171
1.998446
1.998736
1.999034
1.999338
1.999643
1.999944
2.000237
2.000520
2.000787
2.001036
2.001263
2.001468
2.001646
2.001797
2.001919
2.002012
2.002074
2.002107
2.002110
2.002085
2.002032
2.001954
2.001852
2.001728
2.001584
2.001425
2.001250
2.001065
2.000872
2.000674
2.000472
2.000272
2.000075
1.999884
1.999701
1.999530
1.999370
1.999225
1.999096
1.998985
1.998891
1.998816
1.998761
1.998725
1.998707
1.998709
1.998729
1.998766
1.998819
1.998887
1.998968
1.999061
1.999163
1.999275
1.999392
1.999514
1.999638
1.999764
1.999888
2.000010
2.000127
2.000239
2.000343
2.000440
2.000527
2.000604
2.000670
2.000725
2.000768
2.000799
2.000818
2.000826
2.000822
2.000807
2.000782
2.000748
2.000704
2.000653
2.000595
2.000532
2.000464
2.000393
2.000319
2.000244
2.000169
2.000095
2.000023
1.999954
1.999888
1.999827
1.999771
1.999720
1.999676
1.999639
1.999608
1.999584
1.999567
1.999557
1.999553
1.999557
1.999566
1.999582
1.999602
1.999628
1.999657
1.999691
1.999727
1.999766
1.999807
1.999849
1.999891
1.999933
1.999974
2.000014
2.000053
2.000089
2.000122
2.000152
2.000179
2.000203
2.000223
2.000239
2.000251
2.000259
2.000264
2.000265
2.000262
2.000255
2.000246
2.000234
2.000219
2.000202
2.000183
2.000163
2.000141
2.000119
2.000096
2.000073
2.000050
2.000027
2.000006
1.999985
1.999966
1.999948
1.999932
1.999918
1.999906
1.999895
1.999887
1.999881
1.999877
1.999875
1.999874
1.999876
1.999879
1.999884
1.999891
1.999899
1.999907
1.999917
1.999928
1.999939
1.999950
1.999962
1.999973
1.999985
1.999996
2.000007
2.000017
2.000027
2.000035
2.000043
2.000050
2.000056
2.000061
2.000064
2.000067
2.000069
2.000069
2.000069
2.000068
2.000066
2.000063
2.000060
2.000056
2.000051
2.000046
2.000041
2.000035
2.000029
2.000024
2.000018
2.000012
2.000007
2.000001
1.999996
1.999992
1.999987
1.999984
1.999980
1.999978
1.999975
1.999973
1.999972
1.999971
1.999971
1.999971
1.999972
1.999973
1.999974
1.999976
1.999977
1.999980
1.999982
1.999984
1.999987
1.999990
1.999992
1.999995
1.999997
2.000000
2.000002
2.000004
2.000006
2.000008
2.000010
2.000011
2.000012
2.000013
2.000014
2.000015
2.000015
2.000015
2.000015
2.000014
2.000014
2.000013
2.000013
2.000012
2.000011
2.000009
2.000008
2.000007
2.000006
2.000005
2.000004
2.000002
2.000001
2.000000
1.999999
1.999998
1.999998
1.999997
1.999996
1.999996
1.999995
1.999995
1.999995
1.999995
1.999995
1.999995
1.999995
1.999995
1.999995
1.999996
1.999996
1.999996
1.999997
1.999997
1.999998
1.999998
1.999999
1.999999
2.000000
2.000000
2.000001
2.000001
2.000001
2.000002
2.000002
2.000002
2.000002
2.000002
2.000003
2.000003
2.000003
2.000003
2.000003
2.000003
2.000002
2.000002
2.000002
2.000002
2.000002
2.000002
2.000001
2.000001
2.000001
2.000001
2.000001
2.000000
2.000000
2.000000
2.000000
2.000000
2.000000
1.999999
1.999999
1.999999
1.999999
1.999999
1.999999
1.999999
1.999999
1.999999
1.999999
1.999999
1.999999
1.999999
1.999999
1.999999
2.000000
2.000000
2.000000
2.000000
2.000000
2.000000
2.000000
2.000000
2.000000
2.000000
2.000000
2.000000
2.000000
2.000000
2.000000
2.000000
2.000000
2.000000
2.000000
2.000000
2.000000
2.000000
2.000000
2.000000
2.000000
2.000000
2.000000
2.000000
2.000000
2.000000
2.000000
2.000000
2.000000
2.000000
2.000000
2.000000
2.000000
2.000000
2.000000
2.000000
2.000000
2.000000
2.000000
2.000000
2.000000
2.000000
2.000000
2.000000
2.000000
2.000000
2.000000
2.000000
2.000000
2.000000
2.000000
2.000000
2.000000
2.000000
2.000000
2.000000
2.000000
2.000000
2.000000
2.000000
2.000000
2.000000
2.000000
2.000000
2.000000
2.000000
2.000000
2.000000
2.000000
2.000000
2.000000
2.000000
2.000000
2.000000
2.000000
2.000000
2.000000
2.000000
2.000000
2.000000
2.000000
2.000000
2.000000
2.000000
2.000000
2.000000
2.000000
2.000000
2.000000
2.000000
2.000000
2.000000
2.000000
2.000000
2.000000
2.000000
2.000000
2.000000
2.000000
2.000000
2.000000
2.000000
2.000000
2.000000
2.000000
2.000000
2.000000
2.000000
2.000000
2.000000
2.000000
2.000000
2.000000
2.000000
2.000000
2.000000
2.000000
2.000000
2.000000
2.000000
2.000000
2.000000
2.000000
2.000000
2.000000
2.000000
2.000000
2.000000
2.000000
2.000000
2.000000
2.000000
2.000000
2.000000
2.000000
2.000000
2.000000
2.000000
2.000000
2.000000
2.000000
2.000000
2.000000
2.000000
2.000000
2.000000
2.000000
2.000000
2.000000
2.000000
2.000000
2.000000
2.000000
2.000000
2.000000
2.000000
2.000000
2.000000
2.000000
2.000000
2.000000
2.000000
2.000000
2.000000
2.000000
2.000000
2.000000
2.000000
2.000000
2.000000
2.000000
2.000000
2.000000
2.000000
2.000000
2.000000
2.000000
2.000000
2.000000
2.000000
2.000000
2.000000
2.000000
2.000000
2.000000
2.000000
2.000000
2.000000
2.000000
2.000000
2.000000
2.000000
2.000000
2.000000
2.000000
2.000000
2.000000
2.000000
2.000000
2.000000
2.000000
2.000000
2.000000
2.000000
2.000000
2.000000
2.000000
2.000000
2.000000
2.000000
2.000000
2.000000
2.000000
2.000000
2.000000
2.000000
2.000000
2.000000
2.000000
2.000000
2.000000
2.000000
2.000000
2.000000
2.000000
2.000000
2.000000
2.000000
2.000000
2.000000
2.000000
2.000000
2.000000
2.000000
2.000000
2.000000
2.000000
2.000000
2.000000
2.000000
2.000000
2.000000
2.000000
2.000000
2.000000
2.000000
2.000000
2.000000
2.000000
2.000000
2.000000
2.000000
2.000000
2.000000
2.000000
2.000000
2.000000
2.000000
2.000000
2.000000
2.000000
2.000000
2.000000
2.000000
2.000000
2.000000
2.000000
2.000000
2.000000
2.000000
2.000000
2.000000
2.000000
2.000000
2.000000
2.000000
2.000000
2.000000
2.000000
2.000000
2.000000
2.000000
2.000000
2.000000
2.000000
2.000000
2.000000
2.000000
2.000000
2.000000
2.000000
2.000000
2.000000
2.000000
2.000000
2.000000
2.000000
2.000000
2.000000
2.000000
2.000000
2.000000
2.000000
2.000000
2.000000
2.000000
2.000000
2.000000
2.000000
2.000000
2.000000
2.000000
2.000000
2.000000
2.000000
2.000000
2.000000
2.000000
2.000000
2.000000
2.000000
2.000000
2.000000
2.000000
2.000000
2.000000
2.000000
2.000000
2.000000
2.000000
2.000000
2.000000
2.000000
2.000000
2.000000
2.000000
2.000000
2.000000
2.000000
2.000000
2.000000
2.000000
2.000000
2.000000
2.000000
2.000000
2.000000
2.000000
2.000000
2.000000
2.000000
2.000000
2.000000
2.000000
2.000000
2.000000
2.000000
2.000000
2.000000
2.000000
2.000000
2.000000
2.000000
2.000000
2.000000
2.000000
2.000000
2.000000
2.000000
2.000000
2.000000
2.000000
2.000000
2.000000
2.000000
2.000000
2.000000
2.000000
2.000000
2.000000
2.000000
2.000000
2.000000
2.000000
2.000000
2.000000
2.000000
2.000000
2.000000
2.000000
2.000000
2.000000
2.000000
2.000000
2.000000
2.000000
2.000000
2.000000
2.000000
2.000000
2.000000
2.000000
2.000000
2.000000
2.000000
2.000000
2.000000
2.000000
2.000000
2.000000
2.000000
2.000000
2.000000
2.000000
2.000000
2.000000
2.000000
2.000000
2.000000
2.000000
2.000000
2.000000
2.000000
2.000000
2.000000
2.000000
2.000000
2.000000
2.000000
2.000000
2.000000
2.000000
2.000000
2.000000
2.000000
2.000000
2.000000
2.000000
2.000000
2.000000
2.000000
2.000000
2.000000
2.000000
2.000000
2.000000
2.000000
2.000000
2.000000
2.000000
2.000000
2.000000
2.000000
2.000000
2.000000
2.000000
2.000000
2.000000
2.000000
2.000000
2.000000
2.000000
2.000000
2.000000
2.000000
