1.999962
1.999969
1.999975
1.999975
1.999969
1.999962
1.999952
1.999944
1.999936
1.999932
1.999931
1.999934
1.999941
1.999954
1.999971
1.999993
2.000019
2.000051
2.000085
2.000124
2.000165
2.000208
2.000252
2.000297
2.000340
2.000383
2.000423
2.000461
2.000494
2.000522
2.000544
2.000561
2.000569
2.000571
2.000563
2.000548
2.000523
2.000489
2.000445
2.000393
2.000332
2.000263
2.000185
2.000100
2.000009
1.999913
1.999812
1.999709
1.999604
1.999500
1.999397
1.999297
1.999203
1.999116
1.999037
1.998969
1.998914
1.998872
1.998846
1.998837
1.998846
1.998875
1.998924
1.998993
1.999083
1.999194
1.999326
1.999478
1.999648
1.999836
2.000040
2.000257
2.000486
2.000723
2.000965
2.001210
2.001453
2.001692
2.001921
2.002137
2.002336
2.002514
2.002666
2.002790
2.002882
2.002938
2.002955
2.002932
2.002865
2.002754
2.002598
2.002396
2.002149
2.001858
2.001526
2.001154
2.000747
2.000308
1.999842
1.999355
1.998853
1.998343
1.997832
1.997328
1.996838
1.996371
1.995934
1.995538
1.995189
1.994895
1.994665
1.994504
1.994420
1.994419
1.994504
1.994680
1.994949
1.995312
1.995771
1.996322
1.996964
1.997692
1.998500
1.999380
2.000324
2.001320
2.002358
2.003423
2.004501
2.005576
2.006633
2.007654
2.008621
2.009518
2.010328
2.011032
2.011615
2.012062
2.012360
2.012496
2.012461
2.012246
2.011846
2.011258
2.010482
2.009522
2.008382
2.007072
2.005603
2.003990
2.002250
2.000403
1.998472
1.996480
1.994454
1.992422
1.990413
1.988457
1.986585
1.984826
1.983211
1.981771
1.980533
1.979526
1.978774
1.978300
1.978127
1.978271
1.978747
1.979564
1.980731
1.982247
1.984111
1.986313
1.988840
1.991673
1.994787
1.998149
2.001723
2.005467
2.009332
2.013266
2.017212
2.021108
2.024892
2.028498
2.031861
2.034917
2.037601
2.039856
2.041625
2.042861
2.043520
2.043569
2.042984
2.041750
2.039862
2.037327
2.034161
2.030392
2.026059
2.021209
2.015897
2.010190
2.004157
1.997876
1.991428
1.984898
1.978373
1.971941
1.965690
1.959707
1.954077
1.948883
1.944206
1.940121
1.936702
1.934015
1.932125
1.931089
1.930960
1.931782
1.933594
1.936425
1.940295
1.945209
1.951163
1.958137
1.966093
1.974974
1.984706
1.995193
2.006315
2.017934
2.029889
2.042002
2.054076
2.065904
2.077266
2.087941
2.097708
2.106352
2.113671
2.119482
2.123625
2.125971
2.126421
2.124913
2.121426
2.115975
2.108616
2.099442
2.088582
2.076194
2.062465
2.047605
2.031836
2.015393
1.998515
1.981439
1.964398
1.947611
1.931289
1.915621
1.900785
1.886939
1.874225
1.862771
1.852694
1.844101
1.837092
1.831767
1.828224
1.826564
1.826891
1.829314
1.833943
1.840887
1.850248
1.862114
1.876551
1.893588
1.913213
1.935353
1.959867
1.986540
2.015070
2.045071
2.076074
2.107532
2.138835
2.169324
2.198311
2.225101
2.249016
2.269423
2.285749
2.297512
2.304332
2.305950
2.302237
2.293200
2.278982
2.259857
2.236220
2.208572
2.177504
2.143669
2.107765
2.070502
2.032583
1.994677
1.957396
1.921284
1.886801
1.854317
1.824110
1.796374
1.771226
1.748715
1.728843
1.711577
1.696869
1.684671
1.674951
1.667713
1.663007
1.660942
1.661697
1.665526
1.672759
1.683798
1.699095
1.719135
1.744393
1.775287
1.812128
1.855057
1.903994
1.958596
2.018224
2.081939
2.148518
2.216489
2.284187
2.349820
2.411545
2.467548
2.516120
2.555727
2.585078
2.603171
2.609341
2.603282
2.585065
2.555137
2.514305
2.463705
2.404762
2.339129
2.268618
2.195122
2.120531
2.046644
1.975091
1.907259
1.844242
1.786812
1.735413
1.690182
1.650991
1.617506
1.589248
1.565656
1.546145
1.530148
1.517154
1.506729
1.498542
1.492377
1.488150
1.485933
1.485974
1.488722
1.494852
1.505277
1.521138
1.543771
1.574629
1.615155
1.666621
1.729938
1.805477
1.892924
1.991200
2.098463
2.212179
2.329256
2.446215
2.559372
2.665028
2.759640
2.839974
2.903243
2.947211
2.970281
2.971555
2.950868
2.908800
2.846661
2.766450
2.670789
2.562822
2.446091
2.324382
2.201545
2.081292
1.966986
1.861446
1.766777
1.684266
1.614360
1.556734
1.510444
1.474122
1.446196
1.425064
1.409243
1.397447
1.388619
1.381936
1.376783
1.372731
1.369510
1.367005
1.365269
1.364549
1.365347
1.368476
1.375139
1.386968
1.406042
1.434808
1.475915
1.531919
1.604914
1.696140
1.805662
1.932202
2.073152
2.224737
2.382295
2.540594
2.694153
2.837543
2.965645
3.073867
3.158324
3.215971
3.244712
3.243464
3.212197
3.151940
3.064750
2.953656
2.822559
2.676100
2.519480
2.358236
2.197971
2.044039
1.901202
1.773285
1.662884
1.571193
1.498003
1.441896
1.400601
1.371413
1.351589
1.338633
1.330465
1.325466
1.322461
1.320642
1.319490
1.318696
1.318108
1.317696
1.317561
1.317963
1.319385
1.322618
1.328855
1.339777
1.357588
1.384979
1.424955
1.480526
1.554269
1.647851
1.761620
1.894383
2.043405
2.204607
2.372893
2.542526
2.707507
2.861905
3.000154
3.117283
3.209109
3.272376
3.304861
3.305441
3.274121
3.212035
3.121411
3.005501
2.868475
2.715278
2.551441
2.382851
2.215462
2.054968
1.906434
1.773931
1.660215
1.566526
1.492588
1.436816
1.396706
1.369305
1.351639
1.341028
1.335257
1.332630
1.331936
1.332373
1.333457
1.334946
1.336775
1.339021
1.341904
1.345799
1.351285
1.359196
1.370680
1.387234
1.410704
1.443209
1.486985
1.544140
1.616343
1.704505
1.808528
1.927165
2.058036
2.197762
2.342200
2.486719
2.626483
2.756715
2.872931
2.971136
3.047978
3.100869
3.128070
3.128742
3.102967
3.051742
2.976942
2.881249
2.768061
2.641365
2.505575
2.365346
2.225351
2.090036
1.963358
1.848546
1.747888
1.662613
1.592886
1.537921
1.496216
1.465831
1.444675
1.430738
1.422246
1.417749
1.416140
1.416634
1.418734
1.422182
1.426923
1.433078
1.440920
1.450875
1.463516
1.479561
1.499869
1.525405
1.557198
1.596260
1.643487
1.699537
1.764708
1.838837
1.921231
2.010644
2.105307
2.203004
2.301187
2.397100
2.487925
2.570917
2.643531
2.703528
2.749072
2.778793
2.791843
2.787919
2.767271
2.730689
2.679475
2.615383
2.540554
2.457430
2.368647
2.276923
2.184932
2.095182
2.009890
1.930884
1.859528
1.796682
1.742715
1.697543
1.660724
1.631553
1.609175
1.592688
1.581221
1.573996
1.570362
1.569813
1.571993
1.576681
1.583786
1.593323
1.605401
1.620199
1.637949
1.658911
1.683349
1.711501
1.743549
1.779587
1.819589
1.863382
1.910626
1.960801
2.013211
2.066991
2.121137
2.174537
2.226013
2.274371
2.318446
2.357152
2.389526
2.414765
2.432261
2.441619
2.442678
2.435511
2.420423
2.397938
2.368777
2.333827
2.294109
2.250735
2.204862
2.157650
2.110217
2.063596
2.018703
1.976312
1.937035
1.901319
1.869452
1.841574
1.817700
1.797745
1.781551
1.768915
1.759610
1.753408
1.750091
1.749464
1.751360
1.755639
1.762189
1.770919
1.781756
1.794633
1.809484
1.826235
1.844794
1.865042
1.886832
1.909977
1.934250
1.959383
1.985067
2.010958
2.036678
2.061830
2.086004
2.108789
2.129787
2.148623
2.164961
2.178510
2.189038
2.196381
2.200442
2.201201
2.198710
2.193096
2.184552
2.173330
2.159737
2.144118
2.126850
2.108326
2.088943
2.069095
2.049157
2.029477
2.010373
1.992122
1.974960
1.959079
1.944633
1.931730
1.920445
1.910820
1.902869
1.896582
1.891931
1.888873
1.887354
1.887311
1.888673
1.891365
1.895306
1.900412
1.906592
1.913750
1.921786
1.930591
1.940052
1.950048
1.960452
1.971130
1.981946
1.992757
2.003421
2.013795
2.023741
2.033123
2.041816
2.049706
2.056688
2.062677
2.067603
2.071415
2.074083
2.075597
2.075967
2.075222
2.073413
2.070607
2.066885
2.062343
2.057087
2.051231
2.044895
2.038201
2.031269
2.024218
2.017163
2.010211
2.003460
1.997001
1.990911
1.985259
1.980102
1.975486
1.971446
1.968007
1.965184
1.962983
1.961401
1.960428
1.960047
1.960235
1.960962
1.962196
1.963898
1.966025
1.968533
1.971373
1.974495
1.977848
1.981379
1.985034
1.988760
1.992504
1.996215
1.999844
2.003343
2.006669
2.009781
2.012644
2.015226
2.017501
2.019448
2.021051
2.022300
2.023192
2.023728
2.023915
2.023764
2.023292
2.022521
2.021474
2.020180
2.018669
2.016973
2.015126
2.013162
2.011116
2.009020
2.006909
2.004813
2.002762
2.000783
1.998900
1.997135
1.995508
1.994033
1.992724
1.991591
1.990640
1.989875
1.989297
1.988904
1.988692
1.988655
1.988785
1.989070
1.989500
1.990060
1.990737
1.991515
1.992379
1.993312
1.994297
1.995319
1.996360
1.997407
1.998443
1.999455
2.000428
2.001353
2.002217
2.003012
2.003728
2.004361
2.004905
2.005357
2.005714
2.005977
2.006146
2.006224
2.006213
2.006119
2.005948
2.005705
2.005398
2.005035
2.004623
2.004171
2.003688
2.003183
2.002663
2.002137
2.001613
2.001098
2.000598
2.000121
1.999671
1.999254
1.998873
1.998532
1.998233
1.997979
1.997770
1.997607
1.997489
1.997416
1.997385
1.997396
1.997445
1.997529
1.997645
1.997791
1.997961
1.998152
1.998360
1.998582
1.998812
1.999048
1.999286
1.999522
1.999752
1.999974
2.000185
2.000383
2.000565
2.000731
2.000877
2.001004
2.001110
2.001196
2.001261
2.001305
2.001329
2.001334
2.001321
2.001291
2.001245
2.001186
2.001113
2.001031
2.000939
2.000842
2.000738
2.000631
2.000523
2.000415
2.000307
2.000204
2.000104
2.000010
1.999922
1.999842
1.999769
1.999706
1.999650
1.999605
1.999568
1.999542
1.999523
1.999514
1.999512
1.999520
1.999533
1.999554
1.999580
1.999611
1.999646
1.999685
1.999725
1.999767
1.999808
1.999851
1.999890
1.999929
1.999963
1.999996
2.000023
2.000047
2.000065
2.000079
2.000087
2.000092
2.000091
2.000088
2.000081
2.000073
2.000064
2.000056
2.000050
2.000050
2.000056
2.000064
