1.999937
1.999938
1.999941
1.999941
1.999938
1.999937
1.999937
1.999942
1.999952
1.999970
1.999995
2.000029
2.000072
2.000125
2.000187
2.000259
2.000338
2.000426
2.000520
2.000619
2.000722
2.000827
2.000931
2.001035
2.001133
2.001226
2.001310
2.001383
2.001443
2.001490
2.001518
2.001528
2.001518
2.001486
2.001431
2.001353
2.001251
2.001125
2.000975
2.000803
2.000608
2.000394
2.000161
1.999913
1.999651
1.999381
1.999103
1.998824
1.998547
1.998277
1.998017
1.997774
1.997552
1.997355
1.997189
1.997058
1.996965
1.996917
1.996915
1.996963
1.997063
1.997219
1.997429
1.997697
1.998019
1.998396
1.998824
1.999302
1.999825
2.000388
2.000984
2.001608
2.002250
2.002904
2.003559
2.004208
2.004837
2.005439
2.006000
2.006513
2.006965
2.007346
2.007646
2.007858
2.007971
2.007979
2.007876
2.007657
2.007319
2.006860
2.006280
2.005582
2.004769
2.003847
2.002823
2.001708
2.000513
1.999252
1.997939
1.996592
1.995229
1.993869
1.992533
1.991243
1.990020
1.988887
1.987865
1.986976
1.986242
1.985682
1.985314
1.985155
1.985220
1.985521
1.986066
1.986863
1.987913
1.989215
1.990765
1.992553
1.994567
1.996789
1.999197
2.001767
2.004468
2.007268
2.010129
2.013013
2.015877
2.018678
2.021369
2.023905
2.026240
2.028328
2.030126
2.031592
2.032688
2.033379
2.033636
2.033434
2.032753
2.031582
2.029915
2.027753
2.025106
2.021991
2.018431
2.014459
2.010114
2.005442
2.000496
1.995336
1.990025
1.984634
1.979235
1.973906
1.968727
1.963778
1.959141
1.954898
1.951127
1.947908
1.945313
1.943411
1.942266
1.941935
1.942464
1.943893
1.946248
1.949546
1.953790
1.958968
1.965055
1.972008
1.979771
1.988269
1.997412
2.007096
2.017198
2.027587
2.038113
2.048623
2.058950
2.068926
2.078379
2.087137
2.095034
2.101909
2.107612
2.112007
2.114974
2.116414
2.116246
2.114415
2.110891
2.105668
2.098770
2.090244
2.080165
2.068633
2.055771
2.041723
2.026655
2.010748
1.994197
1.977212
1.960006
1.942805
1.925835
1.909323
1.893497
1.878583
1.864803
1.852373
1.841503
1.832397
1.825249
1.820243
1.817550
1.817328
1.819713
1.824823
1.832744
1.843533
1.857208
1.873742
1.893060
1.915033
1.939473
1.966136
1.994715
2.024845
2.056108
2.088037
2.120124
2.151831
2.182598
2.211858
2.239049
2.263624
2.285069
2.302911
2.316732
2.326178
2.330969
2.330905
2.325874
2.315852
2.300907
2.281198
2.256968
2.228544
2.196326
2.160778
2.122417
2.081801
2.039514
1.996156
1.952322
1.908597
1.865537
1.823665
1.783462
1.745362
1.709756
1.676992
1.647383
1.621216
1.598769
1.580317
1.566149
1.556579
1.551947
1.552625
1.559004
1.571484
1.590446
1.616223
1.649063
1.689091
1.736275
1.790392
1.851009
1.917476
1.988925
2.064287
2.142313
2.221611
2.300679
2.377950
2.451833
2.520760
2.583219
2.637803
2.683241
2.718432
2.742475
2.754689
2.754639
2.742142
2.717283
2.680408
2.632129
2.573307
2.505035
2.428613
2.345519
2.257363
2.165847
2.072710
1.979671
1.888370
1.800306
1.716784
1.638865
1.567331
1.502671
1.445080
1.394492
1.350628
1.313061
1.281300
1.254870
1.233403
1.216712
1.204862
1.198223
1.197500
1.203740
1.218291
1.242721
1.278687
1.327753
1.391191
1.469798
1.563742
1.672485
1.794774
1.928696
2.071767
2.221059
2.373320
2.525105
2.672890
2.813181
2.942613
3.058037
3.156598
3.235807
3.293596
3.328375
3.339071
3.325157
3.286679
3.224267
3.139128
3.033044
2.908335
2.767827
2.614792
2.452876
2.286000
2.118247
1.953719
1.796361
1.649774
1.516992
1.400277
1.300937
1.219218
1.154326
1.104567
1.067619
1.040846
1.021604
1.007483
0.996458
0.986981
0.978023
0.969106
0.960338
0.952475
0.947001
0.946209
0.953240
0.972020
1.006997
1.062642
1.142772
1.249879
1.384677
1.546006
1.731017
1.935512
2.154328
2.381684
2.611479
2.837529
3.053778
3.254455
3.434226
3.588309
3.712580
3.803665
3.859007
3.876932
3.856689
3.798480
3.703474
3.573804
3.412543
3.223669
3.012000
2.783118
2.543250
2.299132
2.057817
1.826428
1.611834
1.420221
1.256558
1.123988
1.023278
0.952586
0.907776
0.883292
0.873247
0.872296
0.876090
0.881382
0.885901
0.888165
0.887287
0.882843
0.874811
0.863602
0.850173
0.836247
0.824597
0.819361
0.826239
0.852342
0.905410
0.992355
1.117628
1.282250
1.483854
1.717373
1.975908
2.251457
2.535493
2.819377
3.094670
3.353373
3.588117
3.792325
3.960335
4.087513
4.170336
4.206463
4.194776
4.135414
4.029778
3.880519
3.691503
3.467762
3.215411
2.941548
2.654124
2.361771
2.073588
1.798848
1.546592
1.325066
1.140923
0.998200
0.897288
0.834442
0.802524
0.792870
0.797243
0.808985
0.823301
0.837038
0.848276
0.855938
0.859473
0.858653
0.853470
0.844137
0.831205
0.815778
0.799847
0.786720
0.781453
0.791096
0.824369
0.890365
0.996404
1.146062
1.338538
1.569298
1.831211
2.115606
2.413066
2.713982
3.008954
3.289075
3.546148
3.772857
3.962906
4.111126
4.213556
4.267506
4.271599
4.225784
4.131337
3.990838
3.808121
3.588217
3.337257
3.062370
2.771544
2.473459
2.177277
1.892377
1.627990
1.392700
1.193738
1.036039
0.921176
0.846618
0.806034
0.790904
0.792591
0.803804
0.819112
0.834838
0.848679
0.859302
0.866018
0.868550
0.866921
0.861438
0.852780
0.842177
0.831683
0.824489
0.825216
0.840010
0.876165
0.941084
1.040710
1.178082
1.352768
1.561198
1.797478
2.054236
2.323322
2.596332
2.864983
3.121398
3.358309
3.569220
3.748525
3.891608
3.994907
4.055961
4.073440
4.047149
3.978017
3.868068
3.720374
3.538990
3.328871
3.095774
2.846136
2.586937
2.325526
2.069423
1.826054
1.602434
1.404737
1.237771
1.104381
1.004908
0.937000
0.896004
0.875942
0.870658
0.874689
0.883684
0.894470
0.904914
0.913738
0.920352
0.924739
0.927416
0.929444
0.932489
0.938894
0.951718
0.974672
1.011889
1.067484
1.144950
1.246558
1.372937
1.522962
1.693914
1.881811
2.081783
2.288435
2.496152
2.699349
2.892675
3.071163
3.230356
3.366399
3.476113
3.557042
3.607486
3.626521
3.613995
3.570519
3.497441
3.396804
3.271297
3.124194
2.959273
2.780738
2.593109
2.401117
2.209563
2.023176
1.846431
1.683357
1.537319
1.410793
1.305177
1.220672
1.156302
1.110092
1.079391
1.061263
1.052852
1.051656
1.055691
1.063562
1.074462
1.088142
1.104851
1.125270
1.150436
1.181638
1.220298
1.267830
1.325477
1.394158
1.474330
1.565895
1.668168
1.779884
1.899267
2.024123
2.151949
2.280052
2.405660
2.526024
2.638512
2.740688
2.830371
2.905695
2.965146
3.007588
3.032288
3.038919
3.027563
2.998698
2.953185
2.892239
2.817397
2.730481
2.633550
2.528847
2.418744
2.305676
2.192074
2.080291
1.972534
1.870782
1.776728
1.691712
1.616689
1.552206
1.498416
1.455122
1.421840
1.397886
1.382469
1.374775
1.374042
1.379605
1.390932
1.407625
1.429416
1.456134
1.487683
1.523992
1.564982
1.610527
1.660422
1.714353
1.771889
1.832466
1.895398
1.959881
2.025020
2.089841
2.153331
2.214459
2.272208
2.325607
2.373753
2.415839
2.451173
2.479197
2.499498
2.511817
2.516056
2.512277
2.500699
2.481692
2.455765
2.423553
2.385803
2.343349
2.297096
2.247995
2.197019
2.145138
2.093297
2.042392
1.993250
1.946609
1.903107
1.863272
1.827517
1.796138
1.769325
1.747165
1.729657
1.716728
1.708246
1.704031
1.703874
1.707544
1.714795
1.725372
1.739017
1.755462
1.774436
1.795659
1.818843
1.843685
1.869873
1.897078
1.924962
1.953175
1.981360
2.009158
2.036211
2.062167
2.086691
2.109467
2.130202
2.148639
2.164556
2.177771
2.188150
2.195604
2.200094
2.201631
2.200276
2.196133
2.189355
2.180132
2.168692
2.155292
2.140213
2.123758
2.106236
2.087966
2.069264
2.050437
2.031781
2.013572
1.996066
1.979491
1.964048
1.949905
1.937202
1.926048
1.916518
1.908663
1.902502
1.898031
1.895224
1.894031
1.894387
1.896210
1.899404
1.903861
1.909464
1.916088
1.923601
1.931868
1.940748
1.950101
1.959784
1.969657
1.979582
1.989425
1.999057
2.008355
2.017207
2.025507
2.033162
2.040089
2.046220
2.051498
2.055882
2.059342
2.061866
2.063454
2.064121
2.063894
2.062812
2.060927
2.058300
2.055000
2.051105
2.046698
2.041865
2.036697
2.031284
2.025715
2.020080
2.014461
2.008941
2.003593
1.998485
1.993678
1.989226
1.985174
1.981558
1.978407
1.975743
1.973575
1.971909
1.970742
1.970065
1.969860
1.970106
1.970776
1.971840
1.973260
1.975001
1.977020
1.979276
1.981725
1.984323
1.987027
1.989794
1.992581
1.995350
1.998062
2.000681
2.003176
2.005518
2.007681
2.009643
2.011386
2.012898
2.014166
2.015186
2.015954
2.016474
2.016749
2.016788
2.016601
2.016203
2.015610
2.014841
2.013915
2.012854
2.011678
2.010412
2.009078
2.007698
2.006293
2.004887
2.003496
2.002143
2.000842
1.999611
1.998460
1.997404
1.996451
1.995610
1.994884
1.994280
1.993797
1.993436
1.993195
1.993070
1.993056
1.993149
1.993338
1.993617
1.993976
1.994406
1.994895
1.995435
1.996014
1.996621
1.997246
1.997881
1.998512
1.999135
1.999737
2.000314
2.000857
2.001362
2.001822
2.002234
2.002594
2.002902
2.003153
2.003350
2.003490
2.003578
2.003612
2.003598
2.003535
2.003431
2.003287
2.003109
2.002899
2.002666
2.002410
2.002140
2.001858
2.001571
2.001280
2.000993
2.000711
2.000441
2.000182
1.999941
1.999717
1.999514
1.999332
1.999175
1.999040
1.998931
1.998844
1.998783
1.998743
1.998725
1.998727
1.998749
1.998786
1.998839
1.998904
1.998980
1.999064
1.999155
1.999248
1.999345
1.999439
1.999534
1.999622
1.999708
1.999785
1.999856
1.999916
1.999970
2.000013
2.000049
2.000074
2.000093
2.000103
2.000109
2.000108
2.000107
2.000104
2.000104
2.000107
2.000108
