1.999938
1.999941
1.999945
1.999945
1.999941
1.999938
1.999935
1.999937
1.999943
1.999956
1.999976
2.000004
2.000040
2.000087
2.000141
2.000205
2.000276
2.000355
2.000440
2.000531
2.000626
2.000723
2.000820
2.000917
2.001009
2.001098
2.001177
2.001249
2.001308
2.001355
2.001385
2.001400
2.001395
2.001371
2.001326
2.001260
2.001171
2.001060
2.000927
2.000774
2.000599
2.000406
2.000196
1.999971
1.999732
1.999485
1.999231
1.998975
1.998719
1.998469
1.998228
1.998001
1.997792
1.997606
1.997446
1.997318
1.997225
1.997172
1.997160
1.997194
1.997276
1.997408
1.997590
1.997824
1.998109
1.998445
1.998828
1.999258
1.999729
2.000239
2.000780
2.001348
2.001935
2.002534
2.003136
2.003733
2.004315
2.004873
2.005397
2.005878
2.006305
2.006669
2.006960
2.007171
2.007293
2.007321
2.007246
2.007067
2.006777
2.006378
2.005867
2.005247
2.004520
2.003692
2.002769
2.001761
2.000677
1.999529
1.998331
1.997099
1.995848
1.994597
1.993365
1.992170
1.991033
1.989975
1.989014
1.988173
1.987470
1.986923
1.986549
1.986366
1.986385
1.986618
1.987075
1.987762
1.988681
1.989832
1.991212
1.992813
1.994624
1.996629
1.998810
2.001144
2.003604
2.006161
2.008780
2.011428
2.014065
2.016651
2.019145
2.021504
2.023686
2.025648
2.027351
2.028756
2.029826
2.030530
2.030838
2.030728
2.030181
2.029184
2.027732
2.025824
2.023468
2.020679
2.017476
2.013890
2.009953
2.005710
2.001205
1.996495
1.991636
1.986692
1.981730
1.976820
1.972035
1.967449
1.963137
1.959173
1.955631
1.952582
1.950095
1.948233
1.947056
1.946616
1.946959
1.948121
1.950129
1.953002
1.956742
1.961344
1.966785
1.973030
1.980030
1.987720
1.996020
2.004836
2.014060
2.023570
2.033235
2.042911
2.052447
2.061690
2.070480
2.078658
2.086069
2.092564
2.098003
2.102256
2.105211
2.106771
2.106860
2.105423
2.102428
2.097868
2.091758
2.084142
2.075084
2.064673
2.053021
2.040259
2.026536
2.012018
1.996885
1.981324
1.965536
1.949723
1.934093
1.918856
1.904218
1.890386
1.877563
1.865948
1.855732
1.847101
1.840233
1.835299
1.832455
1.831847
1.833606
1.837840
1.844638
1.854058
1.866124
1.880825
1.898102
1.917850
1.939912
1.964075
1.990071
2.017577
2.046219
2.075573
2.105179
2.134540
2.163142
2.190456
2.215956
2.239129
2.259486
2.276579
2.290006
2.299425
2.304562
2.305219
2.301278
2.292706
2.279556
2.261964
2.240151
2.214413
2.185117
2.152690
2.117608
2.080389
2.041571
2.001709
1.961353
1.921044
1.881297
1.842592
1.805374
1.770043
1.736956
1.706434
1.678762
1.654202
1.633004
1.615418
1.601702
1.592137
1.587030
1.586716
1.591555
1.601916
1.618161
1.640618
1.669548
1.705109
1.747323
1.796045
1.850939
1.911465
1.976876
2.046224
2.118386
2.192085
2.265928
2.338443
2.408126
2.473475
2.533039
2.585454
2.629480
2.664037
2.688230
2.701379
2.703034
2.692991
2.671302
2.638272
2.594461
2.540669
2.477921
2.407437
2.330604
2.248938
2.164036
2.077527
1.991015
1.906028
1.823957
1.746009
1.673161
1.606135
1.545382
1.491091
1.443213
1.401509
1.365610
1.335085
1.309516
1.288575
1.272090
1.260106
1.252938
1.251194
1.255794
1.267935
1.289036
1.320628
1.364200
1.421030
1.492001
1.577447
1.677060
1.789848
1.914163
2.047779
2.187991
2.331743
2.475748
2.616610
2.750932
2.875422
2.986983
3.082795
3.160385
3.217694
3.253125
3.265586
3.254527
3.219955
3.162453
3.083170
2.983816
2.866628
2.734331
2.590078
2.437373
2.279975
2.121777
1.966664
1.818344
1.680163
1.554906
1.444609
1.350414
1.272493
1.210088
1.161655
1.125101
1.098066
1.078181
1.063274
1.051508
1.041464
1.032184
1.023204
1.014591
1.006999
1.001742
1.000866
1.007191
1.024266
1.056154
1.107033
1.180602
1.279462
1.404642
1.555414
1.729384
1.922772
2.130763
2.347849
2.568133
2.785589
2.994269
3.188484
3.362955
3.512936
3.634329
3.723769
3.778703
3.797450
3.779245
3.724269
3.633660
3.509512
3.354847
3.173577
2.970441
2.750914
2.521091
2.287536
2.057081
1.836569
1.632515
1.450684
1.295574
1.169874
1.074028
1.006119
0.962239
0.937289
0.925918
0.923258
0.925317
0.929076
0.932396
0.933854
0.932585
0.928162
0.920546
0.910109
0.897748
0.885070
0.874651
0.870306
0.877265
0.902047
0.951819
1.033163
1.150610
1.305634
1.496487
1.718712
1.965906
2.230451
2.504094
2.778391
3.045041
3.296142
3.524395
3.723269
3.887138
4.011388
4.092510
4.128167
4.117243
4.059869
3.957432
3.812562
3.629098
3.412031
3.167421
2.902294
2.624499
2.342532
2.065301
1.801811
1.560740
1.349843
1.175164
1.040083
0.944469
0.884441
0.853215
0.842795
0.845633
0.855598
0.868226
0.880541
0.890699
0.897646
0.900831
0.900021
0.895201
0.886587
0.874722
0.860679
0.846362
0.834887
0.830956
0.841064
0.873218
0.935853
1.035994
1.177453
1.360027
1.579876
1.830480
2.103642
2.390284
2.681045
2.966695
3.238448
3.488194
3.708681
3.893657
4.037985
4.137726
4.190206
4.194055
4.149226
4.056990
3.919915
3.741821
3.527709
3.283674
3.016790
2.734967
2.446778
2.161231
1.887484
1.634459
1.410306
1.221688
1.072865
0.964772
0.894523
0.855914
0.840974
0.841757
0.851559
0.865360
0.879724
0.892477
0.902345
0.908665
0.911175
0.909907
0.905176
0.897658
0.888550
0.879812
0.874442
0.876726
0.892295
0.927812
0.990090
1.084746
1.214910
1.380573
1.578737
1.804067
2.049665
2.307754
2.570209
2.828958
3.076278
3.305019
3.508772
3.681999
3.820133
3.919652
3.978123
3.994237
3.967811
3.899782
3.792173
3.648047
3.471443
3.267288
3.041295
2.799840
2.549815
2.298447
2.053079
1.820901
1.608601
1.421933
1.265191
1.140667
1.048226
0.985268
0.947214
0.928443
0.923291
0.926774
0.934934
0.944878
0.954662
0.963125
0.969745
0.974534
0.978002
0.981162
0.985576
0.993415
1.007478
1.031132
1.068110
1.122134
1.196405
1.293070
1.412835
1.554808
1.716602
1.894592
2.084251
2.280489
2.477951
2.671268
2.855266
3.025120
3.176493
3.305624
3.409413
3.485467
3.532138
3.548542
3.534559
3.490821
3.418689
3.320209
3.198066
3.055511
2.896293
2.724560
2.544761
2.361522
2.179508
2.003266
1.837042
1.684583
1.548922
1.432180
1.335403
1.258501
1.200317
1.158842
1.131529
1.115654
1.108624
1.108203
1.112639
1.120713
1.131735
1.145508
1.162275
1.182662
1.207598
1.238233
1.275832
1.321646
1.376779
1.442048
1.517863
1.604142
1.700267
1.805091
1.916986
2.033926
2.153580
2.273426
2.390852
2.503259
2.608149
2.703204
2.786350
2.855811
2.910151
2.948303
2.969587
2.973721
2.960821
2.931390
2.886299
2.826766
2.754317
2.670749
2.578082
2.478503
2.374310
2.267843
2.161418
2.057253
1.957393
1.863646
1.777517
1.700160
1.632349
1.574476
1.526573
1.488359
1.459316
1.438766
1.425956
1.420133
1.420606
1.426780
1.438185
1.454471
1.475403
1.500832
1.530671
1.564855
1.603308
1.645909
1.692465
1.742685
1.796166
1.852389
1.910719
1.970411
2.030634
2.090488
2.149029
2.205298
2.258349
2.307278
2.351244
2.389498
2.421401
2.446438
2.464236
2.474567
2.477358
2.472686
2.460779
2.442009
2.416875
2.385999
2.350100
2.309982
2.266506
2.220573
2.173100
2.124993
2.077125
2.030319
1.985325
1.942805
1.903322
1.867335
1.835193
1.807140
1.783319
1.763785
1.748518
1.737429
1.730385
1.727212
1.727712
1.731671
1.738862
1.749054
1.762009
1.777485
1.795236
1.815008
1.836537
1.859548
1.883754
1.908856
1.934542
1.960492
1.986378
2.011868
2.036635
2.060355
2.082721
2.103440
2.122248
2.138908
2.153217
2.165014
2.174178
2.180632
2.184348
2.185340
2.183672
2.179448
2.172816
2.163958
2.153091
2.140458
2.126326
2.110974
2.094694
2.077779
2.060522
2.043204
2.026096
2.009450
1.993494
1.978434
1.964449
1.951687
1.940271
1.930293
1.921818
1.914885
1.909508
1.905677
1.903366
1.902524
1.903090
1.904985
1.908120
1.912396
1.917703
1.923926
1.930945
1.938634
1.946866
1.955510
1.964438
1.973521
1.982632
1.991650
2.000457
2.008940
2.016999
2.024536
2.031469
2.037722
2.043234
2.047954
2.051846
2.054886
2.057064
2.058382
2.058855
2.058511
2.057388
2.055534
2.053007
2.049874
2.046206
2.042081
2.037579
2.032784
2.027778
2.022644
2.017464
2.012313
2.007265
2.002388
1.997743
1.993384
1.989360
1.985710
1.982467
1.979655
1.977292
1.975386
1.973942
1.972954
1.972413
1.972303
1.972603
1.973287
1.974326
1.975687
1.977335
1.979232
1.981339
1.983616
1.986024
1.988520
1.991068
1.993627
1.996164
1.998641
2.001029
2.003297
2.005420
2.007374
2.009141
2.010704
2.012052
2.013175
2.014070
2.014733
2.015168
2.015379
2.015376
2.015166
2.014767
2.014190
2.013455
2.012579
2.011583
2.010486
2.009310
2.008074
2.006801
2.005509
2.004220
2.002948
2.001714
2.000531
1.999415
1.998375
1.997424
1.996569
1.995817
1.995173
1.994641
1.994220
1.993912
1.993712
1.993619
1.993626
1.993730
1.993921
1.994194
1.994537
1.994944
1.995404
1.995908
1.996446
1.997008
1.997584
1.998167
1.998746
1.999315
1.999864
2.000388
2.000880
2.001336
2.001749
2.002118
2.002439
2.002711
2.002931
2.003101
2.003220
2.003290
2.003311
2.003289
2.003223
2.003119
2.002980
2.002810
2.002612
2.002393
2.002155
2.001904
2.001643
2.001378
2.001111
2.000849
2.000591
2.000345
2.000111
1.999893
1.999691
1.999509
1.999347
1.999208
1.999090
1.998995
1.998921
1.998870
1.998838
1.998828
1.998834
1.998859
1.998898
1.998951
1.999014
1.999088
1.999167
1.999254
1.999341
1.999431
1.999519
1.999606
1.999688
1.999765
1.999835
1.999898
1.999952
1.999999
2.000035
2.000065
2.000085
2.000099
2.000105
2.000108
2.000105
2.000102
2.000098
2.000098
2.000102
2.000105
