1.999978
1.999950
1.999937
1.999937
1.999950
1.999978
2.000021
2.000080
2.000154
2.000244
2.000349
2.000468
2.000601
2.000747
2.000902
2.001067
2.001238
2.001413
2.001589
2.001764
2.001935
2.002097
2.002249
2.002386
2.002505
2.002603
2.002677
2.002723
2.002739
2.002722
2.002670
2.002581
2.002454
2.002288
2.002082
2.001838
2.001556
2.001238
2.000886
2.000503
2.000092
1.999659
1.999208
1.998745
1.998276
1.997809
1.997349
1.996905
1.996484
1.996096
1.995746
1.995444
1.995197
1.995013
1.994898
1.994859
1.994902
1.995031
1.995250
1.995562
1.995967
1.996468
1.997060
1.997743
1.998511
1.999359
2.000278
2.001261
2.002296
2.003372
2.004475
2.005591
2.006703
2.007797
2.008853
2.009856
2.010786
2.011627
2.012359
2.012968
2.013436
2.013750
2.013894
2.013858
2.013633
2.013211
2.012587
2.011759
2.010728
2.009500
2.008079
2.006478
2.004709
2.002790
2.000742
1.998587
1.996352
1.994065
1.991759
1.989466
1.987222
1.985063
1.983026
1.981149
1.979468
1.978022
1.976844
1.975968
1.975424
1.975240
1.975439
1.976042
1.977061
1.978506
1.980379
1.982678
1.985392
1.988506
1.991995
1.995829
1.999970
2.004375
2.008993
2.013767
2.018636
2.023533
2.028388
2.033127
2.037676
2.041957
2.045894
2.049413
2.052440
2.054909
2.056754
2.057920
2.058356
2.058021
2.056882
2.054920
2.052122
2.048492
2.044042
2.038800
2.032803
2.026104
2.018768
2.010871
2.002501
1.993758
1.984750
1.975597
1.966422
1.957358
1.948543
1.940116
1.932219
1.924993
1.918576
1.913104
1.908703
1.905493
1.903582
1.903065
1.904022
1.906517
1.910590
1.916266
1.923543
1.932395
1.942772
1.954597
1.967766
1.982151
1.997596
2.013923
2.030928
2.048390
2.066069
2.083710
2.101047
2.117808
2.133719
2.148504
2.161898
2.173643
2.183499
2.191244
2.196682
2.199642
2.199986
2.197613
2.192454
2.184485
2.173717
2.160208
2.144054
2.125394
2.104407
2.081310
2.056358
2.029838
2.002066
1.973388
1.944169
1.914796
1.885664
1.857185
1.829770
1.803835
1.779789
1.758037
1.738970
1.722965
1.710375
1.701531
1.696732
1.696239
1.700269
1.708992
1.722514
1.740881
1.764063
1.791953
1.824359
1.861008
1.901535
1.945493
1.992353
2.041512
2.092300
2.143990
2.195811
2.246958
2.296610
2.343941
2.388135
2.428402
2.463993
2.494211
2.518427
2.536091
2.546745
2.550030
2.545696
2.533611
2.513759
2.486251
2.451319
2.409318
2.360720
2.306109
2.246169
2.181678
2.113489
2.042519
1.969730
1.896110
1.822655
1.750350
1.680150
1.612968
1.549655
1.491001
1.437723
1.390476
1.349859
1.316427
1.290709
1.273224
1.264489
1.265022
1.275325
1.295866
1.327032
1.369093
1.422146
1.486083
1.560549
1.644939
1.738382
1.839762
1.947732
2.060751
2.177107
2.294962
2.412387
2.527400
2.638008
2.742241
2.838194
2.924057
2.998156
3.058983
3.105226
3.135796
3.149854
3.146833
3.126451
3.088730
3.033998
2.962898
2.876384
2.775711
2.662425
2.538336
2.405497
2.266160
2.122738
1.977747
1.833744
1.693251
1.558668
1.432183
1.315664
1.210565
1.117837
1.037873
0.970501
0.915051
0.870487
0.835603
0.809255
0.790592
0.779258
0.775545
0.780457
0.795693
0.823491
0.866355
0.926689
1.006415
1.106669
1.227641
1.368561
1.527786
1.702935
1.891046
2.088712
2.292213
2.497628
2.700935
2.898103
3.085176
3.258354
3.414060
3.549016
3.660301
3.745411
3.802313
3.829489
3.825977
3.791398
3.725986
3.630597
3.506716
3.356451
3.182520
2.988221
2.777396
2.554381
2.323937
2.091166
1.861406
1.640090
1.432567
1.243858
1.078331
0.939285
0.828454
0.745567
0.688162
0.651923
0.631505
0.621517
0.617250
0.615046
0.612361
0.607710
0.600605
0.591552
0.582160
0.575328
0.575476
0.588620
0.621991
0.682945
0.777337
0.908241
1.075679
1.277117
1.508196
1.763350
2.036269
2.320225
2.608307
2.893608
3.169379
3.429163
3.666913
3.877104
4.054829
4.195890
4.296873
4.355218
4.369273
4.338336
4.262686
4.143598
3.983343
3.785175
3.553303
3.292844
3.009769
2.710819
2.403415
2.095533
1.795561
1.512093
1.253654
1.028277
0.842817
0.701879
0.606315
0.551902
0.529735
0.529011
0.540032
0.555564
0.570826
0.582921
0.590233
0.591954
0.587792
0.577838
0.562603
0.543228
0.521903
0.502511
0.491459
0.498336
0.535461
0.615051
0.744851
0.926222
1.155472
1.425784
1.728682
2.054838
2.394629
2.738418
3.076837
3.400932
3.702370
3.973531
4.207681
4.399034
4.542890
4.635668
4.675017
4.659808
4.590210
4.467655
4.294869
4.075805
3.815634
3.520642
3.198190
2.856565
2.504906
2.153017
1.811228
1.490133
1.200307
0.951768
0.753137
0.610007
0.522482
0.482816
0.477033
0.490733
0.512911
0.536529
0.557581
0.574038
0.584993
0.590119
0.589331
0.582637
0.570143
0.552213
0.529819
0.505123
0.482372
0.469034
0.476751
0.520580
0.614623
0.766002
0.973848
1.231974
1.531360
1.861686
2.212130
2.571863
2.930334
3.277519
3.604072
3.901503
4.162278
4.379958
4.549258
4.666152
4.727896
4.733093
4.681681
4.574955
4.415522
4.207285
3.955354
3.665999
3.346529
3.005204
2.651079
2.293887
1.943832
1.611411
1.307106
1.041004
0.822088
0.657052
0.548194
0.490884
0.473166
0.480377
0.500159
0.524058
0.547006
0.566224
0.580336
0.588718
0.591137
0.587556
0.578132
0.563347
0.544340
0.523423
0.504850
0.495705
0.506496
0.550271
0.639085
0.779439
0.971118
1.209034
1.485317
1.790740
2.115533
2.449875
2.784195
3.109399
3.417025
3.699390
3.949686
4.162083
4.331789
4.455117
4.529512
4.553578
4.527076
4.450921
4.327137
4.158831
3.950114
3.706042
3.432519
3.136200
2.824376
2.504850
2.185788
1.875568
1.582569
1.314936
1.080212
0.884808
0.733148
0.626477
0.561638
0.530992
0.524454
0.532352
0.547069
0.563329
0.577767
0.588428
0.594331
0.595253
0.591640
0.584712
0.576671
0.571039
0.572966
0.589303
0.628036
0.696816
0.801034
0.942614
1.120093
1.329455
1.565046
1.820297
2.088216
2.361731
2.633922
2.898193
3.148404
3.378972
3.584951
3.762100
3.906924
4.016715
4.089570
4.124400
4.120927
4.079666
4.001900
3.889640
3.745578
3.573032
3.375877
3.158472
2.925579
2.682274
2.433850
2.185715
1.943271
1.711785
1.496230
1.301097
1.130145
0.986109
0.870349
0.782533
0.720510
0.680543
0.657949
0.647928
0.646268
0.649763
0.656368
0.665201
0.676475
0.691405
0.712082
0.741280
0.782156
0.837833
0.910942
1.003207
1.115204
1.246320
1.394873
1.558325
1.733509
1.916847
2.104542
2.292724
2.477580
2.655452
2.822922
2.976871
3.114536
3.233544
3.331950
3.408248
3.461387
3.490775
3.496271
3.478176
3.437216
3.374513
3.291562
3.190190
3.072520
2.940927
2.797992
2.646450
2.489139
2.328943
2.168737
2.011324
1.859371
1.715347
1.581450
1.459543
1.351089
1.257098
1.178094
1.114120
1.064784
1.029353
1.006887
0.996381
0.996902
1.007685
1.028177
1.058031
1.097057
1.145147
1.202187
1.267975
1.342155
1.424172
1.513254
1.608413
1.708464
1.812054
1.917709
2.023868
2.128934
2.231311
2.329447
2.421865
2.507201
2.584219
2.651847
2.709181
2.755510
2.790314
2.813277
2.824283
2.823416
2.810951
2.787348
2.753235
2.709402
2.656772
2.596395
2.529416
2.457062
2.380612
2.301380
2.220684
2.139827
2.060069
1.982609
1.908557
1.838920
1.774581
1.716288
1.664642
1.620097
1.582955
1.553382
1.531408
1.516951
1.509824
1.509763
1.516433
1.529446
1.548369
1.572736
1.602046
1.635773
1.673362
1.714236
1.757795
1.803422
1.850485
1.898345
1.946361
1.993901
2.040345
2.085098
2.127598
2.167321
2.203792
2.236593
2.265364
2.289811
2.309709
2.324908
2.335324
2.340953
2.341856
2.338168
2.330085
2.317865
2.301821
2.282315
2.259748
2.234557
2.207203
2.178166
2.147931
2.116990
2.085821
2.054890
2.024638
1.995480
1.967792
1.941913
1.918137
1.896711
1.877836
1.861662
1.848291
1.837781
1.830142
1.825344
1.823316
1.823956
1.827126
1.832664
1.840384
1.850079
1.861527
1.874495
1.888738
1.904008
1.920053
1.936625
1.953474
1.970362
1.987056
2.003339
2.019003
2.033860
2.047737
2.060485
2.071972
2.082090
2.090752
2.097899
2.103489
2.107510
2.109967
2.110891
2.110330
2.108355
2.105051
2.100521
2.094879
2.088255
2.080781
2.072603
2.063865
2.054716
2.045303
2.035771
2.026260
2.016903
2.007823
1.999137
1.990946
1.983343
1.976403
1.970193
1.964762
1.960148
1.956373
1.953448
1.951369
1.950123
1.949684
1.950016
1.951074
1.952807
1.955154
1.958053
1.961432
1.965222
1.969346
1.973731
1.978302
1.982985
1.987709
1.992406
1.997011
2.001465
2.005711
2.009702
2.013393
2.016748
2.019735
2.022333
2.024522
2.026293
2.027640
2.028568
2.029081
2.029195
2.028926
2.028300
2.027339
2.026078
2.024545
2.022779
2.020814
2.018688
2.016439
2.014106
2.011723
2.009328
2.006953
2.004632
2.002392
2.000262
1.998264
1.996419
1.994744
1.993253
1.991956
1.990861
1.989970
1.989286
1.988806
1.988524
1.988433
1.988525
1.988785
1.989202
1.989759
1.990442
1.991231
1.992113
1.993065
1.994074
1.995118
1.996184
1.997253
1.998310
1.999341
2.000333
2.001273
2.002151
2.002958
2.003688
2.004332
2.004889
2.005353
2.005725
2.006003
2.006190
2.006288
2.006301
2.006232
2.006089
2.005875
2.005601
2.005272
2.004896
2.004481
2.004035
2.003566
2.003082
2.002590
2.002098
2.001612
2.001139
2.000683
2.000251
1.999846
1.999473
1.999134
1.998832
1.998567
1.998343
1.998157
1.998011
1.997902
1.997832
1.997795
1.997793
1.997820
1.997875
1.997953
1.998054
1.998172
1.998304
1.998447
1.998599
1.998753
1.998911
1.999065
1.999217
1.999361
1.999497
1.999622
1.999736
1.999836
1.999922
1.999993
2.000050
2.000090
2.000118
2.000130
2.000130
2.000118
2.000090
