1.999966
1.999973
1.999978
1.999978
1.999973
1.999966
1.999957
1.999948
1.999941
1.999936
1.999934
1.999936
1.999942
1.999952
1.999966
1.999985
2.000008
2.000035
2.000064
2.000097
2.000132
2.000169
2.000207
2.000245
2.000283
2.000319
2.000354
2.000386
2.000414
2.000439
2.000458
2.000473
2.000481
2.000482
2.000477
2.000464
2.000444
2.000416
2.000381
2.000337
2.000286
2.000229
2.000164
2.000093
2.000017
1.999936
1.999851
1.999765
1.999676
1.999588
1.999500
1.999416
1.999336
1.999261
1.999194
1.999136
1.999088
1.999051
1.999028
1.999018
1.999024
1.999046
1.999085
1.999142
1.999216
1.999308
1.999417
1.999543
1.999685
1.999842
2.000012
2.000194
2.000386
2.000586
2.000790
2.000997
2.001202
2.001404
2.001598
2.001782
2.001952
2.002104
2.002236
2.002343
2.002424
2.002475
2.002493
2.002477
2.002425
2.002336
2.002208
2.002042
2.001837
2.001596
2.001319
2.001008
2.000667
2.000299
1.999908
1.999499
1.999076
1.998645
1.998213
1.997786
1.997371
1.996974
1.996602
1.996264
1.995964
1.995711
1.995510
1.995369
1.995291
1.995282
1.995346
1.995487
1.995706
1.996005
1.996383
1.996841
1.997375
1.997982
1.998657
1.999394
2.000185
2.001022
2.001894
2.002791
2.003700
2.004609
2.005503
2.006368
2.007191
2.007955
2.008646
2.009251
2.009755
2.010145
2.010411
2.010541
2.010526
2.010361
2.010040
2.009560
2.008922
2.008126
2.007178
2.006086
2.004857
2.003505
2.002045
2.000491
1.998864
1.997184
1.995473
1.993754
1.992052
1.990393
1.988802
1.987305
1.985928
1.984696
1.983634
1.982764
1.982110
1.981689
1.981521
1.981619
1.981997
1.982663
1.983623
1.984878
1.986426
1.988260
1.990369
1.992736
1.995341
1.998158
2.001157
2.004301
2.007551
2.010863
2.014190
2.017480
2.020682
2.023739
2.026599
2.029205
2.031505
2.033449
2.034988
2.036082
2.036694
2.036795
2.036362
2.035382
2.033849
2.031767
2.029150
2.026018
2.022404
2.018345
2.013889
2.009089
2.004005
1.998702
1.993249
1.987718
1.982183
1.976719
1.971402
1.966307
1.961506
1.957071
1.953072
1.949572
1.946635
1.944319
1.942676
1.941756
1.941603
1.942254
1.943739
1.946083
1.949300
1.953395
1.958364
1.964187
1.970833
1.978256
1.986394
1.995167
2.004478
2.014213
2.024241
2.034415
2.044573
2.054544
2.064148
2.073198
2.081511
2.088906
2.095212
2.100273
2.103952
2.106133
2.106729
2.105684
2.102970
2.098595
2.092600
2.085054
2.076062
2.065751
2.054274
2.041803
2.028525
2.014636
2.000338
1.985832
1.971318
1.956986
1.943019
1.929585
1.916841
1.904928
1.893976
1.884101
1.875409
1.867995
1.861950
1.857360
1.854308
1.852876
1.853148
1.855206
1.859133
1.865011
1.872912
1.882901
1.895020
1.909290
1.925693
1.944172
1.964612
1.986844
2.010629
2.035661
2.061566
2.087906
2.114187
2.139871
2.164392
2.187173
2.207643
2.225264
2.239544
2.250061
2.256478
2.258554
2.256157
2.249269
2.237988
2.222522
2.203183
2.180375
2.154577
2.126327
2.096199
2.064785
2.032671
2.000419
1.968549
1.937529
1.907759
1.879570
1.853223
1.828911
1.806764
1.786860
1.769235
1.753895
1.740830
1.730026
1.721475
1.715191
1.711215
1.709631
1.710568
1.714208
1.720787
1.730592
1.743950
1.761213
1.782731
1.808822
1.839727
1.875572
1.916322
1.961739
2.011360
2.064479
2.120149
2.177207
2.234307
2.289975
2.342669
2.390842
2.433019
2.467854
2.494190
2.511118
2.518005
2.514533
2.500708
2.476863
2.443645
2.401989
2.353078
2.298293
2.239148
2.177227
2.114104
2.051280
1.990112
1.931758
1.877142
1.826930
1.781529
1.741109
1.705634
1.674903
1.648604
1.626353
1.607744
1.592372
1.579872
1.569927
1.562292
1.556803
1.553391
1.552100
1.553098
1.556705
1.563403
1.573852
1.588888
1.609497
1.636771
1.671818
1.715654
1.769057
1.832427
1.905654
1.988030
2.078215
2.174259
2.273691
2.373639
2.470986
2.562529
2.645146
2.715941
2.772379
2.812396
2.834491
2.837780
2.822045
2.787738
2.735971
2.668473
2.587525
2.495859
2.396542
2.292827
2.187989
2.085145
1.987088
1.896119
1.813940
1.741581
1.679410
1.627202
1.584261
1.549578
1.521984
1.500289
1.483379
1.470281
1.460190
1.452467
1.446634
1.442346
1.439387
1.437655
1.437179
1.438139
1.440905
1.446087
1.454585
1.467628
1.486783
1.513912
1.551057
1.600240
1.663194
1.741065
1.834131
1.941620
2.061643
2.191267
2.326699
2.463533
2.597029
2.722388
2.835010
2.930710
3.005906
3.057763
3.084308
3.084499
3.058267
3.006524
2.931129
2.834828
2.721149
2.594260
2.458790
2.319600
2.181529
2.049102
1.926237
1.815980
1.720302
1.640022
1.574858
1.523629
1.484538
1.455495
1.434398
1.419336
1.408710
1.401269
1.396093
1.392543
1.390203
1.388821
1.388272
1.388529
1.389672
1.391907
1.395617
1.401421
1.410247
1.423391
1.442546
1.469774
1.507391
1.557746
1.622910
1.704314
1.802418
1.916473
2.044454
2.183149
2.328374
2.475275
2.618647
2.753250
2.874088
2.976653
3.057118
3.112490
3.140721
3.140781
3.112687
3.057510
2.977329
2.875160
2.754842
2.620883
2.478262
2.332195
2.187850
2.050044
1.922919
1.809658
1.712269
1.631497
1.566899
1.517068
1.479963
1.453264
1.434676
1.422150
1.413997
1.408923
1.406001
1.404615
1.404395
1.405156
1.406854
1.409558
1.413450
1.418833
1.426170
1.436117
1.449567
1.467672
1.491838
1.523673
1.564872
1.617040
1.681465
1.758878
1.849243
1.951624
2.064155
2.184110
2.308069
2.432126
2.552137
2.663946
2.763613
2.847599
2.912924
2.957290
2.979164
2.977839
2.953453
2.906979
2.840187
2.755572
2.656254
2.545845
2.428285
2.307655
2.187962
2.072919
1.965721
1.868862
1.783996
1.711896
1.652496
1.605030
1.568233
1.540563
1.520409
1.506251
1.496767
1.490882
1.487783
1.486896
1.487865
1.490509
1.494801
1.500842
1.508850
1.519152
1.532183
1.548484
1.568690
1.593512
1.623698
1.659976
1.702979
1.753157
1.810684
1.875379
1.946645
2.023449
2.104332
2.187462
2.270717
2.351790
2.428304
2.497932
2.558509
2.608131
2.645240
2.668694
2.677806
2.672376
2.652695
2.619529
2.574088
2.517969
2.453089
2.381598
2.305782
2.227954
2.150344
2.074995
2.003666
1.937763
1.878290
1.825842
1.780627
1.742520
1.711136
1.685916
1.666205
1.651331
1.640654
1.633611
1.629736
1.628669
1.630159
1.634052
1.640285
1.648869
1.659880
1.673440
1.689704
1.708843
1.731024
1.756387
1.785028
1.816967
1.852132
1.890333
1.931249
1.974419
2.019243
2.064987
2.110809
2.155778
2.198917
2.239231
2.275758
2.307602
2.333972
2.354219
2.367858
2.374593
2.374321
2.367145
2.353362
2.333452
2.308057
2.277956
2.244026
2.207212
2.168486
2.128808
2.089089
2.050162
2.012756
1.977475
1.944793
1.915052
1.888467
1.865142
1.845087
1.828241
1.814488
1.803681
1.795656
1.790249
1.787303
1.786675
1.788243
1.791899
1.797556
1.805136
1.814572
1.825798
1.838745
1.853333
1.869468
1.887031
1.905879
1.925838
1.946701
1.968229
1.990152
2.012171
2.033965
2.055197
2.075521
2.094597
2.112092
2.127702
2.141149
2.152203
2.160680
2.166453
2.169455
2.169681
2.167189
2.162097
2.154577
2.144851
2.133182
2.119864
2.105214
2.089560
2.073234
2.056558
2.039841
2.023367
2.007392
1.992143
1.977809
1.964547
1.952480
1.941698
1.932263
1.924212
1.917558
1.912297
1.908410
1.905864
1.904619
1.904624
1.905823
1.908155
1.911552
1.915942
1.921248
1.927388
1.934273
1.941810
1.949899
1.958434
1.967304
1.976394
1.985585
1.994755
2.003782
2.012545
2.020925
2.028810
2.036095
2.042683
2.048491
2.053447
2.057496
2.060598
2.062732
2.063890
2.064086
2.063347
2.061718
2.059258
2.056037
2.052138
2.047650
2.042670
2.037298
2.031636
2.025786
2.019847
2.013912
2.008072
2.002407
1.996992
1.991892
1.987163
1.982852
1.978998
1.975628
1.972765
1.970421
1.968600
1.967301
1.966515
1.966229
1.966421
1.967068
1.968142
1.969610
1.971436
1.973582
1.976007
1.978668
1.981521
1.984521
1.987622
1.990779
1.993948
1.997084
2.000146
2.003094
2.005891
2.008504
2.010902
2.013059
2.014954
2.016569
2.017892
2.018916
2.019637
2.020058
2.020184
2.020027
2.019601
2.018924
2.018017
2.016904
2.015611
2.014166
2.012596
2.010931
2.009199
2.007429
2.005648
2.003883
2.002158
2.000495
1.998916
1.997437
1.996076
1.994845
1.993754
1.992812
1.992024
1.991393
1.990920
1.990603
1.990438
1.990420
1.990542
1.990796
1.991169
1.991653
1.992234
1.992899
1.993635
1.994428
1.995264
1.996130
1.997011
1.997896
1.998769
1.999622
2.000441
2.001217
2.001941
2.002606
2.003205
2.003731
2.004183
2.004556
2.004849
2.005062
2.005197
2.005254
2.005237
2.005151
2.004999
2.004788
2.004523
2.004212
2.003860
2.003476
2.003066
2.002637
2.002197
2.001753
2.001311
2.000878
2.000458
2.000058
1.999681
1.999332
1.999014
1.998730
1.998482
1.998272
1.998099
1.997966
1.997871
1.997813
1.997791
1.997804
1.997848
1.997923
1.998024
1.998149
1.998295
1.998458
1.998635
1.998823
1.999019
1.999218
1.999419
1.999618
1.999811
1.999998
2.000175
2.000341
2.000493
2.000631
2.000753
2.000858
2.000945
2.001016
2.001068
2.001104
2.001122
2.001125
2.001112
2.001085
2.001044
2.000993
2.000931
2.000861
2.000783
2.000699
2.000611
2.000522
2.000430
2.000339
2.000248
2.000161
2.000077
1.999999
1.999925
1.999859
1.999798
1.999745
1.999699
1.999662
1.999631
1.999610
1.999595
1.999588
1.999587
1.999594
1.999606
1.999625
1.999647
1.999674
1.999704
1.999737
1.999772
1.999808
1.999844
1.999880
1.999914
1.999947
1.999977
2.000005
2.000028
2.000049
2.000064
2.000076
2.000083
2.000086
2.000085
2.000081
2.000074
2.000067
2.000057
2.000050
2.000044
2.000044
2.000050
2.000057
