1.999940
1.999934
1.999932
1.999932
1.999934
1.999940
1.999952
1.999973
2.000001
2.000041
2.000090
2.000151
2.000222
2.000305
2.000398
2.000501
2.000612
2.000732
2.000856
2.000986
2.001116
2.001247
2.001375
2.001498
2.001612
2.001717
2.001807
2.001882
2.001938
2.001973
2.001984
2.001971
2.001930
2.001862
2.001763
2.001634
2.001475
2.001287
2.001069
2.000824
2.000552
2.000258
1.999943
1.999612
1.999267
1.998915
1.998558
1.998205
1.997858
1.997525
1.997211
1.996923
1.996666
1.996448
1.996272
1.996147
1.996075
1.996064
1.996114
1.996233
1.996419
1.996678
1.997007
1.997408
1.997878
1.998416
1.999017
1.999678
2.000389
2.001147
2.001940
2.002760
2.003597
2.004438
2.005272
2.006086
2.006866
2.007599
2.008272
2.008870
2.009380
2.009791
2.010090
2.010266
2.010310
2.010213
2.009969
2.009574
2.009025
2.008321
2.007465
2.006461
2.005314
2.004036
2.002637
2.001132
1.999538
1.997872
1.996157
1.994416
1.992671
1.990951
1.989282
1.987692
1.986208
1.984861
1.983676
1.982683
1.981906
1.981369
1.981095
1.981104
1.981409
1.982027
1.982963
1.984223
1.985807
1.987711
1.989922
1.992427
1.995205
1.998229
2.001468
2.004886
2.008442
2.012090
2.015780
2.019462
2.023078
2.026571
2.029884
2.032958
2.035734
2.038156
2.040172
2.041730
2.042786
2.043299
2.043236
2.042570
2.041282
2.039364
2.036812
2.033635
2.029851
2.025488
2.020582
2.015179
2.009336
2.003118
1.996596
1.989851
1.982970
1.976046
1.969175
1.962461
1.956005
1.949914
1.944292
1.939245
1.934872
1.931272
1.928535
1.926746
1.925980
1.926302
1.927765
1.930410
1.934259
1.939321
1.945586
1.953025
1.961589
1.971210
1.981798
1.993243
2.005416
2.018168
2.031332
2.044730
2.058164
2.071432
2.084322
2.096618
2.108104
2.118571
2.127812
2.135638
2.141869
2.146350
2.148944
2.149541
2.148058
2.144444
2.138676
2.130768
2.120763
2.108738
2.094803
2.079098
2.061791
2.043078
2.023178
2.002331
1.980796
1.958846
1.936763
1.914839
1.893372
1.872659
1.852997
1.834683
1.818005
1.803244
1.790675
1.780558
1.773140
1.768652
1.767302
1.769275
1.774725
1.783768
1.796479
1.812882
1.832944
1.856572
1.883602
1.913800
1.946861
1.982405
2.019983
2.059084
2.099137
2.139525
2.179595
2.218670
2.256061
2.291087
2.323080
2.351409
2.375486
2.394784
2.408846
2.417298
2.419852
2.416322
2.406623
2.390774
2.368902
2.341238
2.308115
2.269959
2.227285
2.180680
2.130797
2.078337
2.024034
1.968639
1.912905
1.857569
1.803340
1.750885
1.700822
1.653715
1.610072
1.570350
1.534966
1.504308
1.478750
1.458668
1.444455
1.436533
1.435347
1.441367
1.455062
1.476876
1.507186
1.546256
1.594198
1.650926
1.716128
1.789246
1.869474
1.955766
2.046856
2.141291
2.237463
2.333656
2.428087
2.518945
2.604442
2.682847
2.752530
2.811998
2.859925
2.895189
2.916893
2.924390
2.917300
2.895523
2.859250
2.808958
2.745414
2.669661
2.582998
2.486964
2.383297
2.273900
2.160793
2.046056
1.931767
1.819933
1.712417
1.610866
1.516637
1.430747
1.353830
1.286133
1.227536
1.177618
1.135746
1.101195
1.073277
1.051468
1.035528
1.025598
1.022263
1.026581
1.040053
1.064518
1.101988
1.154404
1.223377
1.309941
1.414383
1.536163
1.673932
1.825612
1.988519
2.159496
2.335053
2.511484
2.684989
2.851775
3.008150
3.150609
3.275909
3.381142
3.463798
3.521816
3.553636
3.558239
3.535175
3.484589
3.407232
3.304461
3.178234
3.031087
2.866099
2.686849
2.497343
2.301940
2.105239
1.911948
1.726718
1.553934
1.397468
1.260392
1.144689
1.051006
0.978550
0.925200
0.887843
0.862862
0.846631
0.835891
0.827981
0.820933
0.813508
0.805198
0.796266
0.787816
0.781905
0.781660
0.791324
0.816098
0.861640
0.933210
1.034686
1.167838
1.332137
1.525002
1.742256
1.978599
2.228012
2.484076
2.740225
2.989944
3.226937
3.445272
3.639497
3.804758
3.936885
4.032481
4.088988
4.104746
4.079035
4.012105
3.905189
3.760506
3.581237
3.371501
3.136296
2.881433
2.613442
2.339455
2.067049
1.804043
1.558227
1.336967
1.146673
0.992053
0.875238
0.795030
0.746826
0.723615
0.717662
0.721978
0.731050
0.740932
0.749007
0.753659
0.753982
0.749586
0.740505
0.727232
0.710872
0.693438
0.678268
0.670493
0.677359
0.707962
0.771874
0.876766
1.026327
1.219798
1.452818
1.718621
2.009019
2.315104
2.627718
2.937792
3.236587
3.515900
3.768218
3.986862
4.166102
4.301259
4.388783
4.426319
4.412751
4.348231
4.234186
4.073308
3.869523
3.627943
3.354794
3.057329
2.743708
2.422861
2.104309
1.797928
1.513638
1.260932
1.048164
0.881459
0.763220
0.690715
0.656023
0.648320
0.657033
0.673766
0.692717
0.710259
0.724320
0.733818
0.738249
0.737425
0.731345
0.720203
0.704523
0.685435
0.665113
0.647382
0.638374
0.646969
0.684291
0.761529
0.886510
1.061492
1.283492
1.545864
1.839832
2.155552
2.482803
2.811433
3.131666
3.434337
3.711067
3.954412
4.157983
4.316545
4.426091
4.483904
4.488589
4.440091
4.339695
4.190001
3.994880
3.759416
3.489820
3.193334
2.878107
2.553046
2.227648
1.911778
1.615386
1.348106
1.118664
0.933960
0.797748
0.709127
0.661852
0.645778
0.649970
0.665161
0.684641
0.704039
0.720738
0.733294
0.740985
0.743519
0.740890
0.733361
0.721577
0.706806
0.691311
0.678827
0.675037
0.687792
0.726553
0.800645
0.916727
1.077047
1.279448
1.518469
1.786583
2.075159
2.375127
2.677420
2.973282
3.254491
3.513527
3.743707
3.939286
4.095543
4.208834
4.276642
4.297594
4.271468
4.199181
4.082758
3.925289
3.730862
3.504493
3.252025
2.980027
2.695662
2.406546
2.120579
1.845730
1.589779
1.359962
1.162484
1.001861
0.880126
0.796112
0.745330
0.720853
0.714943
0.720522
0.731949
0.745153
0.757432
0.767164
0.773560
0.776509
0.776525
0.774782
0.773232
0.774750
0.783245
0.803613
0.841400
0.902068
0.990019
1.107715
1.255267
1.430558
1.629692
1.847534
2.078199
2.315444
2.552969
2.784644
3.004680
3.207763
3.389160
3.544792
3.671298
3.766075
3.827307
3.853971
3.845845
3.803483
3.728197
3.622013
3.487628
3.328343
3.148000
2.950900
2.741712
2.525378
2.306994
2.091687
1.884465
1.690047
1.512657
1.355788
1.221945
1.112393
1.026988
0.964177
0.921222
0.894654
0.880796
0.876248
0.878206
0.884625
0.894268
0.906674
0.922097
0.941420
0.966058
0.997814
1.038703
1.090731
1.155645
1.234695
1.328458
1.436729
1.558518
1.692116
1.835219
1.985072
2.138616
2.292636
2.443878
2.589164
2.725483
2.850062
2.960434
3.054480
3.130470
3.187085
3.223435
3.239065
3.233952
3.208495
3.163501
3.100154
3.019991
2.924863
2.816892
2.698425
2.571981
2.440196
2.305759
2.171347
2.039559
1.912836
1.793394
1.683146
1.583638
1.495993
1.420883
1.358524
1.308716
1.270911
1.244316
1.228005
1.221034
1.222532
1.231768
1.248179
1.271374
1.301108
1.337244
1.379692
1.428359
1.483090
1.543630
1.609582
1.680393
1.755348
1.833573
1.914056
1.995673
2.077218
2.157437
2.235065
2.308860
2.377635
2.440290
2.495834
2.543412
2.582320
2.612018
2.632142
2.642507
2.643112
2.634130
2.615909
2.588960
2.553940
2.511644
2.462979
2.408947
2.350623
2.289130
2.225613
2.161214
2.097049
2.034180
1.973592
1.916176
1.862710
1.813844
1.770096
1.731849
1.699353
1.672734
1.652009
1.637099
1.627846
1.624034
1.625399
1.631646
1.642456
1.657494
1.676413
1.698855
1.724449
1.752813
1.783548
1.816241
1.850465
1.885776
1.921722
1.957840
1.993665
2.028739
2.062608
2.094840
2.125025
2.152787
2.177784
2.199724
2.218360
2.233500
2.245011
2.252817
2.256901
2.257308
2.254138
2.247549
2.237746
2.224984
2.209557
2.191794
2.172050
2.150700
2.128133
2.104743
2.080918
2.057039
2.033469
2.010551
1.988597
1.967889
1.948674
1.931161
1.915519
1.901882
1.890341
1.880954
1.873741
1.868692
1.865766
1.864896
1.865991
1.868940
1.873614
1.879867
1.887545
1.896480
1.906497
1.917419
1.929062
1.941241
1.953772
1.966476
1.979175
1.991699
2.003885
2.015582
2.026649
2.036960
2.046399
2.054872
2.062296
2.068609
2.073764
2.077735
2.080512
2.082103
2.082532
2.081841
2.080085
2.077334
2.073669
2.069182
2.063972
2.058147
2.051817
2.045097
2.038100
2.030940
2.023728
2.016569
2.009563
2.002803
1.996373
1.990349
1.984795
1.979766
1.975307
1.971451
1.968222
1.965633
1.963686
1.962376
1.961686
1.961597
1.962075
1.963087
1.964589
1.966537
1.968877
1.971561
1.974530
1.977730
1.981105
1.984598
1.988154
1.991722
1.995249
1.998690
2.001999
2.005138
2.008070
2.010764
2.013193
2.015338
2.017181
2.018711
2.019921
2.020812
2.021385
2.021649
2.021613
2.021296
2.020714
2.019890
2.018845
2.017609
2.016206
2.014667
2.013018
2.011290
2.009510
2.007707
2.005906
2.004134
2.002412
2.000765
1.999208
1.997762
1.996437
1.995248
1.994202
1.993308
1.992567
1.991983
1.991554
1.991278
1.991149
1.991162
1.991306
1.991575
1.991954
1.992434
1.993001
1.993643
1.994344
1.995094
1.995877
1.996681
1.997492
1.998299
1.999090
1.999856
2.000585
2.001271
2.001905
2.002482
2.002996
2.003445
2.003823
2.004132
2.004369
2.004536
2.004634
2.004667
2.004636
2.004548
2.004404
2.004212
2.003976
2.003704
2.003399
2.003069
2.002720
2.002358
2.001988
2.001618
2.001251
2.000893
2.000547
2.000219
1.999911
1.999628
1.999369
1.999140
1.998939
1.998769
1.998628
1.998519
1.998438
1.998387
1.998361
1.998362
1.998385
1.998430
1.998493
1.998573
1.998664
1.998767
1.998877
1.998993
1.999111
1.999230
1.999345
1.999458
1.999564
1.999663
1.999753
1.999834
1.999904
1.999964
2.000013
2.000052
2.000081
2.000101
2.000113
2.000120
2.000121
2.000121
2.000120
2.000113
