1.999958
1.999939
1.999931
1.999931
1.999939
1.999958
1.999987
2.000029
2.000083
2.000151
2.000232
2.000326
2.000433
2.000552
2.000682
2.000822
2.000969
2.001122
2.001279
2.001437
2.001594
2.001747
2.001891
2.002027
2.002148
2.002253
2.002338
2.002401
2.002437
2.002447
2.002425
2.002372
2.002284
2.002161
2.002003
2.001809
2.001578
2.001314
2.001017
2.000690
2.000334
1.999955
1.999556
1.999142
1.998718
1.998291
1.997865
1.997449
1.997049
1.996672
1.996326
1.996018
1.995754
1.995544
1.995392
1.995306
1.995290
1.995351
1.995490
1.995714
1.996021
1.996416
1.996895
1.997459
1.998104
1.998825
1.999617
2.000472
2.001382
2.002337
2.003324
2.004333
2.005348
2.006356
2.007340
2.008287
2.009177
2.009997
2.010729
2.011358
2.011868
2.012246
2.012477
2.012551
2.012456
2.012186
2.011735
2.011099
2.010276
2.009271
2.008085
2.006729
2.005211
2.003548
2.001753
1.999848
1.997854
1.995796
1.993702
1.991602
1.989525
1.987505
1.985574
1.983769
1.982121
1.980665
1.979434
1.978460
1.977770
1.977394
1.977354
1.977670
1.978358
1.979430
1.980891
1.982743
1.984979
1.987589
1.990555
1.993853
1.997453
2.001319
2.005407
2.009669
2.014052
2.018498
2.022943
2.027323
2.031569
2.035612
2.039381
2.042808
2.045824
2.048365
2.050370
2.051784
2.052556
2.052646
2.052017
2.050648
2.048521
2.045633
2.041990
2.037611
2.032524
2.026771
2.020405
2.013491
2.006101
1.998322
1.990248
1.981982
1.973633
1.965320
1.957164
1.949290
1.941825
1.934899
1.928637
1.923164
1.918599
1.915055
1.912636
1.911435
1.911534
1.913000
1.915882
1.920212
1.926004
1.933247
1.941910
1.951939
1.963252
1.975748
1.989297
2.003748
2.018929
2.034645
2.050684
2.066820
2.082812
2.098413
2.113368
2.127424
2.140331
2.151845
2.161736
2.169791
2.175816
2.179643
2.181130
2.180169
2.176683
2.170632
2.162014
2.150864
2.137257
2.121305
2.103157
2.082999
2.061050
2.037561
2.012809
1.987096
1.960746
1.934100
1.907511
1.881341
1.855958
1.831732
1.809032
1.788220
1.769650
1.753667
1.740597
1.730750
1.724413
1.721843
1.723267
1.728868
1.738787
1.753108
1.771854
1.794982
1.822372
1.853827
1.889068
1.927734
1.969381
2.013492
2.059476
2.106682
2.154408
2.201911
2.248424
2.293165
2.335358
2.374241
2.409086
2.439211
2.463994
2.482886
2.495420
2.501225
2.500034
2.491686
2.476138
2.453462
2.423848
2.387603
2.345145
2.296998
2.243782
2.186202
2.125036
2.061119
1.995326
1.928556
1.861709
1.795676
1.731315
1.669442
1.610818
1.556140
1.506044
1.461107
1.421853
1.388776
1.362348
1.343039
1.331330
1.327718
1.332709
1.346801
1.370450
1.404032
1.447790
1.501794
1.565892
1.639690
1.722533
1.813506
1.911449
2.014981
2.122529
2.232369
2.342665
2.451505
2.556949
2.657066
2.749975
2.833879
2.907109
2.968151
3.015680
3.048590
3.066017
3.067360
3.052302
3.020821
2.973195
2.910011
2.832157
2.740817
2.637451
2.523776
2.401737
2.273466
2.141235
2.007408
1.874367
1.744445
1.619839
1.502526
1.394174
1.296053
1.208981
1.133279
1.068793
1.014951
0.970890
0.935611
0.908169
0.887855
0.874366
0.867926
0.869365
0.880117
0.902131
0.937674
0.989044
1.058236
1.146634
1.254796
1.382362
1.528087
1.689938
1.865233
2.050785
2.243039
2.438195
2.632316
2.821435
3.001637
3.169148
3.320409
3.452149
3.561447
3.645796
3.703153
3.731987
3.731317
3.700744
3.640475
3.551334
3.434768
3.292842
3.128217
2.944128
2.744337
2.533080
2.314991
2.095017
1.878290
1.669985
1.475119
1.298297
1.143397
1.013178
0.908890
0.829974
0.774035
0.737212
0.714865
0.702323
0.695463
0.691010
0.686631
0.680921
0.673377
0.664414
0.655454
0.649081
0.649218
0.661180
0.691398
0.746590
0.832475
0.952554
1.107584
1.295783
1.513407
1.755341
2.015590
2.287636
2.564713
2.840012
3.106850
3.358817
3.589897
3.794587
3.967995
4.105930
4.204983
4.262597
4.277117
4.247837
4.175029
4.059957
3.904877
3.713025
3.488585
3.236643
2.963126
2.674716
2.378753
2.083099
1.795976
1.525735
1.280540
1.067885
0.893864
0.762119
0.672582
0.620709
0.598259
0.595658
0.604284
0.617558
0.630983
0.641734
0.648167
0.649420
0.645157
0.635452
0.620823
0.602425
0.582417
0.564519
0.554681
0.561591
0.596278
0.669957
0.790512
0.960338
1.176857
1.434098
1.724131
2.037980
2.366228
2.699380
3.028150
3.343646
3.637569
3.902332
4.131213
4.318443
4.459327
4.550296
4.588992
4.574296
4.506368
4.386643
4.217834
4.003890
3.749964
3.462329
3.148311
2.816170
2.474981
2.134474
1.804846
1.496499
1.219679
0.983882
0.796879
0.663076
0.581342
0.543650
0.537220
0.549180
0.569525
0.591648
0.611640
0.627417
0.637982
0.642926
0.642120
0.635569
0.623421
0.606113
0.584706
0.561405
0.540348
0.528533
0.536541
0.577855
0.665495
0.807079
1.003051
1.248390
1.534868
1.852643
2.191186
2.539844
2.888179
3.226234
3.544716
3.835162
4.090066
4.302999
4.468692
4.583122
4.643555
4.648592
4.598174
4.493592
4.337453
4.133649
3.887285
3.604614
3.292927
2.960451
2.616205
2.269851
1.931501
1.611492
1.320057
1.066861
0.860210
0.705753
0.604511
0.551023
0.533924
0.540040
0.558223
0.580661
0.602499
0.620979
0.634665
0.642879
0.645353
0.642060
0.633203
0.619340
0.601685
0.582568
0.566090
0.558829
0.570259
0.611994
0.695069
0.826246
1.006402
1.231567
1.494705
1.787135
2.099436
2.422006
2.745420
3.060677
3.359384
3.633900
3.877451
4.084230
4.249465
4.369479
4.441727
4.464819
4.438521
4.363747
4.242521
4.077945
3.874123
3.636101
3.369764
3.081744
2.779296
2.470170
2.162456
1.864414
1.584248
1.329828
1.108273
0.925363
0.784657
0.686425
0.626853
0.598464
0.592075
0.599046
0.612524
0.627672
0.641348
0.651693
0.657783
0.659432
0.657119
0.652064
0.646402
0.643432
0.647835
0.665688
0.703987
0.769523
0.867384
0.999839
1.166134
1.363009
1.585457
1.827401
2.082212
2.343076
2.603264
2.856318
3.096199
3.317403
3.515044
3.684925
3.823590
3.928359
3.997353
4.029503
4.024543
3.983001
3.906167
3.796056
3.655362
3.487398
3.296030
3.085601
2.860847
2.626808
2.388721
2.151915
1.921679
1.703118
1.500980
1.319440
1.161843
1.030402
0.925901
0.847484
0.792685
0.757787
0.738457
0.730438
0.730085
0.734667
0.742472
0.752794
0.765870
0.782786
0.805358
0.835954
0.877253
0.931912
1.002203
1.089681
1.194955
1.317612
1.456271
1.608732
1.772163
1.943294
2.118594
2.294421
2.467154
2.633297
2.789564
2.932950
3.060788
3.170787
3.261070
3.330191
3.377152
3.401404
3.402846
3.381813
3.339057
3.275725
3.193328
3.093707
2.978991
2.851553
2.713964
2.568939
2.419281
2.267824
2.117371
1.970626
1.830128
1.698179
1.576775
1.467534
1.371641
1.289807
1.222263
1.168787
1.128784
1.101392
1.085622
1.080485
1.085104
1.098776
1.121004
1.151475
1.190015
1.236519
1.290878
1.352908
1.422295
1.498548
1.580985
1.668726
1.760710
1.855716
1.952404
2.049348
2.145079
2.238123
2.327041
2.410463
2.487117
2.555859
2.615692
2.665788
2.705495
2.734353
2.752095
2.758647
2.754132
2.738854
2.713298
2.678111
2.634091
2.582166
2.523380
2.458865
2.389825
2.317504
2.243169
2.168082
2.093472
2.020516
1.950311
1.883854
1.822030
1.765584
1.715127
1.671117
1.633872
1.603567
1.580252
1.563861
1.554236
1.551138
1.554270
1.563285
1.577801
1.597408
1.621672
1.650138
1.682332
1.717757
1.755899
1.796225
1.838187
1.881221
1.924760
1.968231
2.011069
2.052720
2.092655
2.130368
2.165396
2.197316
2.225760
2.250412
2.271022
2.287400
2.299429
2.307054
2.310293
2.309227
2.304003
2.294827
2.281962
2.265717
2.246450
2.224550
2.200438
2.174551
2.147344
2.119271
2.090785
2.062326
2.034315
2.007147
1.981188
1.956762
1.934160
1.913623
1.895352
1.879501
1.866179
1.855451
1.847341
1.841833
1.838877
1.838387
1.840251
1.844329
1.850461
1.858468
1.868156
1.879317
1.891736
1.905191
1.919458
1.934309
1.949522
1.964875
1.980158
1.995164
2.009702
2.023592
2.036671
2.048789
2.059819
2.069651
2.078195
2.085383
2.091170
2.095529
2.098456
2.099968
2.100102
2.098910
2.096465
2.092854
2.088177
2.082546
2.076082
2.068912
2.061171
2.052993
2.044516
2.035871
2.027192
2.018601
2.010218
2.002149
1.994496
1.987344
1.980771
1.974840
1.969602
1.965096
1.961349
1.958372
1.956169
1.954730
1.954037
1.954058
1.954759
1.956093
1.958009
1.960450
1.963356
1.966660
1.970298
1.974200
1.978299
1.982528
1.986821
1.991113
1.995347
1.999464
2.003415
2.007149
2.010627
2.013811
2.016672
2.019185
2.021333
2.023102
2.024487
2.025487
2.026107
2.026356
2.026251
2.025808
2.025053
2.024011
2.022711
2.021184
2.019463
2.017582
2.015577
2.013480
2.011327
2.009149
2.006980
2.004848
2.002783
2.000807
1.998945
1.997215
1.995637
1.994220
1.992979
1.991919
1.991046
1.990360
1.989861
1.989545
1.989407
1.989436
1.989624
1.989958
1.990427
1.991013
1.991704
1.992482
1.993332
1.994237
1.995181
1.996148
1.997124
1.998093
1.999043
1.999960
2.000834
2.001654
2.002412
2.003100
2.003714
2.004246
2.004697
2.005061
2.005342
2.005538
2.005652
2.005686
2.005647
2.005536
2.005361
2.005127
2.004842
2.004511
2.004143
2.003744
2.003324
2.002887
2.002442
2.001994
2.001551
2.001117
2.000700
2.000302
1.999930
1.999584
1.999271
1.998989
1.998743
1.998532
1.998358
1.998219
1.998116
1.998046
1.998010
1.998003
1.998025
1.998071
1.998141
1.998229
1.998335
1.998453
1.998583
1.998718
1.998859
1.999000
1.999141
1.999277
1.999408
1.999530
1.999644
1.999746
1.999838
1.999916
1.999983
2.000035
2.000077
2.000105
2.000123
2.000130
2.000130
2.000123
2.000105
