1.999937
1.999935
1.999937
1.999937
1.999935
1.999937
1.999941
1.999952
1.999968
1.999994
2.000027
2.000071
2.000125
2.000189
2.000262
2.000346
2.000438
2.000538
2.000644
2.000755
2.000869
2.000985
2.001099
2.001211
2.001316
2.001415
2.001502
2.001578
2.001638
2.001682
2.001705
2.001708
2.001687
2.001642
2.001572
2.001476
2.001352
2.001203
2.001027
2.000827
2.000603
2.000358
2.000093
1.999812
1.999517
1.999213
1.998904
1.998594
1.998287
1.997990
1.997707
1.997444
1.997205
1.996997
1.996823
1.996691
1.996603
1.996566
1.996581
1.996653
1.996784
1.996977
1.997231
1.997548
1.997927
1.998365
1.998860
1.999409
2.000005
2.000644
2.001319
2.002021
2.002742
2.003472
2.004201
2.004918
2.005611
2.006270
2.006880
2.007433
2.007914
2.008313
2.008620
2.008824
2.008917
2.008891
2.008739
2.008457
2.008041
2.007492
2.006808
2.005994
2.005052
2.003993
2.002823
2.001555
2.000201
1.998779
1.997305
1.995798
1.994279
1.992771
1.991295
1.989878
1.988542
1.987313
1.986215
1.985272
1.984507
1.983943
1.983597
1.983490
1.983636
1.984048
1.984734
1.985701
1.986950
1.988479
1.990281
1.992345
1.994655
1.997190
1.999925
2.002831
2.005873
2.009014
2.012212
2.015422
2.018596
2.021687
2.024641
2.027409
2.029940
2.032184
2.034092
2.035619
2.036725
2.037372
2.037527
2.037167
2.036270
2.034826
2.032830
2.030287
2.027207
2.023612
2.019531
2.015001
2.010068
2.004785
1.999212
1.993417
1.987474
1.981460
1.975459
1.969558
1.963845
1.958412
1.953350
1.948749
1.944697
1.941281
1.938582
1.936676
1.935630
1.935506
1.936355
1.938215
1.941114
1.945067
1.950070
1.956109
1.963147
1.971134
1.980000
1.989658
2.000003
2.010912
2.022247
2.033856
2.045572
2.057220
2.068616
2.079572
2.089898
2.099405
2.107911
2.115241
2.121234
2.125745
2.128644
2.129828
2.129214
2.126747
2.122399
2.116172
2.108095
2.098227
2.086657
2.073500
2.058895
2.043009
2.026026
2.008152
1.989606
1.970623
1.951444
1.932321
1.913506
1.895256
1.877827
1.861470
1.846436
1.832966
1.821297
1.811655
1.804256
1.799305
1.796991
1.797482
1.800927
1.807445
1.817122
1.830006
1.846099
1.865352
1.887659
1.912852
1.940701
1.970908
2.003111
2.036888
2.071757
2.107190
2.142618
2.177444
2.211053
2.242826
2.272155
2.298455
2.321178
2.339824
2.353956
2.363208
2.367294
2.366018
2.359275
2.347059
2.329459
2.306663
2.278951
2.246688
2.210322
2.170367
2.127396
2.082024
2.034896
1.986674
1.938017
1.889569
1.841948
1.795735
1.751463
1.709619
1.670638
1.634910
1.602788
1.574600
1.550659
1.531282
1.516801
1.507571
1.503981
1.506446
1.515399
1.531268
1.554446
1.585257
1.623912
1.670466
1.724791
1.786538
1.855129
1.929755
2.009381
2.092772
2.178523
2.265094
2.350854
2.434122
2.513211
2.586473
2.652336
2.709347
2.756204
2.791792
2.815203
2.825769
2.823074
2.806969
2.777581
2.735314
2.680845
2.615111
2.539297
2.454806
2.363225
2.266293
2.165847
2.063769
1.961928
1.862118
1.765986
1.674974
1.590260
1.512718
1.442890
1.380988
1.326924
1.280362
1.240794
1.207639
1.180342
1.158474
1.141829
1.130500
1.124940
1.125993
1.134886
1.153172
1.182613
1.225008
1.281977
1.354739
1.443915
1.549406
1.670343
1.805121
1.951485
2.106643
2.267401
2.430290
2.591690
2.747944
2.895455
3.030787
3.150740
3.252429
3.333350
3.391436
3.425107
3.433312
3.415560
3.371942
3.303142
3.210438
3.095691
2.961324
2.810280
2.645970
2.472206
2.293108
2.112991
1.936222
1.767056
1.609423
1.466704
1.341483
1.235318
1.148594
1.080489
1.029124
0.991853
0.965655
0.947497
0.934631
0.924775
0.916207
0.907806
0.899081
0.890199
0.882058
0.876376
0.875783
0.883869
0.905075
0.944356
1.006543
1.095538
1.213595
1.360949
1.535847
1.734856
1.953276
2.185545
2.425575
2.667039
2.903593
3.129061
3.337591
3.523792
3.682843
3.810599
3.903672
3.959506
3.976434
3.953719
3.891588
3.791241
3.654853
3.485552
3.287384
3.065256
2.824862
2.572576
2.315324
2.060408
1.815276
1.587220
1.382951
1.208056
1.066313
0.959003
0.884472
0.838334
0.814426
0.806118
0.807401
0.813450
0.820716
0.826774
0.830072
0.829707
0.825264
0.816747
0.804606
0.789872
0.774402
0.761218
0.754880
0.761724
0.789664
0.847206
0.941634
1.077174
1.254161
1.469388
1.717034
1.989605
2.278672
2.575404
2.870952
3.156729
3.424635
3.667230
3.877886
4.050908
4.181638
4.266541
4.303268
4.290703
4.228991
4.119548
3.965043
3.769375
3.537615
3.275934
2.991508
2.692390
2.387361
2.085726
1.797048
1.530785
1.295759
1.099382
0.946572
0.838506
0.771751
0.738774
0.730015
0.736294
0.750238
0.766623
0.782080
0.794609
0.803117
0.807067
0.806241
0.800636
0.790461
0.776264
0.759174
0.741278
0.726115
0.719201
0.728338
0.763220
0.833815
0.947739
1.108123
1.313294
1.557810
1.833796
2.132035
2.442725
2.755993
3.062255
3.352475
3.618366
3.852550
4.048682
4.201559
4.307199
4.362898
4.367268
4.320258
4.223148
4.078527
3.890248
3.663369
3.404061
3.119509
2.817781
2.507671
2.198504
1.899896
1.621423
1.372163
1.160030
0.990819
0.866996
0.786625
0.743312
0.727837
0.730628
0.743587
0.760747
0.778123
0.793266
0.804782
0.811956
0.814500
0.812425
0.806022
0.795965
0.783513
0.770822
0.761323
0.760088
0.773953
0.811089
0.879695
0.986074
1.133033
1.319484
1.541073
1.791188
2.061886
2.344587
2.630569
2.911322
3.178800
3.425611
3.645165
3.831788
3.980810
4.088629
4.152755
4.171837
4.145666
4.075164
3.962356
3.810323
3.623137
3.405781
3.164057
2.904467
2.634081
2.360381
2.091070
1.833839
1.596064
1.384414
1.204326
1.059364
0.950552
0.875964
0.830941
0.809072
0.803546
0.808242
0.818282
0.830116
0.841367
0.850608
0.857160
0.860968
0.862552
0.863027
0.864188
0.868604
0.879684
0.901616
0.939094
0.996777
1.078544
1.186788
1.321976
1.482614
1.665514
1.866209
2.079389
2.299280
2.519957
2.735582
2.940599
3.129878
3.298828
3.443489
3.560594
3.647617
3.702801
3.725176
3.714555
3.671524
3.597413
3.494260
3.364757
3.212195
3.040386
2.853582
2.656380
2.453616
2.250239
2.051171
1.861144
1.684512
1.525034
1.385639
1.268196
1.173333
1.100379
1.047480
1.011902
0.990455
0.979937
0.977479
0.980774
0.988170
0.998693
1.012014
1.028385
1.048570
1.073753
1.105425
1.145237
1.194833
1.255657
1.328763
1.414664
1.513232
1.623669
1.744541
1.873860
2.009204
2.147838
2.286846
2.423249
2.554111
2.676633
2.788229
2.886592
2.969742
3.036069
3.084356
3.113799
3.124017
3.115046
3.087331
3.041712
2.979396
2.901925
2.811141
2.709138
2.598216
2.480823
2.359494
2.236789
2.115216
1.997166
1.884833
1.780141
1.684682
1.599656
1.525843
1.463592
1.412850
1.373221
1.344047
1.324510
1.313732
1.310863
1.315149
1.325972
1.342869
1.365520
1.393727
1.427375
1.466389
1.510682
1.560120
1.614477
1.673408
1.736436
1.802936
1.872149
1.943189
2.015065
2.086712
2.157016
2.224849
2.289103
2.348713
2.402697
2.450169
2.490369
2.522679
2.546632
2.561928
2.568433
2.566185
2.555387
2.536404
2.509749
2.476073
2.436146
2.390841
2.341110
2.287962
2.232440
2.175593
2.118454
2.062015
2.007204
1.954863
1.905735
1.860447
1.819505
1.783290
1.752061
1.725963
1.705038
1.689238
1.678442
1.672475
1.671115
1.674113
1.681199
1.692091
1.706497
1.724116
1.744644
1.767762
1.793146
1.820456
1.849339
1.879428
1.910345
1.941697
1.973088
2.004115
2.034381
2.063494
2.091080
2.116785
2.140285
2.161287
2.179541
2.194842
2.207032
2.216004
2.221708
2.224143
2.223365
2.219480
2.212643
2.203052
2.190949
2.176608
2.160331
2.142444
2.123286
2.103204
2.082547
2.061658
2.040866
2.020484
2.000801
1.982080
1.964553
1.948420
1.933845
1.920961
1.909864
1.900618
1.893257
1.887784
1.884177
1.882388
1.882350
1.883975
1.887161
1.891788
1.897730
1.904846
1.912992
1.922016
1.931762
1.942071
1.952786
1.963748
1.974802
1.985797
1.996590
2.007040
2.017020
2.026411
2.035106
2.043012
2.050048
2.056149
2.061265
2.065361
2.068420
2.070437
2.071426
2.071413
2.070440
2.068559
2.065837
2.062347
2.058175
2.053409
2.048146
2.042483
2.036522
2.030361
2.024100
2.017833
2.011652
2.005639
1.999875
1.994427
1.989358
1.984721
1.980560
1.976909
1.973793
1.971227
1.969221
1.967771
1.966870
1.966501
1.966642
1.967264
1.968334
1.969813
1.971660
1.973829
1.976275
1.978949
1.981803
1.984787
1.987854
1.990956
1.994049
1.997088
2.000036
2.002854
2.005510
2.007973
2.010220
2.012227
2.013981
2.015466
2.016677
2.017608
2.018262
2.018641
2.018755
2.018615
2.018235
2.017633
2.016829
2.015844
2.014702
2.013425
2.012042
2.010574
2.009049
2.007490
2.005921
2.004365
2.002844
2.001376
1.999980
1.998670
1.997462
1.996366
1.995391
1.994544
1.993831
1.993252
1.992810
1.992501
1.992324
1.992272
1.992340
1.992519
1.992801
1.993175
1.993631
1.994157
1.994743
1.995374
1.996043
1.996733
1.997438
1.998142
1.998840
1.999518
2.000170
2.000786
2.001362
2.001890
2.002366
2.002784
2.003145
2.003443
2.003682
2.003857
2.003973
2.004029
2.004030
2.003976
2.003875
2.003727
2.003541
2.003318
2.003066
2.002789
2.002493
2.002182
2.001864
2.001541
2.001220
2.000904
2.000599
2.000305
2.000030
1.999774
1.999540
1.999329
1.999145
1.998985
1.998854
1.998747
1.998669
1.998614
1.998585
1.998578
1.998593
1.998626
1.998678
1.998743
1.998823
1.998910
1.999007
1.999108
1.999213
1.999317
1.999421
1.999521
1.999617
1.999705
1.999787
1.999858
1.999922
1.999975
2.000020
2.000054
2.000080
2.000097
2.000108
2.000112
2.000113
2.000111
2.000111
2.000113
2.000112
