1.999943
1.999934
1.999931
1.999931
1.999934
1.999943
1.999958
1.999983
2.000016
2.000061
2.000117
2.000184
2.000263
2.000353
2.000454
2.000565
2.000684
2.000811
2.000942
2.001078
2.001215
2.001351
2.001483
2.001610
2.001726
2.001832
2.001922
2.001996
2.002049
2.002080
2.002085
2.002065
2.002015
2.001936
2.001825
2.001684
2.001510
2.001306
2.001071
2.000809
2.000519
2.000207
1.999873
1.999524
1.999161
1.998791
1.998418
1.998049
1.997689
1.997344
1.997021
1.996726
1.996465
1.996246
1.996072
1.995953
1.995890
1.995891
1.995958
1.996096
1.996306
1.996591
1.996951
1.997385
1.997892
1.998469
1.999110
1.999813
2.000567
2.001368
2.002205
2.003068
2.003946
2.004826
2.005696
2.006543
2.007352
2.008109
2.008799
2.009410
2.009926
2.010336
2.010625
2.010785
2.010805
2.010677
2.010393
2.009951
2.009347
2.008582
2.007657
2.006579
2.005354
2.003993
2.002508
2.000915
1.999232
1.997478
1.995676
1.993852
1.992029
1.990236
1.988501
1.986855
1.985326
1.983944
1.982738
1.981736
1.980966
1.980452
1.980216
1.980279
1.980656
1.981361
1.982401
1.983780
1.985498
1.987548
1.989918
1.992592
1.995546
1.998754
2.002179
2.005785
2.009527
2.013357
2.017223
2.021069
2.024836
2.028466
2.031895
2.035065
2.037914
2.040384
2.042418
2.043968
2.044983
2.045426
2.045261
2.044462
2.043010
2.040898
2.038123
2.034698
2.030641
2.025983
2.020764
2.015034
2.008852
2.002289
1.995420
1.988332
1.981115
1.973868
1.966695
1.959701
1.952995
1.946689
1.940892
1.935713
1.931258
1.927628
1.924917
1.923213
1.922592
1.923121
1.924853
1.927827
1.932064
1.937571
1.944332
1.952315
1.961464
1.971704
1.982936
1.995044
2.007886
2.021306
2.035127
2.049157
2.063192
2.077018
2.090412
2.103151
2.115010
2.125770
2.135221
2.143164
2.149418
2.153823
2.156240
2.156558
2.154695
2.150602
2.144260
2.135685
2.124928
2.112074
2.097239
2.080573
2.062257
2.042496
2.021523
1.999591
1.976974
1.953957
1.930840
1.907930
1.885539
1.863981
1.843570
1.824615
1.807421
1.792284
1.779489
1.769310
1.762003
1.757808
1.756940
1.759584
1.765895
1.775987
1.789924
1.807719
1.829325
1.854627
1.883438
1.915499
1.950473
1.987950
2.027451
2.068431
2.110287
2.152375
2.194010
2.234491
2.273106
2.309152
2.341946
2.370842
2.395241
2.414609
2.428485
2.436492
2.438347
2.433868
2.422976
2.405704
2.382191
2.352686
2.317538
2.277199
2.232203
2.183168
2.130772
2.075749
2.018862
1.960897
1.902639
1.844860
1.788301
1.733663
1.681593
1.632685
1.587474
1.546445
1.510035
1.478658
1.452707
1.432583
1.418700
1.411498
1.411442
1.419016
1.434694
1.458916
1.492039
1.534296
1.585750
1.646252
1.715417
1.792608
1.876935
1.967271
2.062274
2.160418
2.260038
2.359364
2.456566
2.549802
2.637253
2.717169
2.787905
2.847960
2.896006
2.930922
2.951815
2.958049
2.949259
2.925361
2.886567
2.833382
2.766600
2.687299
2.596818
2.496737
2.388846
2.275102
2.157586
2.038445
1.919828
1.803818
1.692353
1.587152
1.489642
1.400893
1.321576
1.251952
1.191893
1.140944
1.098425
1.063555
1.035594
1.013980
0.998460
0.989192
0.986814
0.992464
1.007740
1.034584
1.075081
1.131207
1.204540
1.296026
1.405813
1.533200
1.676673
1.834001
2.002370
2.178515
2.358860
2.539636
2.716994
2.887106
3.046255
3.190921
3.317850
3.424131
3.507251
3.565156
3.596291
3.599647
3.574789
3.521876
3.441679
3.335579
3.205563
3.054200
2.884610
2.700420
2.505696
2.304869
2.102626
1.903784
1.713120
1.535174
1.373987
1.232811
1.113792
1.017693
0.943754
0.889775
0.852477
0.828023
0.812563
0.802651
0.795487
0.789022
0.781972
0.773831
0.764896
0.756343
0.750347
0.750217
0.760431
0.786461
0.834210
0.909066
1.014855
1.153143
1.323120
1.521926
1.745147
1.987302
2.242240
2.503449
2.764293
3.018214
3.258882
3.480343
3.677131
3.844379
3.977914
4.074334
4.131082
4.146500
4.119872
4.051455
3.942489
3.795205
3.612799
3.399409
3.160058
2.900589
2.627575
2.348204
2.070132
1.801287
1.549606
1.322660
1.127125
0.968037
0.847851
0.765583
0.716598
0.693594
0.688433
0.693770
0.703850
0.714592
0.723325
0.728416
0.728967
0.724596
0.715348
0.701726
0.684854
0.666789
0.650966
0.642709
0.649590
0.681129
0.747271
0.855779
1.010095
1.209056
1.447914
1.719605
2.015735
2.327260
2.644931
2.959615
3.262535
3.545458
3.800851
4.022024
4.203236
4.339801
4.428167
4.465976
4.452113
4.386731
4.271259
4.108396
3.902076
3.657420
3.380669
3.079096
2.760891
2.435023
2.111070
1.799000
1.508861
1.250347
1.032102
0.860654
0.738855
0.664285
0.628943
0.621562
0.631062
0.648687
0.668440
0.686620
0.701138
0.710926
0.715498
0.714677
0.708463
0.697042
0.680924
0.661229
0.640152
0.621600
0.611914
0.620355
0.658566
0.738156
0.866966
1.046888
1.274467
1.542670
1.842443
2.163761
2.496284
2.829782
3.154428
3.461020
3.741157
3.987376
4.193278
4.353617
4.464383
4.522852
4.527629
4.478659
4.377227
4.225935
4.028660
3.790492
3.517655
3.217404
2.897909
2.568111
2.237551
1.916162
1.614000
1.340861
1.105714
0.915814
0.775357
0.683852
0.635171
0.618869
0.623518
0.639435
0.659651
0.679673
0.696841
0.709703
0.717541
0.720066
0.717266
0.709391
0.697072
0.681572
0.665180
0.651723
0.647097
0.659513
0.698905
0.774988
0.894496
1.059418
1.267196
1.511992
1.785989
2.080348
2.385858
2.693352
2.994008
3.279554
3.542438
3.775951
3.974330
4.132837
4.247823
4.316759
4.338269
4.312127
4.239248
4.121659
3.962450
3.765716
3.536480
3.280598
3.004654
2.715839
2.421806
2.130507
1.849989
1.588149
1.352389
1.149150
0.983258
0.857100
0.769813
0.717017
0.691632
0.685594
0.691481
0.703380
0.717040
0.729654
0.739538
0.745868
0.748515
0.747986
0.745473
0.742974
0.743466
0.751035
0.770837
0.808728
0.870466
0.960624
1.081654
1.233505
1.413818
1.618441
1.842015
2.078468
2.321413
2.564436
2.801320
3.026209
3.233738
3.419131
3.578278
3.707790
3.805044
3.868206
3.896240
3.888912
3.846768
3.771115
3.663977
3.528048
3.366634
3.183583
2.983209
2.770201
2.549526
2.326321
2.105769
1.892957
1.692705
1.509378
1.346642
1.207211
1.092572
1.002786
0.936433
0.890812
0.862374
0.847286
0.841955
0.843395
0.849416
0.858678
0.870669
0.885642
0.904525
0.928818
0.960443
1.001556
1.054298
1.120530
1.201572
1.298016
1.409620
1.535316
1.673291
1.821124
1.975943
2.134578
2.293712
2.450003
2.600193
2.741203
2.870203
2.984674
3.082455
3.161778
3.221292
3.260079
3.277662
3.273997
3.249469
3.204870
3.141379
3.060526
2.964162
2.854414
2.733639
2.604373
2.469275
2.331070
2.192481
2.056162
1.924629
1.800184
1.684841
1.580259
1.487682
1.407898
1.341233
1.287573
1.246429
1.217035
1.198464
1.189751
1.189990
1.198410
1.214416
1.237592
1.267677
1.304524
1.348039
1.398126
1.454624
1.517263
1.585629
1.659141
1.737047
1.818433
1.902240
1.987298
2.072347
2.156088
2.237205
2.314412
2.386479
2.452265
2.510744
2.561028
2.602382
2.634243
2.656223
2.668121
2.669916
2.661774
2.644033
2.617200
2.581933
2.539029
2.489405
2.434075
2.374132
2.310722
2.245017
2.178194
2.111406
2.045759
1.982285
1.921927
1.865512
1.813747
1.767199
1.726300
1.691344
1.662494
1.639798
1.623197
1.612548
1.607642
1.608214
1.613965
1.624564
1.639664
1.658903
1.681902
1.708273
1.737611
1.769497
1.803496
1.839155
1.876011
1.913585
1.951393
1.988946
2.025761
2.061363
2.095300
2.127140
2.156487
2.182983
2.206317
2.226230
2.242517
2.255031
2.263689
2.268468
2.269405
2.266599
2.260206
2.250433
2.237539
2.221821
2.203618
2.183292
2.161234
2.137841
2.113524
2.088687
2.063728
2.039029
2.014950
1.991823
1.969947
1.949587
1.930968
1.914277
1.899659
1.887220
1.877025
1.869104
1.863454
1.860035
1.858784
1.859609
1.862398
1.867017
1.873318
1.881138
1.890305
1.900635
1.911942
1.924032
1.936714
1.949792
1.963079
1.976385
1.989534
2.002352
2.014680
2.026368
2.037281
2.047299
2.056318
2.064251
2.071030
2.076604
2.080943
2.084033
2.085881
2.086509
2.085960
2.084288
2.081565
2.077872
2.073304
2.067965
2.061965
2.055418
2.048444
2.041161
2.033690
2.026144
2.018636
2.011272
2.004149
1.997356
1.990976
1.985076
1.979717
1.974946
1.970803
1.967310
1.964487
1.962335
1.960852
1.960022
1.959824
1.960227
1.961195
1.962684
1.964647
1.967032
1.969784
1.972846
1.976159
1.979665
1.983304
1.987019
1.990755
1.994458
1.998077
2.001567
2.004884
2.007990
2.010854
2.013444
2.015740
2.017722
2.019379
2.020703
2.021691
2.022346
2.022677
2.022692
2.022409
2.021845
2.021024
2.019969
2.018708
2.017267
2.015679
2.013970
2.012174
2.010317
2.008432
2.006544
2.004682
2.002868
2.001128
1.999480
1.997943
1.996532
1.995260
1.994137
1.993171
1.992365
1.991723
1.991244
1.990925
1.990762
1.990748
1.990874
1.991131
1.991507
1.991991
1.992567
1.993226
1.993949
1.994725
1.995538
1.996376
1.997224
1.998071
1.998902
1.999710
2.000480
2.001208
2.001882
2.002498
2.003048
2.003531
2.003941
2.004278
2.004541
2.004730
2.004847
2.004894
2.004875
2.004794
2.004654
2.004463
2.004225
2.003947
2.003634
2.003294
2.002932
2.002556
2.002169
2.001782
2.001396
2.001019
2.000653
2.000306
1.999979
1.999676
1.999399
1.999153
1.998935
1.998750
1.998595
1.998473
1.998380
1.998319
1.998286
1.998280
1.998298
1.998339
1.998399
1.998478
1.998570
1.998675
1.998787
1.998907
1.999029
1.999153
1.999274
1.999394
1.999506
1.999612
1.999709
1.999797
1.999873
1.999940
1.999995
2.000040
2.000073
2.000098
2.000112
2.000122
2.000124
2.000124
2.000122
2.000112
