1.999955
1.999938
1.999931
1.999931
1.999938
1.999955
1.999983
2.000023
2.000074
2.000139
2.000217
2.000308
2.000412
2.000527
2.000654
2.000790
2.000934
2.001084
2.001238
2.001394
2.001548
2.001699
2.001843
2.001977
2.002098
2.002204
2.002290
2.002354
2.002394
2.002406
2.002388
2.002339
2.002256
2.002139
2.001986
2.001799
2.001575
2.001319
2.001029
2.000709
2.000361
1.999990
1.999598
1.999191
1.998774
1.998353
1.997933
1.997521
1.997125
1.996751
1.996406
1.996099
1.995835
1.995622
1.995467
1.995376
1.995353
1.995405
1.995536
1.995748
1.996043
1.996424
1.996889
1.997437
1.998065
1.998769
1.999543
2.000381
2.001273
2.002210
2.003181
2.004174
2.005174
2.006168
2.007141
2.008077
2.008960
2.009775
2.010504
2.011133
2.011646
2.012030
2.012270
2.012356
2.012277
2.012026
2.011596
2.010984
2.010189
2.009212
2.008058
2.006735
2.005252
2.003623
2.001864
1.999995
1.998036
1.996012
1.993950
1.991879
1.989829
1.987832
1.985921
1.984130
1.982492
1.981040
1.979807
1.978825
1.978122
1.977725
1.977657
1.977939
1.978587
1.979612
1.981020
1.982814
1.984987
1.987530
1.990425
1.993650
1.997175
2.000965
2.004977
2.009166
2.013477
2.017856
2.022238
2.026562
2.030758
2.034760
2.038497
2.041902
2.044907
2.047448
2.049465
2.050903
2.051712
2.051850
2.051283
2.049987
2.047945
2.045153
2.041616
2.037352
2.032387
2.026764
2.020532
2.013754
2.006503
1.998862
1.990923
1.982787
1.974563
1.966365
1.958312
1.950529
1.943140
1.936271
1.930049
1.924595
1.920026
1.916456
1.913986
1.912711
1.912710
1.914052
1.916785
1.920945
1.926544
1.933576
1.942011
1.951796
1.962856
1.975089
1.988371
2.002556
2.017474
2.032934
2.048730
2.064638
2.080422
2.095837
2.110634
2.124561
2.137371
2.148823
2.158690
2.166758
2.172835
2.176753
2.178372
2.177581
2.174303
2.168498
2.160159
2.149321
2.136055
2.120469
2.102709
2.082958
2.061428
2.038365
2.014042
1.988755
1.962822
1.936577
1.910367
1.884548
1.859483
1.835534
1.813062
1.792427
1.773975
1.758046
1.744963
1.735032
1.728535
1.725731
1.726843
1.732060
1.741521
1.755318
1.773478
1.795967
1.822673
1.853410
1.887910
1.925824
1.966721
2.010095
2.055367
2.101900
2.148999
2.195934
2.241944
2.286257
2.328102
2.366723
2.401396
2.431443
2.456242
2.475245
2.487985
2.494092
2.493293
2.485427
2.470445
2.448415
2.419522
2.384064
2.342453
2.295204
2.242928
2.186320
2.126147
2.063233
1.998439
1.932651
1.866759
1.801637
1.738133
1.677047
1.619127
1.565060
1.515469
1.470919
1.431927
1.398976
1.372528
1.353049
1.341011
1.336906
1.341239
1.354507
1.377174
1.409625
1.452122
1.504754
1.567398
1.639690
1.721004
1.810458
1.906918
2.009030
2.115245
2.223858
2.333047
2.440915
2.545532
2.644973
2.737361
2.820906
2.893938
2.954943
3.002596
3.035788
3.053651
3.055582
3.041256
3.010645
2.964021
2.901962
2.825345
2.735343
2.633404
2.521232
2.400753
2.274081
2.143470
2.011258
1.879803
1.751410
1.628248
1.512264
1.405098
1.307997
1.221759
1.146699
1.082665
1.029100
0.985160
0.949876
0.922325
0.901820
0.888061
0.881266
0.882241
0.892385
0.913607
0.948139
0.998258
1.065966
1.152674
1.258988
1.384608
1.528346
1.688225
1.861608
2.045344
2.235905
2.429510
2.622241
2.810138
2.989296
3.155944
3.306527
3.437776
3.546770
3.631001
3.688425
3.717509
3.717268
3.687301
3.627809
3.539611
3.424150
3.283480
3.120256
2.937700
2.739563
2.530062
2.313814
2.095737
1.880934
1.674538
1.481514
1.306409
1.153028
1.024059
0.920689
0.842328
0.786600
0.749706
0.727102
0.714214
0.706998
0.702232
0.697614
0.691752
0.684142
0.675186
0.666278
0.659957
0.660076
0.671855
0.701614
0.755981
0.840646
0.959159
1.112373
1.298617
1.514239
1.754194
2.012539
2.282791
2.558208
2.831996
3.097485
3.348272
3.578346
3.782208
3.954968
4.092437
4.191207
4.248721
4.263323
4.234306
4.161942
4.047492
3.893210
3.702329
3.479028
3.228388
2.956327
2.669519
2.375288
2.081479
1.796284
1.528016
1.284779
1.073983
0.901610
0.771163
0.682459
0.630927
0.608427
0.605550
0.613823
0.626757
0.639902
0.650445
0.656739
0.657920
0.653643
0.643982
0.629452
0.611208
0.591402
0.573726
0.564062
0.570971
0.605310
0.678149
0.797376
0.965518
1.180155
1.435447
1.723548
2.035541
2.362044
2.693584
3.020889
3.335080
3.627861
3.891652
4.119732
4.306337
4.446771
4.537467
4.576067
4.561453
4.493784
4.374493
4.206295
3.993135
3.740163
3.453651
3.140921
2.810222
2.470625
2.131842
1.804051
1.497619
1.222741
0.988826
0.803518
0.671048
0.590124
0.552704
0.546177
0.557877
0.577941
0.599826
0.619642
0.635300
0.645794
0.650704
0.649896
0.643374
0.631291
0.614093
0.592852
0.569774
0.548977
0.537388
0.545439
0.586400
0.673137
0.813313
1.007546
1.250989
1.535535
1.851421
2.188166
2.535144
2.881939
3.218605
3.535857
3.825238
4.079245
4.291453
4.456595
4.570648
4.630880
4.635891
4.585623
4.481368
4.325731
4.122602
3.877086
3.595433
3.284930
2.953800
2.611054
2.266344
1.929764
1.611625
1.322120
1.070844
0.865997
0.713073
0.612913
0.559965
0.542955
0.548913
0.566856
0.589067
0.610724
0.629079
0.642689
0.650870
0.653351
0.650106
0.641344
0.627633
0.610194
0.591358
0.575196
0.568215
0.579745
0.621203
0.703480
0.833353
1.011839
1.235129
1.496313
1.786796
2.097214
2.418003
2.739761
3.053504
3.350850
3.624166
3.866684
4.072601
4.237148
4.356650
4.428563
4.451500
4.425225
4.350654
4.229812
4.065798
3.862716
3.625610
3.360361
3.073599
2.772571
2.465019
2.159020
1.862814
1.584576
1.332131
1.112531
0.931456
0.792338
0.695316
0.636496
0.608435
0.602078
0.608922
0.622225
0.637212
0.650774
0.661071
0.667189
0.668945
0.666825
0.662046
0.656731
0.654144
0.658901
0.676972
0.715218
0.780314
0.877297
1.008467
1.173160
1.368224
1.588743
1.828718
2.081575
2.340544
2.598925
2.850284
3.088599
3.308379
3.504748
3.673517
3.811236
3.915232
3.983628
4.015358
4.010161
3.968565
3.891861
3.782066
3.641874
3.474597
3.284099
3.074720
2.851194
2.618552
2.382023
2.146923
1.918521
1.701896
1.501758
1.322232
1.166598
1.036992
0.934115
0.857042
0.803271
0.769097
0.750240
0.742517
0.742361
0.747105
0.755079
0.765604
0.778916
0.796085
0.818889
0.849644
0.890964
0.945445
1.015312
1.102094
1.206400
1.327841
1.465075
1.615947
1.777673
1.947026
2.120514
2.294530
2.465484
2.629901
2.784519
2.926350
3.052741
3.161416
3.250507
3.318578
3.364640
3.388151
3.389015
3.367573
3.324581
3.261190
3.178913
3.079592
2.965356
2.838580
2.701830
2.557817
2.409339
2.259219
2.110247
1.965110
1.826325
1.696167
1.576597
1.469196
1.375104
1.294992
1.229047
1.177013
1.138271
1.111947
1.097050
1.092596
1.097718
1.111726
1.134129
1.164621
1.203030
1.249252
1.303180
1.364632
1.433299
1.508700
1.590164
1.676825
1.767640
1.861408
1.956807
2.052429
2.146823
2.238535
2.326141
2.408285
2.483712
2.551290
2.610034
2.659124
2.697920
2.725969
2.743011
2.748980
2.744002
2.728386
2.702619
2.667352
2.623381
2.571637
2.513160
2.449079
2.380593
2.308940
2.235380
2.161162
2.087505
2.015571
1.946441
1.881096
1.820398
1.765076
1.715718
1.672765
1.636515
1.607125
1.584632
1.568960
1.559941
1.557332
1.560834
1.570099
1.584749
1.604377
1.628557
1.656839
1.688757
1.723823
1.761533
1.801362
1.842772
1.885209
1.928114
1.970926
2.013089
2.054057
2.093310
2.130352
2.164726
2.196017
2.223864
2.247957
2.268051
2.283963
2.295579
2.302847
2.305789
2.304487
2.299091
2.289807
2.276897
2.260672
2.241485
2.219725
2.195809
2.170171
2.143260
2.115527
2.087418
2.059367
2.031789
2.005071
1.979572
1.955609
1.933466
1.913377
1.895537
1.880093
1.867150
1.856767
1.848964
1.843724
1.840992
1.840682
1.842682
1.846852
1.853033
1.861046
1.870700
1.881790
1.894104
1.907423
1.921526
1.936190
1.951195
1.966325
1.981371
1.996132
2.010421
2.024059
2.036889
2.048763
2.059558
2.069165
2.077498
2.084491
2.090101
2.094301
2.097092
2.098488
2.098528
2.097266
2.094774
2.091138
2.086459
2.080846
2.074422
2.067311
2.059646
2.051560
2.043188
2.034662
2.026111
2.017655
2.009413
2.001489
1.993982
1.986975
1.980544
1.974750
1.969643
1.965259
1.961625
1.958750
1.956639
1.955279
1.954651
1.954726
1.955467
1.956828
1.958759
1.961202
1.964098
1.967382
1.970990
1.974852
1.978905
1.983079
1.987312
1.991540
1.995706
1.999753
2.003631
2.007293
2.010699
2.013814
2.016609
2.019058
2.021146
2.022861
2.024196
2.025152
2.025734
2.025952
2.025822
2.025361
2.024594
2.023545
2.022245
2.020724
2.019015
2.017150
2.015166
2.013093
2.010969
2.008822
2.006687
2.004591
2.002562
2.000623
1.998799
1.997107
1.995564
1.994183
1.992975
1.991946
1.991101
1.990441
1.989966
1.989669
1.989548
1.989591
1.989790
1.990131
1.990604
1.991191
1.991881
1.992654
1.993498
1.994393
1.995327
1.996281
1.997244
1.998198
1.999132
2.000032
2.000890
2.001692
2.002434
2.003106
2.003704
2.004221
2.004658
2.005010
2.005279
2.005465
2.005570
2.005597
2.005551
2.005436
2.005258
2.005022
2.004737
2.004407
2.004042
2.003647
2.003230
2.002798
2.002360
2.001918
2.001483
2.001057
2.000648
2.000258
1.999894
1.999556
1.999251
1.998977
1.998738
1.998534
1.998367
1.998233
1.998136
1.998071
1.998038
1.998035
1.998059
1.998108
1.998179
1.998268
1.998375
1.998492
1.998621
1.998755
1.998894
1.999033
1.999172
1.999305
1.999433
1.999552
1.999663
1.999762
1.999851
1.999926
1.999990
2.000040
2.000080
2.000106
2.000123
2.000130
2.000130
2.000123
2.000106
