1.999937
1.999935
1.999936
1.999936
1.999935
1.999937
1.999943
1.999955
1.999974
2.000002
2.000039
2.000086
2.000143
2.000211
2.000289
2.000376
2.000472
2.000576
2.000686
2.000801
2.000918
2.001037
2.001154
2.001269
2.001377
2.001477
2.001565
2.001641
2.001701
2.001743
2.001764
2.001764
2.001739
2.001690
2.001614
2.001512
2.001381
2.001224
2.001040
2.000831
2.000597
2.000342
2.000066
1.999774
1.999469
1.999155
1.998835
1.998516
1.998201
1.997896
1.997605
1.997336
1.997093
1.996882
1.996707
1.996576
1.996490
1.996457
1.996479
1.996560
1.996702
1.996907
1.997176
1.997510
1.997907
1.998366
1.998882
1.999454
2.000074
2.000738
2.001437
2.002165
2.002910
2.003664
2.004416
2.005154
2.005866
2.006542
2.007166
2.007730
2.008219
2.008622
2.008929
2.009129
2.009213
2.009174
2.009005
2.008701
2.008260
2.007679
2.006961
2.006108
2.005125
2.004020
2.002803
2.001486
2.000082
1.998609
1.997083
1.995526
1.993959
1.992405
1.990887
1.989431
1.988061
1.986805
1.985685
1.984729
1.983958
1.983396
1.983061
1.982975
1.983150
1.983601
1.984336
1.985361
1.986677
1.988281
1.990166
1.992321
1.994727
1.997363
2.000203
2.003217
2.006367
2.009616
2.012918
2.016230
2.019500
2.022678
2.025712
2.028550
2.031137
2.033424
2.035361
2.036901
2.038003
2.038629
2.038745
2.038327
2.037355
2.035818
2.033711
2.031040
2.027818
2.024066
2.019815
2.015105
2.009982
2.004504
1.998732
1.992737
1.986594
1.980386
1.974198
1.968120
1.962245
1.956666
1.951477
1.946772
1.942642
1.939176
1.936456
1.934562
1.933561
1.933518
1.934481
1.936493
1.939579
1.943752
1.949009
1.955331
1.962681
1.971004
1.980227
1.990258
2.000985
2.012283
2.024006
2.035997
2.048082
2.060081
2.071804
2.083056
2.093642
2.103369
2.112048
2.119503
2.125567
2.130091
2.132947
2.134028
2.133251
2.130563
2.125935
2.119371
2.110903
2.100596
2.088540
2.074857
2.059692
2.043216
2.025623
2.007124
1.987947
1.968335
1.948538
1.928815
1.909428
1.890644
1.872725
1.855934
1.840528
1.826757
1.814867
1.805090
1.797650
1.792757
1.790605
1.791366
1.795191
1.802199
1.812475
1.826063
1.842959
1.863105
1.886385
1.912618
1.941557
1.972889
2.006233
2.041149
2.077135
2.113645
2.150090
2.185856
2.220312
2.252823
2.282769
2.309554
2.332618
2.351458
2.365629
2.374763
2.378573
2.376866
2.369538
2.356590
2.338119
2.314321
2.285486
2.251995
2.214308
2.172955
2.128526
2.081655
2.033006
1.983259
1.933093
1.883173
1.834135
1.786578
1.741054
1.698064
1.658058
1.621442
1.588580
1.559814
1.535468
1.515873
1.501372
1.492337
1.489170
1.492297
1.502162
1.519200
1.543804
1.576289
1.616850
1.665517
1.722124
1.786282
1.857366
1.934513
2.016639
2.102460
2.190524
2.279251
2.366972
2.451975
2.532549
2.607024
2.673814
2.731454
2.778636
2.814240
2.837361
2.847335
2.843752
2.826474
2.795642
2.751676
2.695272
2.627392
2.549247
2.462267
2.368077
2.268451
2.165265
2.060446
1.955910
1.853494
1.754894
1.661593
1.574809
1.495443
1.424057
1.360869
1.305784
1.258447
1.218326
1.184810
1.157317
1.135400
1.118844
1.107752
1.102606
1.104293
1.114098
1.133635
1.164725
1.209203
1.268697
1.344395
1.436854
1.545885
1.670515
1.809034
1.959086
2.117795
2.281894
2.447857
2.612019
2.770687
2.920242
3.057228
3.178434
3.280968
3.362324
3.420436
3.453728
3.461156
3.442238
3.397079
3.326377
3.231430
3.114123
2.976903
2.822746
2.655104
2.477834
2.295111
2.111316
1.930895
1.758189
1.597232
1.451510
1.323707
1.215471
1.127232
1.058169
1.006348
0.969023
0.943050
0.925271
0.912833
0.903370
0.895110
0.886905
0.878257
0.869357
0.861144
0.855409
0.854890
0.863312
0.885282
0.925905
0.990114
1.081820
1.203187
1.354292
1.533198
1.736305
1.958772
2.194927
2.438602
2.683412
2.922970
3.151069
3.361839
3.549872
3.710339
3.839090
3.932733
3.988712
4.005362
3.981951
3.918710
3.816849
3.678553
3.506963
3.306144
3.081026
2.837330
2.581471
2.320424
2.061557
1.812408
1.580385
1.372351
1.194075
1.049538
0.940189
0.864456
0.817892
0.794146
0.786358
0.788311
0.795030
0.802881
0.809391
0.812993
0.812781
0.808345
0.799695
0.787291
0.772184
0.756269
0.742639
0.735980
0.742824
0.771336
0.830253
0.926958
1.065582
1.246234
1.465452
1.717199
1.993816
2.286760
2.587120
2.885991
3.174751
3.445272
3.690097
3.902584
4.077030
4.208772
4.294271
4.331177
4.318373
4.256007
4.145496
3.989517
3.791975
3.557951
3.293631
3.006208
2.703765
2.395118
2.089626
1.796929
1.526597
1.287610
1.087596
0.931743
0.821479
0.753502
0.720174
0.711663
0.718492
0.733071
0.750045
0.765987
0.778876
0.787619
0.791683
0.790857
0.785137
0.774731
0.760184
0.742627
0.724172
0.708425
0.701036
0.710041
0.745436
0.817456
0.933783
1.097382
1.306303
1.554835
1.834893
2.137110
2.451582
2.768368
3.077836
3.370918
3.639303
3.875597
4.073445
4.227634
4.334177
4.390366
4.394811
4.347461
4.249596
4.103808
3.913956
3.685103
3.423430
3.136138
2.831313
2.517779
2.204903
1.902363
1.619825
1.366502
1.150497
0.977857
0.851325
0.769170
0.725009
0.709414
0.712521
0.725985
0.743674
0.761518
0.777026
0.788788
0.796086
0.798631
0.796428
0.789764
0.779308
0.766326
0.752998
0.742827
0.741018
0.754624
0.792088
0.861854
0.970317
1.120188
1.310159
1.535634
1.789794
2.064534
2.351158
2.640860
2.925069
3.195695
3.445315
3.667315
3.856005
4.006700
4.115788
4.180772
4.200296
4.174147
4.103245
3.989617
3.836345
3.647504
3.428088
3.183906
2.921479
2.647899
2.370682
2.097580
1.836350
1.594469
1.378738
1.194772
1.046351
0.934712
0.858080
0.811814
0.789383
0.783775
0.788665
0.799012
0.811152
0.822635
0.831990
0.838514
0.842139
0.843384
0.843381
0.843958
0.847754
0.858284
0.879888
0.917437
0.975759
1.058851
1.169130
1.307001
1.470844
1.657322
1.861819
2.078899
2.302678
2.527143
2.746388
2.954800
3.147205
3.318979
3.466131
3.585373
3.674158
3.730716
3.754064
3.744006
3.701120
3.626733
3.522879
3.392253
3.238147
3.064383
2.875223
2.675285
2.469431
2.262645
2.059901
1.866000
1.685382
1.521917
1.378663
1.257630
1.159583
1.083958
1.028952
0.991818
0.969299
0.958089
0.955205
0.958234
0.965445
0.975809
0.988969
1.005180
1.025231
1.050353
1.082100
1.122200
1.172372
1.234121
1.308544
1.396169
1.496857
1.609770
1.733418
1.865748
2.004265
2.146164
2.288463
2.428121
2.562148
2.687697
2.802139
2.903130
2.988658
3.057085
3.107172
3.138095
3.149455
3.141275
3.113991
3.068436
3.005812
2.927662
2.835831
2.732421
2.619745
2.500270
2.376556
2.251196
2.126740
2.005629
1.890115
1.782192
1.683523
1.595385
1.518631
1.453677
1.400523
1.358807
1.327887
1.306946
1.295088
1.291442
1.295225
1.305795
1.322667
1.345506
1.374105
1.408344
1.448143
1.493417
1.544024
1.599735
1.660194
1.724908
1.793233
1.864386
1.937455
2.011421
2.085187
2.157611
2.227535
2.293821
2.355379
2.411198
2.460373
2.502121
2.535805
2.560944
2.577222
2.584497
2.582796
2.572319
2.553426
2.526632
2.492589
2.452075
2.405972
2.355244
2.300916
2.244049
2.185717
2.126977
2.068850
2.012292
1.958179
1.907285
1.860269
1.817667
1.779888
1.747217
1.719817
1.697747
1.680970
1.669372
1.662778
1.660968
1.663686
1.670657
1.681588
1.696181
1.714122
1.735097
1.758776
1.784822
1.812883
1.842594
1.873576
1.905435
1.937768
1.970165
2.002209
2.033489
2.063604
2.092164
2.118805
2.143191
2.165020
2.184034
2.200016
2.212805
2.222286
2.228404
2.231156
2.230596
2.226827
2.220008
2.210338
2.198062
2.183458
2.166836
2.148527
2.128879
2.108249
2.086995
2.065470
2.044014
2.022952
2.002583
1.983181
1.964989
1.948215
1.933033
1.919584
1.907970
1.898262
1.890496
1.884681
1.880795
1.878792
1.878604
1.880141
1.883300
1.887959
1.893987
1.901241
1.909570
1.918818
1.928825
1.939426
1.950459
1.961759
1.973166
1.984523
1.995681
2.006497
2.016837
2.026577
2.035608
2.043830
2.051161
2.057532
2.062891
2.067199
2.070439
2.072604
2.073708
2.073775
2.072849
2.070982
2.068242
2.064705
2.060455
2.055586
2.050195
2.044384
2.038256
2.031913
2.025458
2.018989
2.012600
2.006378
2.000404
1.994751
1.989484
1.984658
1.980319
1.976503
1.973237
1.970539
1.968416
1.966869
1.965890
1.965461
1.965561
1.966160
1.967225
1.968716
1.970590
1.972801
1.975303
1.978043
1.980974
1.984044
1.987203
1.990403
1.993597
1.996740
1.999791
2.002712
2.005469
2.008029
2.010368
2.012462
2.014295
2.015853
2.017128
2.018114
2.018814
2.019230
2.019372
2.019250
2.018880
2.018278
2.017467
2.016466
2.015301
2.013995
2.012577
2.011069
2.009499
2.007892
2.006274
2.004665
2.003091
2.001570
2.000121
1.998760
1.997503
1.996359
1.995341
1.994454
1.993704
1.993093
1.992623
1.992291
1.992095
1.992029
1.992088
1.992261
1.992542
1.992919
1.993382
1.993918
1.994517
1.995164
1.995851
1.996562
1.997288
1.998015
1.998736
1.999438
2.000114
2.000754
2.001353
2.001902
2.002399
2.002837
2.003215
2.003529
2.003782
2.003969
2.004095
2.004159
2.004165
2.004116
2.004016
2.003868
2.003680
2.003454
2.003197
2.002913
2.002610
2.002290
2.001963
2.001629
2.001298
2.000971
2.000655
2.000350
2.000065
1.999797
1.999554
1.999333
1.999139
1.998972
1.998832
1.998719
1.998635
1.998575
1.998542
1.998531
1.998544
1.998576
1.998627
1.998691
1.998771
1.998860
1.998958
1.999061
1.999169
1.999276
1.999383
1.999486
1.999585
1.999677
1.999763
1.999838
1.999906
1.999962
2.000010
2.000046
2.000075
2.000094
2.000107
2.000112
2.000115
2.000114
2.000114
2.000115
2.000112
