1.999949
1.999936
1.999930
1.999930
1.999936
1.999949
1.999972
2.000005
2.000049
2.000105
2.000173
2.000255
2.000347
2.000453
2.000568
2.000694
2.000827
2.000968
2.001113
2.001261
2.001408
2.001553
2.001693
2.001824
2.001944
2.002051
2.002139
2.002208
2.002254
2.002275
2.002268
2.002231
2.002163
2.002062
2.001927
2.001760
2.001557
2.001323
2.001056
2.000760
2.000436
2.000089
1.999721
1.999337
1.998942
1.998541
1.998139
1.997744
1.997361
1.996998
1.996660
1.996356
1.996091
1.995874
1.995709
1.995603
1.995562
1.995591
1.995693
1.995873
1.996132
1.996471
1.996891
1.997392
1.997969
1.998620
1.999339
2.000121
2.000957
2.001839
2.002756
2.003697
2.004648
2.005598
2.006531
2.007434
2.008289
2.009084
2.009801
2.010427
2.010945
2.011343
2.011608
2.011729
2.011694
2.011498
2.011131
2.010593
2.009879
2.008992
2.007935
2.006714
2.005338
2.003819
2.002172
2.000416
1.998568
1.996653
1.994694
1.992720
1.990759
1.988840
1.986996
1.985257
1.983656
1.982225
1.980995
1.979997
1.979257
1.978804
1.978658
1.978842
1.979370
1.980256
1.981506
1.983123
1.985104
1.987440
1.990116
1.993113
1.996403
1.999954
2.003728
2.007681
2.011764
2.015924
2.020102
2.024239
2.028270
2.032131
2.035755
2.039077
2.042032
2.044559
2.046599
2.048097
2.049007
2.049285
2.048897
2.047819
2.046032
2.043530
2.040316
2.036404
2.031818
2.026595
2.020781
2.014433
2.007619
2.000415
1.992908
1.985192
1.977369
1.969546
1.961837
1.954358
1.947227
1.940565
1.934491
1.929123
1.924572
1.920948
1.918349
1.916867
1.916582
1.917562
1.919857
1.923505
1.928522
1.934909
1.942641
1.951674
1.961942
1.973355
1.985798
1.999138
2.013217
2.027859
2.042867
2.058032
2.073131
2.087930
2.102191
2.115673
2.128138
2.139353
2.149095
2.157160
2.163356
2.167520
2.169509
2.169214
2.166555
2.161486
2.153997
2.144113
2.131897
2.117447
2.100897
2.082416
2.062202
2.040486
2.017523
1.993592
1.968992
1.944039
1.919058
1.894387
1.870366
1.847341
1.825651
1.805636
1.787626
1.771943
1.758896
1.748779
1.741864
1.738404
1.738621
1.742702
1.750798
1.763008
1.779380
1.799900
1.824484
1.852978
1.885147
1.920679
1.959183
2.000191
2.043165
2.087503
2.132548
2.177600
2.221929
2.264790
2.305433
2.343121
2.377145
2.406838
2.431585
2.450844
2.464147
2.471120
2.471486
2.465073
2.451821
2.431783
2.405123
2.372122
2.333165
2.288741
2.239431
2.185898
2.128875
2.069147
2.007538
1.944893
1.882059
1.819869
1.759126
1.700592
1.644973
1.592917
1.545010
1.501786
1.463728
1.431290
1.404909
1.385023
1.372084
1.366564
1.368956
1.379757
1.399441
1.428423
1.467010
1.515357
1.573422
1.640931
1.717358
1.801917
1.893572
1.991055
2.092894
2.197451
2.302961
2.407573
2.509391
2.606519
2.697099
2.779354
2.851621
2.912389
2.960329
2.994327
3.013505
3.017244
3.005205
2.977336
2.933887
2.875406
2.802740
2.717023
2.619662
2.512313
2.396849
2.275323
2.149923
2.022910
1.896560
1.773090
1.654577
1.542875
1.439535
1.345733
1.262212
1.189264
1.126744
1.074138
1.030672
0.995455
0.967644
0.946603
0.932053
0.924186
0.923739
0.932003
0.950759
0.982124
1.028309
1.091314
1.172634
1.273019
1.392355
1.529648
1.683097
1.850220
2.027989
2.212973
2.401463
2.589595
2.773447
2.949141
3.112925
3.261254
3.390865
3.498839
3.582667
3.640300
3.670196
3.671362
3.643384
3.586448
3.501356
3.389526
3.252989
3.094369
2.916850
2.724136
2.520391
2.310161
2.098277
1.889735
1.689532
1.502467
1.332888
1.184376
1.059393
0.958943
0.882352
0.827305
0.790213
0.766824
0.752863
0.744533
0.738784
0.733412
0.727067
0.719245
0.710302
0.701547
0.695374
0.695414
0.706586
0.734865
0.786588
0.867339
0.980802
1.128133
1.308006
1.517075
1.750536
2.002617
2.266956
2.536894
2.805696
3.066730
3.313620
3.540375
3.741508
3.912137
4.048079
4.145929
4.203129
4.218022
4.189899
4.119026
4.006658
3.855039
3.667391
3.447877
3.201559
2.934327
2.652820
2.364313
2.076584
1.797727
1.535918
1.299062
1.094289
0.927207
0.800892
0.714811
0.664336
0.641655
0.637881
0.645002
0.656825
0.669042
0.678890
0.684725
0.685664
0.681346
0.671835
0.657644
0.639920
0.620784
0.603830
0.594725
0.601628
0.634849
0.705006
0.819967
0.982655
1.191158
1.440060
1.721810
2.027683
2.348419
2.674628
2.997087
3.306952
3.595951
3.856521
4.081950
4.266485
4.405431
4.495227
4.533516
4.519180
4.452377
4.334539
4.168372
3.957821
3.708025
3.425245
3.116784
2.790873
2.456544
2.123464
1.801734
1.501607
1.233091
1.005312
0.825482
0.697278
0.618925
0.582358
0.575506
0.586353
0.605482
0.626563
0.645773
0.661017
0.671258
0.676048
0.675233
0.668818
0.656969
0.640161
0.619491
0.597166
0.577230
0.566381
0.574578
0.614424
0.698285
0.833936
1.022534
1.259782
1.537987
1.847648
2.178452
2.519875
2.861568
3.193628
3.506800
3.792644
4.043675
4.253473
4.416781
4.529580
4.589141
4.594065
4.544296
4.441123
4.287150
4.086262
3.843560
3.565282
3.258707
2.932038
2.594260
2.254987
1.924255
1.612283
1.329118
1.084126
0.885145
0.737161
0.640466
0.589234
0.572510
0.577954
0.595111
0.616561
0.637607
0.655526
0.668867
0.676928
0.679428
0.676349
0.667915
0.654723
0.638015
0.620112
0.604995
0.598931
0.610794
0.651395
0.731154
0.856866
1.029971
1.247166
1.501958
1.786046
2.090260
2.405164
2.721442
3.030167
3.322996
3.592324
3.831405
4.034450
4.196700
4.314488
4.385279
4.407685
4.381477
4.307569
4.187987
4.025827
3.825189
3.591109
3.329461
3.046858
2.750526
2.448175
2.147839
1.857687
1.585793
1.339827
1.126612
0.951501
0.817514
0.724372
0.667958
0.640958
0.634714
0.641166
0.653908
0.668371
0.681564
0.691702
0.697906
0.700014
0.698521
0.694637
0.690441
0.689084
0.694971
0.713737
0.751830
0.815552
0.909762
1.036848
1.196413
1.385631
1.599894
1.833448
2.079911
2.332658
2.585092
2.830860
3.064001
3.279068
3.471221
3.636300
3.770878
3.872296
3.938696
3.969022
3.963021
3.921228
3.844941
3.736178
3.597634
3.432618
3.244989
3.039079
2.819603
2.591573
2.360183
2.130702
1.908334
1.698064
1.504474
1.331518
1.182261
1.058583
0.960924
0.888150
0.837659
0.805794
0.788451
0.781685
0.782168
0.787429
0.795938
0.807084
0.821113
0.839035
0.862514
0.893702
0.935021
0.988877
1.057344
1.141868
1.243058
1.360590
1.493240
1.638994
1.795216
1.958820
2.126444
2.294592
2.459769
2.618585
2.767847
2.904627
3.026322
3.130700
3.215930
3.280610
3.323776
3.344910
3.343938
3.321217
3.277517
3.214000
3.132187
3.033924
2.921342
2.796809
2.662883
2.522259
2.377708
2.232020
2.087939
1.948088
1.814908
1.690578
1.576945
1.475459
1.387124
1.312469
1.251555
1.204023
1.169184
1.146133
1.133880
1.131469
1.138065
1.153017
1.175862
1.206311
1.244202
1.289436
1.341908
1.401445
1.467756
1.540386
1.618701
1.701883
1.788942
1.878734
1.969997
2.061386
2.151508
2.238964
2.322386
2.400468
2.471998
2.535888
2.591190
2.637118
2.673063
2.698596
2.713483
2.717676
2.711316
2.694726
2.668402
2.632998
2.589314
2.538276
2.480916
2.418353
2.351766
2.282370
2.211396
2.140057
2.069531
2.000930
1.935282
1.873509
1.816412
1.764654
1.718760
1.679108
1.645940
1.619365
1.599377
1.585868
1.578650
1.577466
1.582012
1.591948
1.606904
1.626490
1.650298
1.677902
1.708861
1.742715
1.778988
1.817184
1.856795
1.897299
1.938168
1.978869
2.018876
2.057674
2.094768
2.129689
2.162006
2.191328
2.217312
2.239670
2.258175
2.272657
2.283015
2.289211
2.291273
2.289291
2.283418
2.273861
2.260882
2.244788
2.225927
2.204677
2.181447
2.156658
2.130743
2.104135
2.077263
2.050539
2.024357
1.999081
1.975047
1.952551
1.931852
1.913165
1.896663
1.882476
1.870691
1.861356
1.854479
1.850033
1.847958
1.848166
1.850542
1.854948
1.861231
1.869215
1.878717
1.889541
1.901484
1.914338
1.927893
1.941937
1.956264
1.970669
1.984955
1.998934
2.012428
2.025272
2.037317
2.048428
2.058489
2.067400
2.075083
2.081478
2.086548
2.090272
2.092653
2.093710
2.093483
2.092026
2.089411
2.085724
2.081064
2.075536
2.069260
2.062356
2.054952
2.047175
2.039154
2.031014
2.022878
2.014859
2.007068
1.999603
1.992556
1.986003
1.980015
1.974647
1.969943
1.965935
1.962644
1.960079
1.958240
1.957113
1.956678
1.956904
1.957754
1.959184
1.961145
1.963579
1.966432
1.969638
1.973138
1.976866
1.980760
1.984755
1.988792
1.992810
1.996757
2.000579
2.004229
2.007664
2.010847
2.013744
2.016332
2.018585
2.020492
2.022040
2.023227
2.024052
2.024523
2.024650
2.024448
2.023937
2.023140
2.022080
2.020789
2.019293
2.017626
2.015819
2.013906
2.011917
2.009886
2.007842
2.005816
2.003833
2.001921
2.000101
1.998394
1.996818
1.995388
1.994114
1.993008
1.992074
1.991316
1.990734
1.990327
1.990089
1.990016
1.990097
1.990325
1.990685
1.991166
1.991754
1.992434
1.993190
1.994010
1.994874
1.995772
1.996685
1.997601
1.998506
1.999390
2.000238
2.001042
2.001792
2.002482
2.003103
2.003653
2.004125
2.004519
2.004833
2.005068
2.005223
2.005303
2.005308
2.005246
2.005118
2.004933
2.004694
2.004410
2.004086
2.003729
2.003346
2.002945
2.002531
2.002112
2.001692
2.001281
2.000879
2.000495
2.000131
1.999792
1.999480
1.999199
1.998949
1.998733
1.998550
1.998402
1.998286
1.998205
1.998153
1.998133
1.998139
1.998172
1.998226
1.998301
1.998392
1.998499
1.998615
1.998740
1.998870
1.999003
1.999135
1.999266
1.999390
1.999510
1.999619
1.999721
1.999810
1.999890
1.999956
2.000012
2.000055
2.000088
2.000109
2.000123
2.000128
2.000128
2.000123
2.000109
