1.999938
1.999934
1.999935
1.999935
1.999934
1.999938
1.999945
1.999959
1.999981
2.000012
2.000051
2.000102
2.000162
2.000234
2.000315
2.000407
2.000507
2.000615
2.000728
2.000847
2.000968
2.001090
2.001210
2.001327
2.001436
2.001538
2.001627
2.001703
2.001762
2.001803
2.001821
2.001818
2.001790
2.001736
2.001654
2.001546
2.001408
2.001243
2.001050
2.000832
2.000589
2.000323
2.000038
1.999736
1.999420
1.999096
1.998767
1.998438
1.998114
1.997802
1.997505
1.997231
1.996983
1.996770
1.996594
1.996463
1.996381
1.996353
1.996381
1.996471
1.996624
1.996842
1.997126
1.997477
1.997892
1.998371
1.998909
1.999503
2.000147
2.000835
2.001559
2.002311
2.003080
2.003857
2.004630
2.005389
2.006119
2.006811
2.007449
2.008022
2.008518
2.008925
2.009230
2.009426
2.009501
2.009448
2.009261
2.008935
2.008467
2.007856
2.007103
2.006211
2.005187
2.004038
2.002774
2.001409
1.999955
1.998432
1.996857
1.995252
1.993638
1.992039
1.990481
1.988988
1.987588
1.986305
1.985167
1.984198
1.983423
1.982865
1.982543
1.982478
1.982685
1.983176
1.983960
1.985044
1.986427
1.988106
1.990074
1.992318
1.994819
1.997555
2.000498
2.003616
2.006871
2.010224
2.013629
2.017038
2.020400
2.023663
2.026773
2.029675
2.032315
2.034642
2.036603
2.038153
2.039248
2.039850
2.039924
2.039447
2.038398
2.036767
2.034549
2.031751
2.028386
2.024479
2.020061
2.015173
2.009865
2.004195
1.998229
1.992038
1.985702
1.979306
1.972937
1.966690
1.960659
1.954942
1.949634
1.944833
1.940632
1.937122
1.934389
1.932512
1.931563
1.931604
1.932687
1.934853
1.938127
1.942522
1.948032
1.954637
1.962296
1.970951
1.980524
1.990919
2.002021
2.013697
2.025797
2.038157
2.050599
2.062936
2.074971
2.086505
2.097336
2.107268
2.116107
2.123673
2.129795
2.134324
2.137127
2.138097
2.137152
2.134237
2.129326
2.122426
2.113570
2.102827
2.090292
2.076090
2.060374
2.043322
2.025131
2.006023
1.986232
1.966009
1.945612
1.925310
1.905373
1.886075
1.867689
1.850485
1.834729
1.820680
1.808590
1.798699
1.791237
1.786421
1.784447
1.785492
1.789708
1.797215
1.808095
1.822388
1.840083
1.861115
1.885354
1.912607
1.942613
1.975041
2.009494
2.045511
2.082573
2.120116
2.157533
2.194192
2.229447
2.262651
2.293169
2.320396
2.343765
2.362764
2.376946
2.385939
2.389457
2.387307
2.379391
2.365712
2.346377
2.321591
2.291654
2.256959
2.217981
2.175265
2.129417
2.081088
2.030962
1.979737
1.928111
1.876767
1.826361
1.777510
1.730781
1.686693
1.645711
1.608253
1.574698
1.545397
1.520689
1.500916
1.486436
1.477632
1.474918
1.478735
1.489534
1.507754
1.533787
1.567939
1.610384
1.661127
1.719964
1.786465
1.859957
1.939529
2.024048
2.112184
2.202441
2.293200
2.382761
2.469384
2.551333
2.626921
2.694549
2.752742
2.800186
2.835761
2.858563
2.867930
2.863461
2.845029
2.812785
2.767168
2.708891
2.638939
2.558547
2.469174
2.372475
2.270260
2.164443
2.056994
1.949870
1.844954
1.743986
1.648493
1.559726
1.478619
1.405749
1.341343
1.285298
1.237242
1.196617
1.162785
1.135136
1.113203
1.096765
1.085936
1.081223
1.083557
1.094279
1.115064
1.147784
1.194308
1.256265
1.334811
1.430436
1.542861
1.671012
1.813080
1.966618
2.128669
2.295902
2.464739
2.631475
2.792388
2.943836
3.082349
3.204704
3.308007
3.389747
3.447860
3.480775
3.487454
3.467425
3.420802
3.348300
3.251234
3.131507
2.991594
2.834500
2.663711
2.483128
2.296976
2.109697
1.925810
1.749741
1.585618
1.437027
1.306757
1.196536
1.106849
1.036877
0.984632
0.947275
0.921538
0.904143
0.892132
0.883063
0.875110
0.867101
0.858535
0.849622
0.841344
0.835561
0.835114
0.843864
0.866572
0.908491
0.974647
1.068951
1.193474
1.348135
1.530826
1.737787
1.964048
2.203838
2.450918
2.698848
2.941204
3.171754
3.384609
3.574348
3.736135
3.865813
3.959989
4.016108
4.032504
4.008449
3.944182
3.840917
3.700850
3.527134
3.323850
3.095948
2.849175
2.589980
2.325383
2.062812
1.809887
1.574122
1.362520
1.181025
1.033809
0.922494
0.845594
0.798610
0.775015
0.767721
0.770309
0.777664
0.786066
0.793003
0.796892
0.796825
0.792396
0.783624
0.770977
0.755524
0.739192
0.725143
0.718182
0.725029
0.754094
0.814332
0.913216
1.054774
1.238892
1.461866
1.717457
1.997857
2.294416
2.598154
2.900118
3.191650
3.464601
3.711497
3.925686
4.101457
4.234141
4.320196
4.357271
4.344250
4.281281
4.169785
4.012443
3.813166
3.577045
3.310277
3.020074
2.714540
2.402527
2.093438
1.796985
1.522837
1.280119
1.076663
0.917907
0.805532
0.736370
0.702694
0.694410
0.701755
0.716926
0.734449
0.750838
0.764057
0.773015
0.777183
0.776357
0.770533
0.759917
0.745049
0.727063
0.708090
0.691796
0.683964
0.692851
0.728746
0.802140
0.920768
1.087424
1.299888
1.552193
1.836062
2.141992
2.459987
2.780044
3.092490
3.388227
3.658926
3.897175
4.096612
4.252016
4.359394
4.416035
4.420548
4.372881
4.274316
4.127446
3.936135
3.705450
3.441584
3.151747
2.844046
2.527328
2.210999
1.904791
1.618452
1.361317
1.141663
0.965771
0.836653
0.752786
0.707805
0.692089
0.695493
0.709429
0.727612
0.745889
0.761731
0.773718
0.781130
0.783673
0.781352
0.774446
0.763621
0.750144
0.736222
0.725419
0.723070
0.736438
0.774230
0.845123
0.955595
1.108250
1.301564
1.530709
1.788671
2.067199
2.357488
2.650657
2.938083
3.211635
3.463862
3.688131
3.878735
4.030977
4.141237
4.207011
4.226939
4.200804
4.129527
4.015133
3.860705
3.670325
3.448990
3.202522
2.937455
2.660901
2.380407
2.103767
1.838800
1.593069
1.373501
1.185874
1.034169
0.919832
0.841240
0.793779
0.770806
0.765118
0.770192
0.780829
0.793257
0.804958
0.814418
0.820912
0.824359
0.825278
0.824814
0.824829
0.828025
0.838023
0.859305
0.896919
0.955858
1.040227
1.152464
1.292906
1.459807
1.649684
1.857784
2.078545
2.305986
2.534012
2.756653
2.968247
3.163579
3.337994
3.487475
3.608713
3.699146
3.756989
3.781248
3.771719
3.728974
3.654335
3.549835
3.418167
3.262629
3.087047
2.895697
2.693210
2.484472
2.274502
2.068317
1.870778
1.686406
1.519171
1.372251
1.247792
1.146690
1.068486
1.011435
0.972785
0.949217
0.937324
0.934015
0.936776
0.943794
0.953988
0.966975
0.983008
1.002902
1.027935
1.059725
1.100074
1.150772
1.213387
1.289058
1.378327
1.481038
1.596318
1.722619
1.857825
1.999370
2.144384
2.289820
2.432580
2.569624
2.698057
2.815212
2.918711
3.006512
3.076952
3.128768
3.161121
3.173593
3.166198
3.139360
3.093905
3.031031
2.952282
2.859502
2.754803
2.640508
2.519099
2.393159
2.265311
2.138141
2.014135
1.895601
1.784594
1.682845
1.591705
1.512097
1.444504
1.388979
1.345198
1.312539
1.290185
1.277230
1.272781
1.276030
1.286312
1.303119
1.326104
1.355049
1.389828
1.430361
1.476558
1.528278
1.585281
1.647203
1.713535
1.783615
1.856637
1.931662
2.007644
2.083457
2.157930
2.229876
2.298130
2.361576
2.419179
2.470011
2.513271
2.548302
2.574609
2.591863
2.599910
2.598771
2.588638
2.569870
2.542980
2.508624
2.467584
2.420750
2.369098
2.313666
2.255535
2.195796
2.135533
2.075791
2.017556
1.961733
1.909128
1.860429
1.816205
1.776890
1.742794
1.714102
1.690888
1.673128
1.660715
1.653478
1.651194
1.653607
1.660435
1.671377
1.686124
1.704356
1.725744
1.749950
1.776624
1.805402
1.835908
1.867748
1.900518
1.933800
1.967171
2.000203
2.032471
2.063561
2.093073
2.120630
2.145885
2.168528
2.188290
2.204947
2.218330
2.228320
2.234856
2.237933
2.237600
2.233963
2.227178
2.217449
2.205021
2.190179
2.173236
2.154532
2.134421
2.113269
2.091444
2.069307
2.047212
2.025491
2.004456
1.984390
1.965547
1.948144
1.932365
1.918357
1.906230
1.896060
1.887890
1.881729
1.877558
1.875334
1.874987
1.876427
1.879548
1.884227
1.890329
1.897707
1.906207
1.915666
1.925921
1.936801
1.948139
1.959764
1.971512
1.983221
1.994736
2.005907
2.016599
2.026682
2.036041
2.044575
2.052198
2.058836
2.064435
2.068956
2.072378
2.074693
2.075915
2.076067
2.075193
2.073346
2.070595
2.067015
2.062696
2.057731
2.052221
2.046268
2.039981
2.033464
2.026823
2.020158
2.013568
2.007141
2.000963
1.995109
1.989648
1.984635
1.980120
1.976141
1.972727
1.969895
1.967657
1.966011
1.964951
1.964460
1.964517
1.965090
1.966146
1.967645
1.969543
1.971792
1.974344
1.977148
1.980152
1.983303
1.986551
1.989845
1.993137
1.996381
1.999534
2.002555
2.005410
2.008066
2.010496
2.012675
2.014587
2.016217
2.017556
2.018598
2.019345
2.019799
2.019969
2.019867
2.019508
2.018909
2.018092
2.017077
2.015892
2.014559
2.013107
2.011561
2.009949
2.008296
2.006629
2.004970
2.003344
2.001771
2.000271
1.998859
1.997554
1.996364
1.995302
1.994375
1.993589
1.992946
1.992448
1.992092
1.991877
1.991796
1.991844
1.992011
1.992290
1.992669
1.993138
1.993683
1.994294
1.994956
1.995660
1.996390
1.997137
1.997886
1.998630
1.999355
2.000054
2.000717
2.001339
2.001909
2.002427
2.002884
2.003280
2.003610
2.003877
2.004076
2.004212
2.004284
2.004297
2.004251
2.004154
2.004007
2.003817
2.003587
2.003326
2.003036
2.002726
2.002398
2.002062
2.001719
2.001377
2.001039
2.000712
2.000397
2.000101
1.999823
1.999569
1.999339
1.999136
1.998960
1.998813
1.998693
1.998603
1.998538
1.998501
1.998486
1.998497
1.998526
1.998576
1.998640
1.998720
1.998810
1.998910
1.999015
1.999124
1.999234
1.999345
1.999451
1.999554
1.999649
1.999738
1.999817
1.999888
1.999948
1.999999
2.000038
2.000070
2.000091
2.000106
2.000113
2.000117
2.000116
2.000116
2.000117
2.000113
