1.999984
1.999954
1.999939
1.999939
1.999954
1.999984
2.000030
2.000093
2.000172
2.000267
2.000377
2.000503
2.000642
2.000793
2.000954
2.001124
2.001300
2.001480
2.001661
2.001839
2.002012
2.002177
2.002329
2.002466
2.002584
2.002679
2.002749
2.002791
2.002801
2.002777
2.002717
2.002620
2.002483
2.002306
2.002090
2.001834
2.001540
2.001209
2.000844
2.000449
2.000027
1.999582
1.999120
1.998648
1.998170
1.997695
1.997229
1.996781
1.996358
1.995968
1.995620
1.995322
1.995081
1.994906
1.994802
1.994777
1.994835
1.994982
1.995221
1.995555
1.995984
1.996510
1.997129
1.997839
1.998635
1.999511
2.000459
2.001470
2.002532
2.003633
2.004760
2.005897
2.007028
2.008137
2.009206
2.010217
2.011151
2.011992
2.012720
2.013319
2.013772
2.014066
2.014186
2.014121
2.013862
2.013401
2.012735
2.011861
2.010781
2.009500
2.008025
2.006369
2.004544
2.002569
2.000466
1.998258
1.995973
1.993640
1.991292
1.988963
1.986688
1.984506
1.982454
1.980571
1.978893
1.977459
1.976303
1.975460
1.974959
1.974829
1.975092
1.975768
1.976870
1.978406
1.980379
1.982784
1.985610
1.988839
1.992446
1.996400
2.000660
2.005182
2.009912
2.014793
2.019761
2.024749
2.029683
2.034489
2.039090
2.043408
2.047365
2.050886
2.053898
2.056332
2.058123
2.059215
2.059558
2.059112
2.057844
2.055735
2.052775
2.048968
2.044329
2.038887
2.032684
2.025773
2.018222
2.010110
2.001529
1.992582
1.983380
1.974045
1.964705
1.955498
1.946561
1.938039
1.930076
1.922816
1.916399
1.910962
1.906634
1.903535
1.901773
1.901444
1.902626
1.905382
1.909750
1.915751
1.923379
1.932607
1.943377
1.955608
1.969192
1.983992
1.999848
2.016575
2.033963
2.051786
2.069795
2.087732
2.105325
2.122298
2.138370
2.153266
2.166714
2.178457
2.188250
2.195873
2.201126
2.203844
2.203887
2.201155
2.195585
2.187154
2.175879
2.161821
2.145082
2.125809
2.104186
2.080438
2.054827
2.027650
1.999231
1.969926
1.940109
1.910176
1.880535
1.851604
1.823806
1.797566
1.773303
1.751430
1.732344
1.716428
1.704042
1.695519
1.691157
1.691218
1.695916
1.705411
1.719804
1.739127
1.763337
1.792312
1.825844
1.863639
1.905315
1.950407
1.998367
2.048574
2.100342
2.152930
2.205553
2.257395
2.307624
2.355408
2.399924
2.440378
2.476016
2.506142
2.530125
2.547417
2.557562
2.560206
2.555103
2.542126
2.521268
2.492648
2.456507
2.413211
2.363243
2.307201
2.245782
2.179781
2.110066
2.037572
1.963280
1.888198
1.813342
1.739718
1.668303
1.600031
1.535773
1.476339
1.422466
1.374826
1.334033
1.300655
1.275234
1.258296
1.250364
1.251955
1.263568
1.285655
1.318583
1.362592
1.417743
1.483882
1.560612
1.647279
1.742968
1.846524
1.956565
2.071517
2.189646
2.309092
2.427912
2.544113
2.655692
2.760675
2.857152
2.943315
3.017489
3.078168
3.124042
3.154029
3.167295
3.163279
3.141708
3.102611
3.046327
2.973512
2.885131
2.782456
2.667047
2.540735
2.405593
2.263899
2.118094
1.970726
1.824388
1.681643
1.544934
1.416496
1.298242
1.191670
1.097762
1.016928
0.948997
0.893273
0.848681
0.813964
0.787928
0.769689
0.758877
0.755801
0.761508
0.777757
0.806851
0.851345
0.913657
0.995683
1.098496
1.222201
1.365940
1.527988
1.705898
1.896654
2.096808
2.302611
2.510119
2.715297
2.914102
3.102573
3.276901
3.433512
3.569122
3.680812
3.766080
3.822893
3.849736
3.845650
3.810261
3.743807
3.647150
3.521781
3.369818
3.193986
2.997597
2.784509
2.559073
2.326075
2.090647
1.858166
1.634115
1.423911
1.232658
1.064832
0.923852
0.811572
0.727798
0.670070
0.633973
0.614000
0.604591
0.600905
0.599197
0.596880
0.592455
0.585437
0.576353
0.566849
0.559894
0.560016
0.573389
0.607429
0.669627
0.765852
0.899067
1.069122
1.273326
1.507192
1.765070
2.040590
2.326984
2.617315
2.904658
3.182253
3.443633
3.682748
3.894066
4.072680
4.214389
4.315778
4.374287
4.388263
4.357008
4.280800
4.160915
3.999627
3.800194
3.566828
3.304654
3.019647
2.718562
2.408830
2.098451
1.795841
1.509640
1.248441
1.020380
0.832469
0.689520
0.592606
0.537608
0.515486
0.515157
0.526677
0.542670
0.558299
0.570657
0.578138
0.579951
0.575812
0.565816
0.550471
0.530910
0.509322
0.489621
0.478305
0.485166
0.522818
0.603698
0.735488
0.919303
1.151212
1.424227
1.729767
2.058440
2.400585
2.746538
3.086917
3.412758
3.715721
3.988181
4.223400
4.415590
4.560051
4.653200
4.692685
4.677376
4.607446
4.484323
4.310739
4.090643
3.829214
3.532737
3.208579
2.865033
2.511250
2.157045
1.812774
1.489063
1.196550
0.945352
0.744257
0.599111
0.510306
0.470197
0.464549
0.478609
0.501152
0.525053
0.546295
0.562864
0.573879
0.579032
0.578248
0.571536
0.558993
0.540963
0.518395
0.493435
0.470346
0.456691
0.464346
0.508731
0.604179
0.757663
0.968011
1.228797
1.530843
1.863741
2.216612
2.578597
2.939125
3.288161
3.616347
3.915190
4.177151
4.395790
4.565817
4.683208
4.745215
4.750444
4.698829
4.591669
4.431569
4.222435
3.969377
3.678669
3.357622
3.014502
2.658372
2.298975
1.946534
1.611573
1.304621
1.035842
0.814353
0.647060
0.536545
0.478396
0.460547
0.467993
0.488103
0.512288
0.535441
0.554785
0.568965
0.577369
0.579775
0.576143
0.566620
0.551668
0.532407
0.511137
0.492140
0.482602
0.493265
0.537505
0.627597
0.769946
0.964080
1.204668
1.483676
1.791772
2.119119
2.455859
2.792393
3.119610
3.429039
3.712986
3.964639
4.178163
4.348764
4.472753
4.547572
4.571825
4.545273
4.468829
4.344519
4.175450
3.965734
3.720430
3.445444
3.147437
2.833705
2.512060
2.190683
1.877971
1.582338
1.311979
1.074517
0.876488
0.722495
0.614003
0.548020
0.516895
0.510342
0.518453
0.533440
0.549935
0.564531
0.575255
0.581119
0.581891
0.578011
0.570693
0.562152
0.555952
0.557343
0.573355
0.612202
0.681726
0.787369
0.930954
1.110847
1.322864
1.561217
1.819239
2.089867
2.365981
2.640626
2.907181
3.159488
3.391950
3.599610
3.778219
3.924275
4.035066
4.108684
4.144039
4.140847
4.099624
4.021649
3.908935
3.764173
3.590682
3.392337
3.173502
2.938943
2.693742
2.443203
2.192747
1.947797
1.713649
1.495321
1.297359
1.123608
0.976907
0.858739
0.768896
0.705308
0.664249
0.640965
0.630534
0.628616
0.631893
0.638244
0.646743
0.657598
0.672052
0.692260
0.721091
0.761814
0.817665
0.891355
0.984642
1.098088
1.231026
1.381705
1.547506
1.725189
1.911112
2.101421
2.292200
2.479598
2.659925
2.829737
2.985892
3.125609
3.246501
3.346608
3.424412
3.478855
3.509333
3.515699
3.498249
3.457700
3.395173
3.312156
3.210474
3.092250
2.959857
2.815877
2.663047
2.504211
2.342262
2.180085
2.020500
1.866198
1.719674
1.583166
1.458583
1.347443
1.250815
1.169290
1.102969
1.051512
1.014223
0.990180
0.978381
0.977886
0.987919
1.007917
1.037526
1.076555
1.124896
1.182434
1.248963
1.324118
1.407330
1.497805
1.594531
1.696295
1.801716
1.909288
2.017424
2.124497
2.228887
2.329016
2.423388
2.510614
2.589445
2.658789
2.717730
2.765540
2.801691
2.825854
2.837903
2.837916
2.826159
2.803087
2.769325
2.725656
2.673005
2.612419
2.545046
2.472114
2.394908
2.314750
2.232965
2.150871
2.069743
1.990798
1.915167
1.843882
1.777853
1.717855
1.664522
1.618337
1.579634
1.548603
1.525302
1.509666
1.501528
1.500633
1.506651
1.519198
1.537839
1.562101
1.591476
1.625428
1.663389
1.704770
1.748955
1.795313
1.843196
1.891952
1.940922
1.989459
2.036930
2.082725
2.126269
2.167025
2.204507
2.238285
2.267988
2.293314
2.314029
2.329975
2.341062
2.347280
2.348686
2.345409
2.337644
2.325648
2.309730
2.290256
2.267625
2.242279
2.214682
2.185318
2.154679
2.123262
2.091554
2.060029
2.029138
1.999306
1.970920
1.944329
1.919837
1.897706
1.878143
1.861310
1.847319
1.836235
1.828074
1.822814
1.820387
1.820695
1.823601
1.828945
1.836539
1.846175
1.857629
1.870662
1.885028
1.900473
1.916740
1.933575
1.950722
1.967938
1.984984
2.001636
2.017681
2.032925
2.047190
2.060322
2.072182
2.082660
2.091664
2.099131
2.105017
2.109305
2.111999
2.113128
2.112737
2.110898
2.107695
2.103231
2.097620
2.090992
2.083482
2.075236
2.066401
2.057128
2.047567
2.037866
2.028167
2.018608
2.009314
2.000406
1.991987
1.984155
1.976989
1.970557
1.964912
1.960094
1.956128
1.953027
1.950789
1.949403
1.948841
1.949071
1.950048
1.951720
1.954026
1.956904
1.960281
1.964086
1.968243
1.972677
1.977309
1.982068
1.986877
1.991668
1.996374
2.000935
2.005292
2.009395
2.013198
2.016665
2.019761
2.022463
2.024751
2.026615
2.028047
2.029051
2.029632
2.029805
2.029585
2.028996
2.028064
2.026821
2.025297
2.023530
2.021555
2.019412
2.017136
2.014770
2.012347
2.009907
2.007482
2.005108
2.002812
2.000623
1.998566
1.996661
1.994927
1.993379
1.992026
1.990878
1.989938
1.989209
1.988686
1.988368
1.988245
1.988309
1.988547
1.988947
1.989492
1.990168
1.990955
1.991839
1.992798
1.993816
1.994875
1.995957
1.997045
1.998125
1.999179
2.000196
2.001162
2.002067
2.002901
2.003657
2.004327
2.004908
2.005396
2.005790
2.006088
2.006294
2.006408
2.006435
2.006378
2.006245
2.006039
2.005770
2.005443
2.005068
2.004650
2.004201
2.003727
2.003236
2.002735
2.002233
2.001736
2.001251
2.000783
2.000338
1.999920
1.999534
1.999181
1.998866
1.998589
1.998352
1.998155
1.997999
1.997880
1.997801
1.997757
1.997748
1.997769
1.997820
1.997896
1.997994
1.998111
1.998243
1.998387
1.998540
1.998698
1.998858
1.999017
1.999173
1.999322
1.999463
1.999593
1.999712
1.999816
1.999907
1.999982
2.000043
2.000086
2.000115
2.000129
2.000129
2.000115
2.000086
