1.999970
1.999945
1.999934
1.999934
1.999945
1.999970
2.000008
2.000060
2.000127
2.000209
2.000305
2.000416
2.000539
2.000675
2.000821
2.000977
2.001140
2.001307
2.001477
2.001646
2.001812
2.001972
2.002122
2.002259
2.002379
2.002481
2.002559
2.002612
2.002636
2.002629
2.002589
2.002513
2.002401
2.002251
2.002063
2.001837
2.001573
2.001275
2.000942
2.000579
2.000187
1.999773
1.999340
1.998894
1.998440
1.997985
1.997536
1.997101
1.996686
1.996299
1.995949
1.995643
1.995388
1.995192
1.995062
1.995005
1.995024
1.995127
1.995316
1.995595
1.995964
1.996425
1.996976
1.997616
1.998340
1.999142
2.000017
2.000955
2.001946
2.002981
2.004044
2.005124
2.006204
2.007270
2.008304
2.009290
2.010210
2.011047
2.011784
2.012404
2.012891
2.013231
2.013410
2.013418
2.013242
2.012878
2.012318
2.011561
2.010607
2.009459
2.008123
2.006610
2.004930
2.003101
2.001141
1.999073
1.996920
1.994712
1.992476
1.990246
1.988056
1.985939
1.983933
1.982074
1.980397
1.978939
1.977733
1.976814
1.976210
1.975949
1.976055
1.976548
1.977442
1.978748
1.980469
1.982605
1.985146
1.988078
1.991380
1.995024
1.998974
2.003191
2.007625
2.012223
2.016927
2.021672
2.026392
2.031015
2.035468
2.039678
2.043569
2.047070
2.050108
2.052617
2.054535
2.055803
2.056373
2.056202
2.055257
2.053517
2.050968
2.047610
2.043453
2.038522
2.032852
2.026490
2.019497
2.011945
2.003916
1.995507
1.986819
1.977967
1.969069
1.960253
1.951651
1.943397
1.935629
1.928483
1.922093
1.916592
1.912103
1.908746
1.906625
1.905837
1.906463
1.908567
1.912194
1.917372
1.924105
1.932373
1.942132
1.953315
1.965826
1.979546
1.994328
2.010004
2.026381
2.043249
2.060374
2.077514
2.094410
2.110798
2.126411
2.140981
2.154246
2.165955
2.175868
2.183767
2.189456
2.192764
2.193552
2.191714
2.187180
2.179919
2.169937
2.157283
2.142045
2.124353
2.104375
2.082317
2.058420
2.032959
2.006236
1.978582
1.950347
1.921900
1.893624
1.865911
1.839160
1.813768
1.790132
1.768642
1.749676
1.733601
1.720762
1.711483
1.706060
1.704756
1.707791
1.715343
1.727533
1.744420
1.765995
1.792176
1.822798
1.857614
1.896290
1.938410
1.983474
2.030908
2.080068
2.130254
2.180716
2.230671
2.279313
2.325830
2.369420
2.409300
2.444726
2.475007
2.499514
2.517696
2.529091
2.533335
2.530172
2.519459
2.501170
2.475403
2.442374
2.402421
2.355997
2.303666
2.246089
2.184019
2.118283
2.049770
1.979410
1.908160
1.836984
1.766832
1.698627
1.633247
1.571510
1.514174
1.461927
1.415397
1.375155
1.341737
1.315652
1.297404
1.287499
1.286450
1.294766
1.312929
1.341359
1.380365
1.430103
1.490529
1.561362
1.642070
1.731857
1.829674
1.934236
2.044051
2.157453
2.272640
2.387709
2.500702
2.609639
2.712563
2.807573
2.892864
2.966761
3.027753
3.074523
3.105976
3.121264
3.119808
3.101314
3.065788
3.013542
2.945202
2.861697
2.764260
2.654407
2.533918
2.404809
2.269292
2.129732
1.988594
1.848375
1.711530
1.580391
1.457070
1.343365
1.240663
1.149865
1.071338
1.004914
0.949959
0.905501
0.870409
0.843614
0.824318
0.812183
0.807477
0.811142
0.824778
0.850520
0.890794
0.947972
1.024012
1.120143
1.236688
1.373021
1.527632
1.698255
1.882019
2.075588
2.275293
2.477250
2.677466
2.871927
3.056692
3.227966
3.382179
3.516055
3.626673
3.711527
3.768582
3.796314
3.793756
3.760523
3.696840
3.603553
3.482135
3.334680
3.163888
2.973037
2.765944
2.546913
2.320664
2.092248
1.866937
1.650079
1.446910
1.262312
1.100481
0.964524
0.855997
0.774511
0.717619
0.681162
0.660048
0.649147
0.643961
0.640965
0.637687
0.632670
0.625418
0.616406
0.607178
0.600526
0.600695
0.613449
0.645735
0.704687
0.796125
0.923292
1.086471
1.283391
1.509897
1.760572
2.029208
2.309144
2.593515
2.875445
3.148205
3.405354
3.640854
3.849187
4.025451
4.165449
4.265771
4.323856
4.338052
4.307656
4.232945
4.115190
3.956658
3.760596
3.531207
3.273599
2.993728
2.698317
2.394761
2.091003
1.795375
1.516396
1.262474
1.041463
0.859964
0.722243
0.628815
0.575316
0.553065
0.551698
0.561902
0.576672
0.591321
0.602972
0.609995
0.611562
0.607363
0.597486
0.582444
0.563388
0.542501
0.523618
0.512988
0.519884
0.556161
0.633687
0.760280
0.937682
1.162587
1.428463
1.727009
2.049013
2.384917
2.725128
3.060303
3.381510
3.680423
3.949435
4.181815
4.371782
4.514638
4.606806
4.645931
4.630890
4.561847
4.440236
4.268779
4.051427
3.793346
3.500818
3.181193
2.842750
2.494609
2.146548
1.808859
1.492071
1.206659
0.962467
0.767836
0.627950
0.542462
0.503496
0.497494
0.510604
0.532171
0.555303
0.576021
0.592271
0.603112
0.608185
0.607390
0.600734
0.588339
0.570595
0.548511
0.524267
0.502082
0.489263
0.497079
0.540023
0.631822
0.779806
0.983578
1.237350
1.532362
1.858451
2.204885
2.560894
2.915960
3.260081
3.583927
3.879016
4.137824
4.353914
4.522007
4.638077
4.699383
4.704527
4.653449
4.547443
4.389116
4.182365
3.932302
3.645189
3.328331
2.989976
2.639171
2.285624
1.939511
1.611279
1.311330
1.049615
0.834896
0.673512
0.567310
0.511340
0.493835
0.500668
0.519909
0.543326
0.565917
0.584907
0.598892
0.607228
0.609667
0.606177
0.596930
0.582438
0.563868
0.543546
0.525678
0.517174
0.528178
0.571222
0.658009
0.795161
0.982865
1.216419
1.488233
1.789258
2.109836
2.440215
2.770871
3.092738
3.397375
3.677113
3.925154
4.135675
4.303891
4.426117
4.499801
4.523550
4.497125
4.421441
4.298524
4.131476
3.924408
3.682373
3.411267
3.117741
2.809071
2.493046
2.177808
1.871696
1.583035
1.319882
1.089642
0.898516
0.750633
0.646894
0.583890
0.554021
0.547521
0.555086
0.569370
0.585247
0.599427
0.609981
0.615949
0.617117
0.613946
0.607656
0.600432
0.595720
0.598508
0.615371
0.653937
0.721553
0.823518
0.961897
1.135490
1.340547
1.571636
1.822352
2.085821
2.355056
2.623196
2.883690
3.130430
3.357857
3.561044
3.735763
3.878533
3.986653
4.058228
4.092175
4.088220
4.046881
3.969444
3.857921
3.715005
3.544012
3.348813
3.133764
2.903618
2.663439
2.418503
2.174194
1.935877
1.708768
1.497768
1.307264
1.140881
1.001176
0.889309
0.804759
0.745252
0.707046
0.685576
0.676233
0.675009
0.678870
0.685891
0.695254
0.707181
0.722843
0.744232
0.773973
0.815049
0.870414
0.942570
1.033184
1.142849
1.271030
1.416156
1.575809
1.746942
1.926081
2.109522
2.293470
2.474177
2.648040
2.811682
2.962023
3.096330
3.212259
3.307886
3.381724
3.432740
3.460356
3.464445
3.445318
3.403709
3.340750
3.257942
3.157115
3.040395
2.910159
2.768984
2.619600
2.464836
2.307560
2.150626
1.996806
1.848729
1.708810
1.579184
1.461633
1.357529
1.267779
1.192806
1.132555
1.086558
1.054031
1.034008
1.025485
1.027544
1.039440
1.060638
1.090802
1.129746
1.177362
1.233539
1.298080
1.370644
1.450699
1.537506
1.630114
1.727383
1.828008
1.930560
2.033525
2.135351
2.234484
2.329411
2.418691
2.500992
2.575109
2.639997
2.694776
2.738756
2.771438
2.792522
2.801908
2.799693
2.786162
2.761785
2.727197
2.683191
2.630694
2.570755
2.504516
2.433198
2.358070
2.280432
2.201584
2.122807
2.045335
1.970334
1.898878
1.831931
1.770333
1.714782
1.665831
1.623884
1.589199
1.561897
1.541972
1.529312
1.523708
1.524881
1.532488
1.546142
1.565415
1.589851
1.618963
1.652243
1.689155
1.729146
1.771637
1.816037
1.861736
1.908122
1.954577
2.000492
2.045273
2.088345
2.129168
2.167239
2.202101
2.233354
2.260654
2.283722
2.302346
2.316388
2.325775
2.330510
2.330663
2.326373
2.317841
2.305327
2.289144
2.269652
2.247250
2.222371
2.195467
2.167011
2.137479
2.107350
2.077088
2.047145
2.017947
1.989891
1.963336
1.938605
1.915971
1.895667
1.877875
1.862731
1.850324
1.840697
1.833852
1.829749
1.828313
1.829435
1.832977
1.838776
1.846648
1.856390
1.867784
1.880602
1.894608
1.909562
1.925220
1.941342
1.957689
1.974032
1.990148
2.005828
2.020875
2.035109
2.048366
2.060505
2.071400
2.080953
2.089081
2.095732
2.100869
2.104483
2.106583
2.107204
2.106395
2.104227
2.100788
2.096179
2.090514
2.083921
2.076530
2.068482
2.059920
2.050988
2.041828
2.032582
2.023383
2.014359
2.005629
1.997303
1.989477
1.982238
1.975658
1.969797
1.964700
1.960402
1.956920
1.954264
1.952425
1.951390
1.951129
1.951609
1.952781
1.954595
1.956992
1.959909
1.963277
1.967027
1.971085
1.975382
1.979842
1.984397
1.988977
1.993517
1.997954
2.002234
2.006301
2.010112
2.013623
2.016802
2.019619
2.022054
2.024089
2.025718
2.026936
2.027748
2.028160
2.028189
2.027851
2.027170
2.026173
2.024889
2.023351
2.021593
2.019651
2.017561
2.015360
2.013085
2.010770
2.008451
2.006158
2.003925
2.001777
1.999741
1.997838
1.996088
1.994505
1.993104
1.991893
1.990880
1.990065
1.989450
1.989032
1.988805
1.988761
1.988891
1.989182
1.989622
1.990194
1.990884
1.991673
1.992547
1.993486
1.994475
1.995495
1.996532
1.997567
1.998588
1.999580
2.000531
2.001429
2.002265
2.003030
2.003718
2.004322
2.004840
2.005267
2.005606
2.005853
2.006012
2.006085
2.006078
2.005992
2.005835
2.005613
2.005333
2.005001
2.004626
2.004215
2.003777
2.003317
2.002846
2.002369
2.001893
2.001425
2.000971
2.000536
2.000125
1.999741
1.999389
1.999071
1.998789
1.998544
1.998338
1.998169
1.998040
1.997946
1.997888
1.997863
1.997870
1.997905
1.997966
1.998049
1.998152
1.998270
1.998403
1.998543
1.998691
1.998842
1.998994
1.999142
1.999286
1.999423
1.999551
1.999668
1.999774
1.999866
1.999945
2.000009
2.000060
2.000096
2.000120
2.000130
2.000130
2.000120
2.000096
