1.999976
1.999982
1.999986
1.999986
1.999982
1.999976
1.999968
1.999961
1.999955
1.999950
1.999948
1.999948
1.999951
1.999958
1.999967
1.999979
1.999993
2.000011
2.000030
2.000051
2.000074
2.000097
2.000121
2.000146
2.000169
2.000192
2.000214
2.000234
2.000252
2.000268
2.000280
2.000290
2.000295
2.000297
2.000295
2.000288
2.000276
2.000260
2.000239
2.000214
2.000184
2.000149
2.000110
2.000067
2.000021
1.999972
1.999921
1.999868
1.999813
1.999759
1.999705
1.999652
1.999602
1.999556
1.999513
1.999476
1.999444
1.999420
1.999403
1.999396
1.999397
1.999408
1.999430
1.999462
1.999505
1.999559
1.999623
1.999699
1.999784
1.999878
1.999981
2.000092
2.000209
2.000331
2.000456
2.000583
2.000710
2.000834
2.000955
2.001070
2.001177
2.001273
2.001357
2.001427
2.001481
2.001516
2.001532
2.001527
2.001500
2.001451
2.001377
2.001280
2.001160
2.001016
2.000850
2.000663
2.000457
2.000234
1.999995
1.999745
1.999486
1.999221
1.998954
1.998690
1.998432
1.998184
1.997951
1.997738
1.997548
1.997385
1.997254
1.997159
1.997103
1.997088
1.997118
1.997195
1.997320
1.997494
1.997717
1.997989
1.998309
1.998674
1.999081
1.999527
2.000007
2.000517
2.001049
2.001598
2.002156
2.002716
2.003268
2.003805
2.004317
2.004795
2.005230
2.005614
2.005938
2.006195
2.006375
2.006474
2.006485
2.006404
2.006228
2.005954
2.005582
2.005112
2.004548
2.003893
2.003152
2.002333
2.001445
2.000496
1.999499
1.998466
1.997410
1.996347
1.995291
1.994258
1.993264
1.992325
1.991458
1.990678
1.990001
1.989442
1.989014
1.988729
1.988598
1.988632
1.988837
1.989219
1.989782
1.990527
1.991453
1.992554
1.993825
1.995255
1.996833
1.998542
2.000364
2.002278
2.004261
2.006286
2.008324
2.010345
2.012318
2.014211
2.015989
2.017620
2.019071
2.020312
2.021314
2.022049
2.022495
2.022633
2.022447
2.021927
2.021068
2.019869
2.018338
2.016484
2.014324
2.011881
2.009181
2.006257
2.003143
1.999879
1.996508
1.993075
1.989625
1.986207
1.982870
1.979661
1.976627
1.973817
1.971273
1.969040
1.967157
1.965661
1.964588
1.963967
1.963825
1.964185
1.965063
1.966473
1.968421
1.970908
1.973927
1.977464
1.981500
1.986003
1.990934
1.996246
2.001882
2.007773
2.013844
2.020010
2.026178
2.032248
2.038117
2.043677
2.048820
2.053440
2.057433
2.060706
2.063173
2.064759
2.065407
2.065074
2.063734
2.061382
2.058031
2.053714
2.048481
2.042400
2.035554
2.028040
2.019964
2.011444
2.002600
1.993557
1.984440
1.975373
1.966476
1.957866
1.949651
1.941933
1.934809
1.928364
1.922681
1.917830
1.913881
1.910893
1.908922
1.908019
1.908231
1.909599
1.912162
1.915950
1.920988
1.927292
1.934867
1.943702
1.953771
1.965025
1.977388
1.990758
2.005001
2.019947
2.035394
2.051106
2.066814
2.082227
2.097031
2.110903
2.123519
2.134563
2.143743
2.150797
2.155505
2.157700
2.157272
2.154175
2.148429
2.140118
2.129388
2.116441
2.101527
2.084934
2.066979
2.047994
2.028317
2.008280
1.988201
1.968375
1.949071
1.930524
1.912938
1.896481
1.881293
1.867485
1.855144
1.844335
1.835113
1.827520
1.821593
1.817371
1.814895
1.814214
1.815387
1.818489
1.823605
1.830835
1.840291
1.852087
1.866338
1.883140
1.902564
1.924632
1.949301
1.976445
2.005836
2.037135
2.069881
2.103495
2.137288
2.170483
2.202238
2.231680
2.257945
2.280216
2.297763
2.309978
2.316406
2.316770
2.310980
2.299144
2.281560
2.258703
2.231199
2.199794
2.165323
2.128661
2.090689
2.052256
2.014140
1.977026
1.941487
1.907973
1.876814
1.848227
1.822329
1.799157
1.778686
1.760848
1.745549
1.732686
1.722158
1.713875
1.707763
1.703777
1.701900
1.702155
1.704606
1.709372
1.716626
1.726607
1.739616
1.756012
1.776197
1.800590
1.829589
1.863517
1.902566
1.946731
1.995755
2.049084
2.105842
2.164842
2.224614
2.283466
2.339570
2.391050
2.436089
2.473027
2.500451
2.517272
2.522788
2.516717
2.499216
2.470874
2.432680
2.385970
2.332356
2.273637
2.211699
2.148410
2.085519
2.024571
1.966835
1.913264
1.864483
1.820808
1.782284
1.748749
1.719893
1.695323
1.674616
1.657362
1.643188
1.631776
1.622867
1.616260
1.611809
1.609421
1.609052
1.610714
1.614481
1.620505
1.629031
1.640419
1.655153
1.673847
1.697238
1.726141
1.761391
1.803746
1.853766
1.911689
1.977308
2.049885
2.128110
2.210121
2.293577
2.375787
2.453862
2.524892
2.586113
2.635073
2.669763
2.688733
2.691165
2.676921
2.646546
2.601247
2.542823
2.473573
2.396167
2.313492
2.228482
2.143941
2.062373
1.985843
1.915877
1.853424
1.798870
1.752118
1.712696
1.679892
1.652880
1.630822
1.612948
1.598599
1.587243
1.578477
1.572011
1.567647
1.565260
1.564787
1.566216
1.569588
1.575004
1.582645
1.592789
1.605841
1.622349
1.643013
1.668674
1.700271
1.738764
1.785022
1.839682
1.902995
1.974695
2.053899
2.139073
2.228071
2.318236
2.406548
2.489814
2.564865
2.628741
2.678866
2.713191
2.730305
2.729509
2.710848
2.675115
2.623803
2.559031
2.483426
2.399979
2.311866
2.222264
2.134152
2.050130
1.972275
1.902045
1.840252
1.787104
1.742302
1.705183
1.674865
1.650389
1.630823
1.615342
1.603259
1.594044
1.587306
1.582781
1.580304
1.579790
1.581218
1.584620
1.590081
1.597744
1.607818
1.620594
1.636448
1.655857
1.679380
1.707641
1.741281
1.780891
1.826922
1.879590
1.938779
2.003961
2.074155
2.147925
2.223418
2.298455
2.370647
2.437532
2.496717
2.546016
2.583577
2.607980
2.618314
2.614227
2.595941
2.564241
2.520430
2.466261
2.403838
2.335501
2.263689
2.190804
2.119073
2.050430
1.986419
1.928147
1.876265
1.831011
1.792266
1.759649
1.732612
1.710530
1.692770
1.678753
1.667977
1.660038
1.654630
1.651536
1.650619
1.651810
1.655097
1.660518
1.668155
1.678129
1.690601
1.705763
1.723835
1.745053
1.769650
1.797834
1.829754
1.865466
1.904895
1.947802
1.993753
2.042106
2.092014
2.142438
2.192186
2.239963
2.284430
2.324274
2.358272
2.385359
2.404683
2.415649
2.417950
2.411584
2.396851
2.374339
2.344892
2.309563
2.269561
2.226186
2.180765
2.134581
2.088823
2.044526
2.002544
1.963528
1.927924
1.895988
1.867809
1.843343
1.822450
1.804927
1.790544
1.779062
1.770261
1.763943
1.759946
1.758141
1.758434
1.760762
1.765088
1.771398
1.779693
1.789984
1.802287
1.816612
1.832960
1.851310
1.871609
1.893768
1.917646
1.943045
1.969706
1.997301
2.025440
2.053672
2.081498
2.108381
2.133769
2.157112
2.177883
2.195604
2.209864
2.220339
2.226805
2.229147
2.227370
2.221590
2.212036
2.199034
2.182994
2.164390
2.143742
2.121590
2.098476
2.074923
2.051417
2.028393
2.006229
1.985235
1.965658
1.947680
1.931428
1.916976
1.904358
1.893577
1.884610
1.877418
1.871951
1.868156
1.865976
1.865354
1.866235
1.868565
1.872289
1.877351
1.883693
1.891252
1.899955
1.909723
1.920463
1.932068
1.944419
1.957378
1.970792
1.984495
1.998306
2.012030
2.025469
2.038418
2.050673
2.062038
2.072327
2.081373
2.089029
2.095177
2.099730
2.102633
2.103868
2.103451
2.101436
2.097905
2.092975
2.086784
2.079492
2.071276
2.062320
2.052813
2.042944
2.032894
2.022837
2.012931
2.003322
1.994135
1.985481
1.977450
1.970118
1.963541
1.957763
1.952813
1.948707
1.945451
1.943043
1.941470
1.940713
1.940748
1.941542
1.943060
1.945259
1.948092
1.951510
1.955454
1.959867
1.964682
1.969832
1.975246
1.980848
1.986563
1.992313
1.998020
2.003606
2.008996
2.014118
2.018904
2.023292
2.027227
2.030661
2.033556
2.035883
2.037623
2.038767
2.039316
2.039284
2.038690
2.037565
2.035946
2.033880
2.031416
2.028610
2.025520
2.022206
2.018728
2.015147
2.011520
2.007905
2.004352
2.000910
1.997623
1.994530
1.991664
1.989054
1.986723
1.984688
1.982964
1.981558
1.980474
1.979712
1.979265
1.979127
1.979285
1.979725
1.980428
1.981374
1.982540
1.983902
1.985435
1.987110
1.988900
1.990777
1.992710
1.994672
1.996635
1.998571
2.000455
2.002262
2.003969
2.005556
2.007006
2.008303
2.009434
2.010389
2.011163
2.011751
2.012153
2.012370
2.012408
2.012273
2.011976
2.011528
2.010942
2.010234
2.009419
2.008514
2.007537
2.006505
2.005435
2.004346
2.003253
2.002172
2.001119
2.000106
1.999146
1.998250
1.997427
1.996685
1.996030
1.995467
1.994999
1.994628
1.994355
1.994177
1.994092
1.994098
1.994189
1.994360
1.994604
1.994915
1.995284
1.995704
1.996166
1.996662
1.997183
1.997721
1.998266
1.998811
1.999348
1.999871
2.000371
2.000844
2.001283
2.001684
2.002044
2.002359
2.002627
2.002846
2.003016
2.003136
2.003208
2.003233
2.003213
2.003151
2.003049
2.002911
2.002741
2.002544
2.002323
2.002082
2.001827
2.001562
2.001290
2.001017
2.000746
2.000481
2.000225
1.999981
1.999753
1.999542
1.999351
1.999181
1.999033
1.998909
1.998808
1.998731
1.998678
1.998647
1.998638
1.998651
1.998682
1.998732
1.998798
1.998878
1.998970
1.999073
1.999184
1.999301
1.999422
1.999546
1.999669
1.999791
1.999910
2.000024
2.000131
2.000232
2.000323
2.000406
2.000478
2.000541
2.000592
2.000633
2.000663
2.000682
2.000691
2.000690
2.000680
2.000661
2.000635
2.000602
2.000562
2.000518
2.000469
2.000417
2.000362
2.000307
2.000250
2.000194
2.000139
2.000086
2.000035
1.999988
1.999943
1.999903
1.999867
1.999836
1.999808
1.999787
1.999769
1.999756
1.999748
1.999745
1.999745
1.999750
1.999758
1.999770
1.999784
1.999801
1.999820
1.999842
1.999863
1.999887
1.999909
1.999933
1.999955
1.999976
1.999996
2.000014
2.000029
2.000043
2.000053
2.000061
2.000065
2.000067
2.000065
2.000062
2.000056
2.000049
2.000042
2.000036
2.000031
2.000031
2.000036
2.000042
