1.999940
1.999944
1.999949
1.999949
1.999944
1.999940
1.999935
1.999934
1.999936
1.999945
1.999959
1.999982
2.000012
2.000051
2.000098
2.000154
2.000216
2.000287
2.000364
2.000446
2.000532
2.000621
2.000710
2.000799
2.000885
2.000968
2.001043
2.001111
2.001168
2.001215
2.001246
2.001264
2.001264
2.001247
2.001211
2.001156
2.001080
2.000985
2.000869
2.000734
2.000579
2.000408
2.000221
2.000019
1.999806
1.999583
1.999354
1.999122
1.998889
1.998661
1.998440
1.998232
1.998038
1.997864
1.997714
1.997592
1.997500
1.997443
1.997424
1.997446
1.997510
1.997619
1.997774
1.997976
1.998224
1.998519
1.998857
1.999237
1.999656
2.000110
2.000594
2.001104
2.001632
2.002173
2.002718
2.003260
2.003790
2.004301
2.004783
2.005227
2.005624
2.005966
2.006243
2.006450
2.006577
2.006620
2.006572
2.006428
2.006187
2.005845
2.005402
2.004860
2.004220
2.003488
2.002669
2.001770
2.000800
1.999771
1.998694
1.997583
1.996452
1.995318
1.994196
1.993106
1.992064
1.991090
1.990202
1.989417
1.988754
1.988230
1.987859
1.987658
1.987638
1.987811
1.988184
1.988765
1.989556
1.990558
1.991767
1.993179
1.994782
1.996565
1.998511
2.000600
2.002807
2.005109
2.007473
2.009869
2.012262
2.014617
2.016894
2.019057
2.021067
2.022885
2.024474
2.025799
2.026826
2.027526
2.027873
2.027843
2.027419
2.026589
2.025346
2.023690
2.021626
2.019166
2.016328
2.013136
2.009622
2.005823
2.001779
1.997540
1.993157
1.988687
1.984191
1.979731
1.975373
1.971184
1.967230
1.963581
1.960302
1.957459
1.955113
1.953323
1.952143
1.951622
1.951802
1.952718
1.954397
1.956854
1.960098
1.964122
1.968912
1.974437
1.980655
1.987511
1.994934
2.002843
2.011141
2.019721
2.028466
2.037246
2.045927
2.054368
2.062424
2.069953
2.076810
2.082859
2.087969
2.092022
2.094912
2.096547
2.096855
2.095782
2.093296
2.089387
2.084066
2.077368
2.069349
2.060089
2.049685
2.038255
2.025933
2.012868
1.999222
1.985165
1.970876
1.956539
1.942343
1.928475
1.915124
1.902476
1.890714
1.880016
1.870556
1.862502
1.856014
1.851245
1.848340
1.847431
1.848636
1.852060
1.857784
1.865869
1.876344
1.889207
1.904417
1.921890
1.941496
1.963056
1.986340
2.011068
2.036909
2.063491
2.090399
2.117188
2.143388
2.168517
2.192090
2.213631
2.232686
2.248832
2.261689
2.270931
2.276294
2.277582
2.274675
2.267528
2.256181
2.240749
2.221426
2.198476
2.172230
2.143075
2.111446
2.077811
2.042665
2.006513
1.969858
1.933193
1.896988
1.861682
1.827681
1.795349
1.765012
1.736959
1.711451
1.688723
1.668998
1.652498
1.639451
1.630105
1.624729
1.623620
1.627097
1.635495
1.649147
1.668364
1.693407
1.724456
1.761578
1.804696
1.853565
1.907756
1.966646
2.029422
2.095096
2.162525
2.230442
2.297495
2.362280
2.423386
2.479437
2.529127
2.571261
2.604789
2.628834
2.642717
2.645978
2.638391
2.619974
2.590986
2.551931
2.503538
2.446751
2.382701
2.312674
2.238074
2.160382
2.081101
2.001713
1.923620
1.848097
1.776246
1.708960
1.646897
1.590474
1.539874
1.495068
1.455863
1.421947
1.392953
1.368522
1.348368
1.332334
1.320448
1.312966
1.310401
1.313536
1.323411
1.341274
1.368504
1.406486
1.456462
1.519368
1.595684
1.685324
1.787569
1.901072
2.023902
2.153632
2.287449
2.422275
2.554880
2.682005
2.800460
2.907223
2.999527
3.074932
3.131390
3.167304
3.181566
3.173594
3.143354
3.091368
3.018717
2.927020
2.818410
2.695487
2.561257
2.419053
2.272436
2.125072
1.980595
1.842441
1.713674
1.596809
1.493651
1.405182
1.331516
1.271951
1.225110
1.189149
1.161999
1.141575
1.125961
1.113522
1.102978
1.093453
1.084502
1.076150
1.068943
1.064015
1.063148
1.068818
1.084164
1.112828
1.158634
1.225100
1.314880
1.429293
1.568059
1.729297
1.909726
2.104962
2.309850
2.518770
2.725901
2.925452
3.111845
3.279879
3.424865
3.542737
3.630149
3.684552
3.704259
3.688486
3.637384
3.552054
3.434532
3.287774
3.115605
2.922653
2.714254
2.496327
2.275214
2.057465
1.849573
1.657629
1.486903
1.341377
1.223270
1.132731
1.067821
1.024918
0.999429
0.986575
0.982001
0.982104
0.984126
0.986079
0.986623
0.984921
0.980550
0.973449
0.963947
0.952863
0.941667
0.932705
0.929433
0.936561
0.959969
1.006183
1.081371
1.190070
1.334173
1.512599
1.721590
1.955358
2.206767
2.467926
2.730655
2.986842
3.228718
3.449082
3.641471
3.800303
3.920997
4.000064
4.035173
4.025208
3.970290
3.871786
3.732300
3.555627
3.346701
3.111509
2.856972
2.590803
2.321309
2.057142
1.806962
1.578978
1.380351
1.216416
1.089847
1.000013
0.942981
0.912409
0.901037
0.902061
0.909926
0.920546
0.931151
0.940001
0.946076
0.948834
0.948038
0.943671
0.935943
0.925381
0.913012
0.900628
0.891116
0.888779
0.899505
0.930527
0.989545
1.083198
1.215451
1.386699
1.593864
1.831152
2.090949
2.364625
2.643140
2.917496
3.179077
3.419891
3.632775
3.811541
3.951096
4.047535
4.098204
4.101744
4.058112
3.968572
3.835681
3.663231
3.456185
3.220586
2.963430
2.692521
2.416281
2.143508
1.883069
1.643476
1.432337
1.255626
1.116845
1.016268
0.950711
0.914195
0.899376
0.899059
0.907185
0.919189
0.931916
0.943347
0.952289
0.958117
0.960587
0.959744
0.955908
0.949739
0.942389
0.935701
0.932449
0.936537
0.953045
0.987957
1.047430
1.136686
1.258871
1.414367
1.600778
1.813404
2.045911
2.290985
2.540860
2.787740
3.024109
3.242976
3.438051
3.603889
3.735994
3.830895
3.886202
3.900633
3.874025
3.807322
3.702547
3.562751
3.391948
3.195024
2.977632
2.746063
2.507085
2.267754
2.035181
1.816240
1.617201
1.443295
1.298212
1.183633
1.098951
1.041365
1.006449
0.989006
0.983915
0.986718
0.993880
1.002820
1.011806
1.019811
1.026387
1.031577
1.035879
1.040244
1.046117
1.055471
1.070822
1.095170
1.131824
1.184087
1.254830
1.346044
1.458473
1.591447
1.742914
1.909638
2.087482
2.271711
2.457285
2.639099
2.812199
2.971947
3.114154
3.235184
3.332038
3.402406
3.444706
3.458106
3.442525
3.398624
3.327776
3.232030
3.114055
2.977075
2.824786
2.661262
2.490847
2.318022
2.147267
1.982889
1.828838
1.688509
1.564545
1.458658
1.371524
1.302774
1.251106
1.214524
1.190640
1.176980
1.171245
1.171482
1.176182
1.184310
1.195292
1.208985
1.225624
1.245771
1.270246
1.300055
1.336297
1.380056
1.432289
1.493703
1.564653
1.645062
1.734378
1.831571
1.935169
2.043324
2.153897
2.264556
2.372873
2.476421
2.572860
2.660010
2.735924
2.798935
2.847699
2.881227
2.898905
2.900503
2.886173
2.856440
2.812188
2.754628
2.685264
2.605856
2.518364
2.424899
2.327657
2.228855
2.130660
2.035119
1.944088
1.859169
1.781659
1.712508
1.652309
1.601302
1.559410
1.526293
1.501420
1.484140
1.473758
1.469597
1.471047
1.477591
1.488821
1.504441
1.524248
1.548115
1.575964
1.607734
1.643352
1.682701
1.725598
1.771775
1.820860
1.872376
1.925741
1.980275
2.035216
2.089739
2.142977
2.194051
2.242092
2.286268
2.325811
2.360033
2.388353
2.410307
2.425563
2.433927
2.435351
2.429927
2.417891
2.399610
2.375573
2.346376
2.312708
2.275329
2.235050
2.192711
2.149161
2.105230
2.061712
2.019348
1.978803
1.940657
1.905398
1.873411
1.844985
1.820311
1.799495
1.782563
1.769476
1.760143
1.754431
1.752178
1.753201
1.757304
1.764285
1.773935
1.786043
1.800392
1.816761
1.834922
1.854638
1.875661
1.897731
1.920578
1.943920
1.967465
1.990916
2.013972
2.036334
2.057711
2.077821
2.096402
2.113214
2.128044
2.140711
2.151071
2.159020
2.164493
2.167469
2.167970
2.166058
2.161838
2.155449
2.147064
2.136888
2.125148
2.112089
2.097972
2.083062
2.067628
2.051936
2.036240
2.020783
2.005789
1.991462
1.977983
1.965509
1.954168
1.944064
1.935276
1.927857
1.921837
1.917224
1.914005
1.912153
1.911620
1.912347
1.914261
1.917282
1.921316
1.926267
1.932028
1.938490
1.945540
1.953063
1.960941
1.969057
1.977296
1.985544
1.993690
2.001630
2.009262
2.016494
2.023242
2.029429
2.034991
2.039873
2.044029
2.047431
2.050056
2.051898
2.052961
2.053261
2.052824
2.051687
2.049894
2.047502
2.044571
2.041166
2.037360
2.033226
2.028839
2.024276
2.019611
2.014917
2.010262
2.005714
2.001331
1.997168
1.993274
1.989690
1.986452
1.983586
1.981115
1.979052
1.977405
1.976175
1.975357
1.974942
1.974913
1.975252
1.975933
1.976931
1.978214
1.979751
1.981507
1.983447
1.985534
1.987732
1.990005
1.992317
1.994634
1.996924
1.999155
2.001301
2.003332
2.005229
2.006969
2.008536
2.009917
2.011100
2.012079
2.012850
2.013412
2.013768
2.013921
2.013882
2.013658
2.013264
2.012713
2.012021
2.011205
2.010284
2.009274
2.008197
2.007070
2.005913
2.004742
2.003576
2.002430
2.001321
2.000261
1.999263
1.998337
1.997494
1.996738
1.996078
1.995515
1.995054
1.994693
1.994435
1.994274
1.994209
1.994235
1.994346
1.994535
1.994796
1.995119
1.995499
1.995924
1.996388
1.996880
1.997393
1.997917
1.998445
1.998968
1.999480
1.999973
2.000442
2.000881
2.001286
2.001652
2.001978
2.002259
2.002495
2.002685
2.002829
2.002927
2.002981
2.002992
2.002963
2.002896
2.002795
2.002662
2.002502
2.002318
2.002116
2.001897
2.001668
2.001430
2.001189
2.000948
2.000711
2.000480
2.000259
2.000049
1.999855
1.999676
1.999516
1.999373
1.999252
1.999149
1.999069
1.999006
1.998965
1.998942
1.998937
1.998948
1.998975
1.999014
1.999066
1.999127
1.999197
1.999272
1.999352
1.999433
1.999516
1.999597
1.999676
1.999750
1.999819
1.999881
1.999937
1.999984
2.000024
2.000055
2.000079
2.000094
2.000104
2.000106
2.000106
2.000101
2.000096
2.000091
2.000091
2.000096
2.000101
