1.999955
1.999962
1.999968
1.999968
1.999962
1.999955
1.999945
1.999937
1.999931
1.999928
1.999929
1.999935
1.999946
1.999964
1.999987
2.000016
2.000050
2.000091
2.000135
2.000184
2.000236
2.000291
2.000346
2.000403
2.000458
2.000512
2.000562
2.000609
2.000650
2.000685
2.000711
2.000730
2.000739
2.000739
2.000727
2.000704
2.000669
2.000623
2.000564
2.000494
2.000412
2.000319
2.000216
2.000105
1.999984
1.999858
1.999726
1.999592
1.999455
1.999320
1.999187
1.999059
1.998938
1.998827
1.998728
1.998644
1.998575
1.998526
1.998497
1.998491
1.998509
1.998552
1.998621
1.998718
1.998841
1.998992
1.999169
1.999372
1.999599
1.999848
2.000117
2.000403
2.000703
2.001014
2.001330
2.001648
2.001963
2.002271
2.002565
2.002841
2.003094
2.003318
2.003509
2.003661
2.003770
2.003832
2.003843
2.003800
2.003701
2.003544
2.003328
2.003053
2.002720
2.002331
2.001888
2.001395
2.000857
2.000279
1.999668
1.999032
1.998377
1.997714
1.997051
1.996400
1.995769
1.995170
1.994614
1.994111
1.993672
1.993307
1.993025
1.992837
1.992749
1.992770
1.992905
1.993158
1.993533
1.994031
1.994651
1.995392
1.996250
1.997218
1.998288
1.999451
2.000693
2.002000
2.003357
2.004747
2.006149
2.007543
2.008908
2.010222
2.011462
2.012606
2.013630
2.014514
2.015236
2.015778
2.016122
2.016254
2.016160
2.015833
2.015264
2.014452
2.013397
2.012104
2.010581
2.008840
2.006898
2.004773
2.002489
2.000072
1.997551
1.994959
1.992329
1.989699
1.987105
1.984586
1.982182
1.979932
1.977875
1.976050
1.974494
1.973243
1.972327
1.971779
1.971624
1.971884
1.972579
1.973720
1.975316
1.977368
1.979872
1.982815
1.986178
1.989934
1.994050
1.998482
2.003181
2.008090
2.013144
2.018272
2.023400
2.028447
2.033329
2.037961
2.042258
2.046136
2.049514
2.052316
2.054472
2.055922
2.056613
2.056506
2.055572
2.053794
2.051172
2.047718
2.043456
2.038426
2.032680
2.026283
2.019310
2.011845
2.003981
1.995819
1.987463
1.979023
1.970610
1.962335
1.954311
1.946648
1.939455
1.932836
1.926894
1.921727
1.917426
1.914081
1.911774
1.910580
1.910570
1.911804
1.914333
1.918197
1.923422
1.930020
1.937982
1.947280
1.957863
1.969652
1.982542
1.996401
2.011064
2.026341
2.042011
2.057832
2.073540
2.088855
2.103489
2.117148
2.129547
2.140408
2.149477
2.156523
2.161352
2.163808
2.163779
2.161202
2.156064
2.148402
2.138306
2.125909
2.111393
2.094974
2.076904
2.057458
2.036931
2.015628
1.993855
1.971915
1.950101
1.928688
1.907932
1.888069
1.869308
1.851838
1.835827
1.821426
1.808772
1.797994
1.789218
1.782571
1.778187
1.776208
1.776787
1.780085
1.786269
1.795509
1.807959
1.823754
1.842992
1.865715
1.891895
1.921416
1.954060
1.989498
2.027286
2.066864
2.107564
2.148626
2.189215
2.228448
2.265421
2.299237
2.329039
2.354036
2.373537
2.386969
2.393900
2.394056
2.387330
2.373787
2.353663
2.327357
2.295419
2.258528
2.217474
2.173124
2.126395
2.078217
2.029504
1.981120
1.933848
1.888375
1.845264
1.804955
1.767757
1.733859
1.703340
1.676191
1.652339
1.631670
1.614057
1.599388
1.587593
1.578664
1.572679
1.569820
1.570384
1.574792
1.583584
1.597402
1.616958
1.642987
1.676181
1.717113
1.766150
1.823378
1.888534
1.960965
2.039617
2.123055
2.209504
2.296926
2.383098
2.465709
2.542448
2.611102
2.669634
2.716262
2.749523
2.768324
2.771981
2.760248
2.733326
2.691862
2.636934
2.570012
2.492917
2.407752
2.316825
2.222560
2.127390
2.033650
1.943469
1.858668
1.780681
1.710496
1.648640
1.595198
1.549868
1.512044
1.480913
1.455553
1.435019
1.418414
1.404944
1.393955
1.384955
1.377646
1.371942
1.367999
1.366251
1.367444
1.372664
1.383355
1.401287
1.428480
1.467048
1.518989
1.585910
1.668758
1.767604
1.881514
2.008547
2.145851
2.289834
2.436383
2.581083
2.719442
2.847084
2.959926
3.054323
3.127195
3.176123
3.199430
3.196230
3.166466
3.110914
3.031175
2.929634
2.809397
2.674201
2.528287
2.376251
2.222844
2.072751
1.930336
1.799369
1.682772
1.582416
1.499013
1.432151
1.380470
1.341946
1.314218
1.294888
1.281748
1.272905
1.266837
1.262378
1.258680
1.255168
1.251499
1.247553
1.243444
1.239571
1.236695
1.236042
1.239404
1.249212
1.268533
1.300926
1.350124
1.419538
1.511672
1.627595
1.766634
1.926337
2.102685
2.290450
2.483606
2.675722
2.860314
3.031139
3.182444
3.309155
3.407039
3.472822
3.504281
3.500304
3.460920
3.387310
3.281782
3.147716
2.989485
2.812335
2.622223
2.425612
2.229209
2.039635
1.863039
1.704655
1.568349
1.456244
1.368538
1.303608
1.258434
1.229212
1.211989
1.203153
1.199703
1.199340
1.200418
1.201833
1.202888
1.203182
1.202521
1.200876
1.198386
1.195406
1.192600
1.191069
1.192500
1.199294
1.214631
1.242394
1.286875
1.352240
1.441820
1.557420
1.698854
1.863837
2.048212
2.246371
2.451753
2.657316
2.855949
3.040814
3.205615
3.344813
3.453795
3.528994
3.567980
3.569518
3.533593
3.461409
3.355356
3.218956
3.056765
2.874252
2.677632
2.473660
2.269361
2.071705
1.887212
1.721494
1.578780
1.461494
1.370024
1.302790
1.256665
1.227627
1.211456
1.204273
1.202855
1.204734
1.208160
1.211974
1.215482
1.218324
1.220385
1.221749
1.222686
1.223686
1.225525
1.229353
1.236787
1.249978
1.271609
1.304789
1.352787
1.418627
1.504596
1.611783
1.739776
1.886579
2.048760
2.221739
2.400150
2.578209
2.750042
2.909980
3.052783
3.173838
3.269297
3.336190
3.372495
3.377190
3.350264
3.292715
3.206514
3.094543
2.960518
2.808866
2.644594
2.473104
2.299986
2.130768
1.970625
1.824068
1.694631
1.584602
1.494869
1.424926
1.373081
1.336810
1.313192
1.299295
1.292466
1.290497
1.291681
1.294792
1.299033
1.303966
1.309461
1.315643
1.322878
1.331759
1.343110
1.357991
1.377687
1.403671
1.437531
1.480845
1.535020
1.601107
1.679611
1.770358
1.872413
1.984081
2.102988
2.226210
2.350440
2.472165
2.587845
2.694068
2.787694
2.865972
2.926634
2.967966
2.988854
2.988817
2.968012
2.927222
2.867829
2.791764
2.701444
2.599685
2.489605
2.374506
2.257738
2.142564
2.031998
1.928671
1.834691
1.751550
1.680078
1.620448
1.572252
1.534626
1.506400
1.486258
1.472878
1.465042
1.461706
1.462044
1.465453
1.471554
1.480170
1.491308
1.505125
1.521907
1.542034
1.565946
1.594105
1.626949
1.664844
1.708034
1.756594
1.810388
1.869040
1.931919
1.998145
2.066607
2.136002
2.204883
2.271718
2.334953
2.393069
2.444650
2.488427
2.523334
2.548538
2.563470
2.567845
2.561664
2.545218
2.519072
2.484045
2.441179
2.391701
2.336982
2.278479
2.217689
2.156088
2.095082
2.035949
1.979806
1.927569
1.879936
1.837385
1.800175
1.768377
1.741898
1.720524
1.703954
1.691847
1.683843
1.679599
1.678806
1.681197
1.686554
1.694707
1.705531
1.718933
1.734840
1.753192
1.773923
1.796949
1.822156
1.849389
1.878443
1.909057
1.940910
1.973626
2.006774
2.039880
2.072432
2.103901
2.133751
2.161457
2.186521
2.208488
2.226964
2.241623
2.252222
2.258608
2.260721
2.258599
2.252371
2.242258
2.228560
2.211652
2.191965
2.169977
2.146193
2.121137
2.095326
2.069267
2.043433
2.018261
1.994138
1.971396
1.950309
1.931093
1.913907
1.898859
1.886008
1.875372
1.866937
1.860660
1.856477
1.854309
1.854065
1.855647
1.858950
1.863866
1.870282
1.878081
1.887142
1.897336
1.908530
1.920581
1.933341
1.946650
1.960343
1.974247
1.988184
2.001975
2.015435
2.028388
2.040658
2.052081
2.062504
2.071792
2.079825
2.086507
2.091766
2.095554
2.097850
2.098659
2.098012
2.095967
2.092602
2.088019
2.082338
2.075693
2.068229
2.060102
2.051469
2.042490
2.033323
2.024118
2.015019
2.006160
1.997660
1.989626
1.982152
1.975314
1.969177
1.963787
1.959179
1.955375
1.952383
1.950200
1.948814
1.948203
1.948336
1.949175
1.950677
1.952793
1.955468
1.958643
1.962257
1.966246
1.970542
1.975079
1.979787
1.984599
1.989445
1.994261
1.998981
2.003546
2.007897
2.011983
2.015755
2.019173
2.022200
2.024809
2.026977
2.028690
2.029940
2.030729
2.031063
2.030955
2.030427
2.029504
2.028215
2.026598
2.024690
2.022532
2.020169
2.017644
2.015001
2.012287
2.009543
2.006810
2.004128
2.001533
1.999057
1.996731
1.994578
1.992620
1.990876
1.989358
1.988076
1.987035
1.986237
1.985681
1.985362
1.985272
1.985399
1.985733
1.986256
1.986952
1.987803
1.988789
1.989890
1.991085
1.992351
1.993669
1.995017
1.996375
1.997723
1.999043
2.000317
2.001531
2.002669
2.003719
2.004670
2.005514
2.006244
2.006856
2.007345
2.007712
2.007957
2.008082
2.008092
2.007993
2.007791
2.007495
2.007113
2.006656
2.006133
2.005557
2.004937
2.004286
2.003613
2.002931
2.002248
2.001575
2.000921
2.000294
1.999701
1.999149
1.998643
1.998189
1.997789
1.997446
1.997161
1.996936
1.996770
1.996662
1.996610
1.996613
1.996665
1.996765
1.996907
1.997088
1.997302
1.997545
1.997811
1.998095
1.998392
1.998698
1.999006
1.999313
1.999614
1.999906
2.000183
2.000445
2.000686
2.000906
2.001102
2.001273
2.001416
2.001534
2.001624
2.001688
2.001725
2.001737
2.001725
2.001691
2.001636
2.001563
2.001472
2.001368
2.001252
2.001126
2.000993
2.000855
2.000714
2.000573
2.000433
2.000298
2.000166
2.000043
1.999926
1.999820
1.999723
1.999638
1.999564
1.999503
1.999452
1.999415
1.999388
1.999374
1.999370
1.999377
1.999392
1.999417
1.999448
1.999487
1.999530
1.999578
1.999628
1.999681
1.999733
1.999786
1.999836
1.999885
1.999928
1.999970
2.000004
2.000035
2.000059
2.000078
2.000090
2.000098
2.000100
2.000098
2.000092
2.000085
2.000075
2.000067
2.000061
2.000061
2.000067
2.000075
