1.999951
1.999936
1.999930
1.999930
1.999936
1.999951
1.999975
2.000011
2.000057
2.000116
2.000188
2.000272
2.000369
2.000477
2.000596
2.000726
2.000863
2.001007
2.001155
2.001305
2.001455
2.001603
2.001743
2.001876
2.001997
2.002103
2.002191
2.002258
2.002302
2.002320
2.002309
2.002269
2.002195
2.002089
2.001949
2.001774
2.001565
2.001323
2.001048
2.000744
2.000412
2.000057
1.999681
1.999289
1.998886
1.998478
1.998070
1.997669
1.997281
1.996914
1.996574
1.996268
1.996003
1.995787
1.995625
1.995524
1.995489
1.995526
1.995637
1.995828
1.996098
1.996452
1.996887
1.997403
1.997997
1.998667
1.999404
2.000206
2.001061
2.001962
2.002897
2.003855
2.004824
2.005789
2.006736
2.007651
2.008516
2.009318
2.010040
2.010667
2.011185
2.011579
2.011836
2.011945
2.011896
2.011682
2.011294
2.010732
2.009990
2.009073
2.007983
2.006728
2.005315
2.003760
2.002074
2.000279
1.998393
1.996441
1.994446
1.992439
1.990446
1.988500
1.986632
1.984874
1.983259
1.981820
1.980588
1.979594
1.978865
1.978429
1.978309
1.978525
1.979092
1.980024
1.981327
1.983003
1.985049
1.987455
1.990205
1.993279
1.996649
2.000282
2.004137
2.008171
2.012333
2.016568
2.020817
2.025019
2.029108
2.033019
2.036684
2.040036
2.043011
2.045545
2.047579
2.049060
2.049937
2.050170
2.049724
2.048574
2.046702
2.044103
2.040780
2.036749
2.032036
2.026677
2.020721
2.014227
2.007263
1.999909
1.992254
1.984393
1.976431
1.968479
1.960649
1.953063
1.945841
1.939105
1.932976
1.927574
1.923013
1.919402
1.916842
1.915426
1.915233
1.916331
1.918771
1.922590
1.927802
1.934405
1.942374
1.951662
1.962198
1.973890
1.986620
2.000249
2.014616
2.029539
2.044819
2.060242
2.075579
2.090595
2.105044
2.118685
2.131274
2.142578
2.152370
2.160443
2.166606
2.170693
2.172563
2.172106
2.169242
2.163928
2.156154
2.145949
2.133378
2.118544
2.101583
2.082670
2.062007
2.039831
2.016402
1.992006
1.966948
1.941549
1.916143
1.891073
1.866688
1.843339
1.821372
1.801135
1.782962
1.767183
1.754111
1.744043
1.737257
1.734007
1.734516
1.738972
1.747521
1.760261
1.777234
1.798418
1.823721
1.852978
1.885942
1.922289
1.961614
2.003437
2.047206
2.092304
2.138064
2.183774
2.228694
2.272069
2.313140
2.351165
2.385429
2.415260
2.440043
2.459230
2.472357
2.479048
2.479028
2.472131
2.458297
2.437587
2.410170
2.376334
2.336474
2.291086
2.240762
2.186177
2.128075
2.067253
2.004551
1.940825
1.876938
1.813737
1.752040
1.692622
1.636204
1.583446
1.534948
1.491254
1.452858
1.420225
1.393800
1.374031
1.361376
1.356316
1.359348
1.370969
1.391652
1.421802
1.461712
1.511516
1.571144
1.640292
1.718399
1.804647
1.897966
1.997056
2.100420
2.206395
2.313195
2.418953
2.521759
2.619709
2.710937
2.793660
2.866213
2.927083
2.974944
3.008682
3.027421
3.030551
3.017734
2.988929
2.944393
2.884684
2.810659
2.723467
2.624529
2.515517
2.398322
2.275021
2.147822
2.019014
1.890902
1.765733
1.645614
1.532433
1.427770
1.332826
1.248362
1.174677
1.111624
1.058675
1.015032
0.979777
0.952041
0.931171
0.916880
0.909371
0.909402
0.918302
0.937894
0.970337
1.017865
1.082480
1.165650
1.268078
1.389586
1.529114
1.684797
1.854099
2.033949
2.220880
2.411159
2.600900
2.786169
2.963077
3.127866
3.276987
3.407173
3.515507
3.599479
3.657041
3.686656
3.687332
3.658661
3.600833
3.514657
3.401560
3.263581
3.103355
2.924080
2.729476
2.523726
2.311402
2.097365
1.886649
1.684299
1.495172
1.323685
1.173495
1.047141
0.945689
0.868490
0.813206
0.776178
0.753052
0.739454
0.731503
0.726089
0.720974
0.714796
0.707046
0.698100
0.689294
0.683073
0.683145
0.694529
0.723319
0.775953
0.858053
0.973261
1.122630
1.304716
1.516067
1.751793
2.006060
2.272465
2.544319
2.814864
3.077456
3.325709
3.553624
3.755711
3.927084
4.063558
4.161728
4.219034
4.233822
4.205383
4.133984
4.020883
3.868328
3.679544
3.458701
3.210867
2.941943
2.658580
2.368071
2.078218
1.797150
1.533092
1.294019
1.087160
0.918253
0.790519
0.703543
0.652710
0.630094
0.626632
0.634153
0.646363
0.658904
0.668996
0.674993
0.676016
0.671712
0.662147
0.647836
0.629929
0.610558
0.593353
0.584055
0.590961
0.624567
0.695647
0.812079
0.976656
1.187291
1.438419
1.722386
2.030398
2.353151
2.681226
3.005382
3.316762
3.607086
3.868784
4.095142
4.280401
4.419868
4.509979
4.548376
4.533941
4.466833
4.348484
4.181604
3.970137
3.719226
3.435137
3.125179
2.797590
2.461416
2.126340
1.802491
1.500163
1.229430
0.999519
0.817793
0.688121
0.608887
0.572029
0.565291
0.576436
0.595893
0.617258
0.636684
0.652076
0.662408
0.667242
0.666430
0.659975
0.648041
0.631093
0.610219
0.587628
0.567390
0.556283
0.564429
0.604657
0.689505
0.826717
1.017268
1.256671
1.537087
1.848922
2.181804
2.525172
2.868652
3.202326
3.516928
3.804013
4.056087
4.266731
4.430683
4.543922
4.603719
4.608674
4.558730
4.455178
4.300621
4.098948
3.855259
3.575798
3.267847
2.939615
2.600097
2.258920
1.926143
1.612016
1.326639
1.079458
0.878442
0.728751
0.630863
0.579042
0.562220
0.567841
0.585273
0.606991
0.628253
0.646328
0.659766
0.667871
0.670365
0.667227
0.658675
0.645299
0.628333
0.610102
0.594620
0.588237
0.599982
0.640873
0.721493
0.848636
1.023600
1.242909
1.499926
1.786244
2.092625
2.409588
2.727785
3.038268
3.332681
3.603408
3.843696
4.047750
4.210807
4.329198
4.400385
4.422979
4.396751
4.322612
4.202591
4.039782
3.838290
3.603151
3.340243
3.056184
2.758208
2.454038
2.151721
1.859453
1.585345
1.337120
1.121683
0.944504
0.808742
0.714263
0.657020
0.629653
0.623368
0.629954
0.642888
0.657533
0.670854
0.681048
0.687222
0.689208
0.687498
0.683304
0.678721
0.676940
0.682438
0.700965
0.739110
0.803299
0.898456
1.026944
1.188275
1.379514
1.595946
1.831731
2.080420
2.335336
2.589847
2.837568
3.072519
3.289235
3.482866
3.649238
3.784918
3.887241
3.954343
3.985163
3.979446
3.937724
3.861294
3.752172
3.613052
3.447246
3.258615
3.051492
2.830600
2.600957
2.367771
2.136327
1.911852
1.699366
1.503496
1.328257
1.176788
1.051060
0.951601
0.877348
0.825730
0.793072
0.775207
0.768111
0.768373
0.773457
0.781784
0.792720
0.806510
0.824183
0.847441
0.878492
0.919824
0.973905
1.042862
1.128168
1.230435
1.349316
1.483548
1.631070
1.789195
1.954788
2.124443
2.294624
2.461803
2.622561
2.773680
2.912212
3.035535
3.141401
3.227968
3.293821
3.337987
3.359940
3.359597
3.337311
3.293846
3.230360
3.148373
3.049728
2.936557
2.811229
2.676306
2.534490
2.388560
2.241320
2.095528
1.953834
1.818704
1.692351
1.576664
1.473137
1.382824
1.306299
1.243668
1.194607
1.158449
1.134296
1.121158
1.118069
1.124181
1.138830
1.161543
1.192026
1.230112
1.275700
1.328686
1.388894
1.456024
1.529615
1.609020
1.693404
1.781759
1.872921
1.965609
2.058455
2.150047
2.238966
2.323825
2.403302
2.476168
2.541321
2.597799
2.644806
2.681721
2.708108
2.723723
2.728511
2.722609
2.706336
2.680184
2.644806
2.601002
2.549699
2.491933
2.428825
2.361563
2.291371
2.219489
2.147143
2.075526
2.005768
1.938915
1.875911
1.817576
1.764597
1.717521
1.676748
1.642536
1.615012
1.594184
1.579954
1.572139
1.570488
1.574698
1.584425
1.599296
1.618915
1.642868
1.670719
1.702021
1.736303
1.773079
1.811843
1.852078
1.893251
1.934822
1.976250
2.016997
2.056539
2.094372
2.130018
2.163037
2.193029
2.219646
2.242592
2.261634
2.276598
2.287377
2.293931
2.296283
2.294523
2.288802
2.279327
2.266360
2.250208
2.231224
2.209789
2.186313
2.161223
2.134958
2.107957
2.080654
2.053470
2.026806
2.001034
1.976497
1.953499
1.932308
1.913144
1.896188
1.881577
1.869402
1.859716
1.852530
1.847821
1.845530
1.845570
1.847826
1.852160
1.858416
1.866419
1.875980
1.886902
1.898979
1.911997
1.925745
1.940005
1.954568
1.969223
1.983771
1.998019
2.011786
2.024901
2.037214
2.048585
2.058895
2.068041
2.075944
2.082541
2.087791
2.091675
2.094192
2.095360
2.095220
2.093825
2.091248
2.087574
2.082902
2.077342
2.071011
2.064032
2.056536
2.048650
2.040507
2.032232
2.023952
2.015783
2.007837
2.000215
1.993010
1.986303
1.980165
1.974652
1.969812
1.965677
1.962272
1.959603
1.957674
1.956469
1.955972
1.956149
1.956965
1.958374
1.960327
1.962767
1.965636
1.968872
1.972410
1.976186
1.980136
1.984193
1.988298
1.992389
1.996412
2.000310
2.004039
2.007551
2.010810
2.013781
2.016439
2.018758
2.020726
2.022330
2.023567
2.024435
2.024943
2.025099
2.024921
2.024425
2.023637
2.022580
2.021284
2.019778
2.018096
2.016268
2.014330
2.012312
2.010248
2.008168
2.006105
2.004083
2.002131
2.000270
1.998524
1.996908
1.995440
1.994130
1.992989
1.992023
1.991236
1.990628
1.990198
1.989941
1.989853
1.989921
1.990140
1.990494
1.990974
1.991561
1.992246
1.993008
1.993836
1.994712
1.995622
1.996550
1.997482
1.998404
1.999305
2.000171
2.000994
2.001762
2.002469
2.003107
2.003673
2.004161
2.004569
2.004896
2.005142
2.005307
2.005396
2.005408
2.005351
2.005227
2.005044
2.004806
2.004521
2.004194
2.003835
2.003447
2.003041
2.002620
2.002195
2.001768
2.001348
2.000938
2.000545
2.000172
1.999825
1.999504
1.999215
1.998957
1.998733
1.998543
1.998388
1.998267
1.998180
1.998124
1.998100
1.998103
1.998133
1.998185
1.998259
1.998350
1.998456
1.998573
1.998700
1.998831
1.998966
1.999101
1.999234
1.999362
1.999484
1.999597
1.999702
1.999794
1.999877
1.999946
2.000005
2.000050
2.000085
2.000108
2.000123
2.000129
2.000129
2.000123
2.000108
