1.999973
1.999947
1.999935
1.999935
1.999947
1.999973
2.000012
2.000067
2.000136
2.000221
2.000320
2.000433
2.000560
2.000699
2.000849
2.001007
2.001173
2.001343
2.001515
2.001686
2.001854
2.002015
2.002165
2.002302
2.002422
2.002523
2.002599
2.002650
2.002672
2.002662
2.002617
2.002537
2.002420
2.002265
2.002070
2.001839
2.001569
2.001263
2.000924
2.000554
2.000156
1.999735
1.999296
1.998844
1.998385
1.997926
1.997473
1.997034
1.996617
1.996230
1.995879
1.995574
1.995322
1.995130
1.995005
1.994953
1.994980
1.995092
1.995291
1.995581
1.995962
1.996436
1.997001
1.997656
1.998394
1.999213
2.000102
2.001056
2.002062
2.003111
2.004188
2.005280
2.006372
2.007448
2.008490
2.009482
2.010406
2.011244
2.011980
2.012597
2.013078
2.013410
2.013578
2.013571
2.013379
2.012995
2.012414
2.011634
2.010654
2.009478
2.008114
2.006570
2.004860
2.003001
2.001010
1.998912
1.996731
1.994495
1.992235
1.989983
1.987773
1.985642
1.983624
1.981758
1.980078
1.978623
1.977426
1.976520
1.975936
1.975700
1.975837
1.976366
1.977302
1.978654
1.980426
1.982617
1.985217
1.988211
1.991576
1.995285
1.999300
2.003582
2.008079
2.012738
2.017499
2.022297
2.027064
2.031728
2.036215
2.040451
2.044360
2.047868
2.050905
2.053402
2.055297
2.056533
2.057058
2.056833
2.055824
2.054010
2.051377
2.047928
2.043672
2.038635
2.032854
2.026378
2.019267
2.011597
2.003452
1.994927
1.986129
1.977172
1.968177
1.959275
1.950597
1.942282
1.934466
1.927290
1.920887
1.915392
1.910930
1.907618
1.905565
1.904866
1.905601
1.907835
1.911612
1.916957
1.923873
1.932338
1.942307
1.953708
1.966444
1.980391
1.995400
2.011300
2.027894
2.044967
2.062285
2.079600
2.096651
2.113171
2.128891
2.143540
2.156854
2.168581
2.178480
2.186333
2.191941
2.195136
2.195777
2.193761
2.189019
2.181519
2.171272
2.158329
2.142780
2.124759
2.104438
2.082025
2.057767
2.031943
2.004860
1.976853
1.948278
1.919510
1.890937
1.862956
1.835971
1.810386
1.786602
1.765013
1.746003
1.729942
1.717178
1.708038
1.702817
1.701780
1.705146
1.713089
1.725726
1.743112
1.765231
1.791992
1.823222
1.858664
1.897974
1.940726
1.986409
2.034439
2.084164
2.134873
2.185810
2.236183
2.285182
2.331990
2.375798
2.415823
2.451318
2.481589
2.506007
2.524023
2.535174
2.539100
2.535545
2.524370
2.505553
2.479196
2.445520
2.404870
2.357706
2.304596
2.246211
2.183313
2.116737
2.047381
1.976186
1.904122
1.832161
1.761267
1.692374
1.626369
1.564085
1.506288
1.453678
1.406891
1.366508
1.333071
1.307097
1.289095
1.279574
1.279050
1.288031
1.306994
1.336348
1.376390
1.427256
1.488879
1.560957
1.642929
1.733974
1.833021
1.938762
2.049687
2.164116
2.280233
2.396125
2.509826
2.619351
2.722738
2.818085
2.903585
2.977563
3.038509
3.085107
3.116265
3.131138
3.129151
3.110013
3.073737
3.020641
2.951354
2.866817
2.768269
2.657237
2.535511
2.405119
2.268289
2.127401
1.984938
1.843417
1.705318
1.572995
1.448586
1.333913
1.230386
1.138922
1.059896
0.993141
0.938009
0.893506
0.858477
0.831827
0.812741
0.800876
0.796505
0.800593
0.814773
0.841216
0.882373
0.940629
1.017930
1.115476
1.233543
1.371456
1.527658
1.699845
1.885113
2.080100
2.281119
2.484275
2.685562
2.880962
3.066527
3.238461
3.393192
3.527443
3.638291
3.723234
3.780235
3.807774
3.804884
3.771184
3.706901
3.612885
3.490613
3.342183
3.170304
2.978258
2.769874
2.549464
2.321764
2.091844
1.864998
1.646603
1.441936
1.255925
1.092828
0.955814
0.846501
0.764537
0.707470
0.671086
0.650208
0.639617
0.634745
0.632019
0.628945
0.624053
0.616852
0.607828
0.598545
0.591834
0.591999
0.604889
0.637549
0.697187
0.789639
0.918090
1.082736
1.281215
1.509301
1.761526
2.031645
2.312973
2.598630
2.881728
3.155531
3.413592
3.649872
3.858848
4.035618
4.175984
4.276533
4.334707
4.348852
4.318266
4.243228
4.125009
3.965877
3.769083
3.538831
3.280233
2.999249
2.702610
2.397720
2.092532
1.795401
1.514869
1.259388
1.036874
0.854014
0.715193
0.621037
0.567229
0.545008
0.543863
0.554348
0.569382
0.584245
0.596051
0.603175
0.604796
0.600610
0.590705
0.575594
0.556427
0.535387
0.516328
0.505554
0.512444
0.549012
0.627244
0.754938
0.933706
1.160111
1.427520
1.727572
2.051015
2.388266
2.729717
3.066017
3.388226
3.688015
3.957773
4.190767
4.381214
4.524416
4.616796
4.655999
4.640898
4.571662
4.449723
4.277805
4.059858
3.801051
3.507668
3.187061
2.847514
2.498153
2.148764
1.809654
1.491376
1.204437
0.958745
0.762737
0.621739
0.535556
0.496351
0.490425
0.503739
0.525518
0.548821
0.569658
0.585982
0.596865
0.601958
0.601165
0.594494
0.582063
0.564252
0.542057
0.517654
0.495272
0.482274
0.490056
0.533302
0.625869
0.775018
0.980193
1.235469
1.531994
1.859550
2.207374
2.564674
2.920921
3.266105
3.590891
3.886793
4.146284
4.362926
4.531438
4.647794
4.709252
4.714415
4.663221
4.556966
4.398254
4.190988
3.940276
3.652386
3.334621
2.995236
2.643279
2.288468
1.940989
1.611306
1.309849
1.046619
0.830453
0.667814
0.560702
0.504274
0.486696
0.493658
0.513086
0.536672
0.559389
0.578460
0.592492
0.600845
0.603277
0.599755
0.590445
0.575849
0.557125
0.536595
0.518483
0.509757
0.520687
0.563979
0.651458
0.789706
0.978777
1.213835
1.487193
1.789741
2.111778
2.443532
2.775458
3.098483
3.404158
3.684809
3.933633
4.144806
4.313540
4.436150
4.510082
4.533941
4.507491
4.431645
4.308428
4.140944
3.933304
3.690563
3.418619
3.124125
2.814362
2.497123
2.180560
1.873024
1.582862
1.318159
1.086371
0.893770
0.744589
0.639844
0.576211
0.546075
0.539560
0.547238
0.561671
0.577679
0.591949
0.602540
0.608485
0.609568
0.606244
0.599734
0.592228
0.587200
0.589693
0.606375
0.644996
0.713007
0.815739
0.955212
1.130137
1.336675
1.569316
1.821598
2.086606
2.357322
2.626865
2.888669
3.136613
3.365130
3.569287
3.744851
3.888335
3.997037
4.069058
4.103314
4.099528
4.058219
3.980669
3.868892
3.725581
3.554051
3.358175
3.142310
2.911213
2.669951
2.423807
2.178173
1.938427
1.709804
1.497229
1.305127
1.137168
0.995972
0.882767
0.797097
0.736728
0.697917
0.676060
0.666482
0.665107
0.668840
0.675718
0.684900
0.696607
0.712022
0.733173
0.762735
0.803748
0.859225
0.931711
1.022892
1.133357
1.262544
1.408847
1.569806
1.742331
1.922916
2.107822
2.293229
2.475367
2.650613
2.815576
2.967162
3.102628
3.219620
3.316205
3.390891
3.442639
3.470865
3.475437
3.456663
3.415274
3.352399
3.269536
3.168515
3.051462
2.920750
2.778961
2.628824
2.473173
2.314882
2.156812
2.001746
1.852327
1.710989
1.579889
1.460838
1.355240
1.264036
1.187685
1.126165
1.079034
1.045523
1.024676
1.015486
1.017032
1.028560
1.049528
1.079597
1.118580
1.166368
1.222849
1.287825
1.360950
1.441683
1.529275
1.622761
1.720987
1.822631
1.926249
2.030311
2.133249
2.233495
2.329523
2.419878
2.503218
2.578328
2.644151
2.699802
2.744583
2.777986
2.799707
2.809641
2.807878
2.794702
2.770579
2.736142
2.692182
2.639626
2.579523
2.513016
2.441328
2.365732
2.287534
2.208039
2.128537
2.050270
1.974417
1.902064
1.834191
1.771651
1.715160
1.665289
1.622457
1.586938
1.558868
1.538253
1.524990
1.518879
1.519644
1.526945
1.540394
1.559562
1.583987
1.613180
1.646624
1.683778
1.724081
1.766946
1.811773
1.857945
1.904841
1.951834
1.998309
2.043661
2.087310
2.128706
2.167342
2.202753
2.234534
2.262333
2.285869
2.304924
2.319356
2.329089
2.334123
2.334526
2.330434
2.322047
2.309625
2.293481
2.273976
2.251508
2.226514
2.199448
2.170785
2.141006
2.110592
2.080014
2.049728
2.020166
1.991730
1.964786
1.939661
1.916637
1.895951
1.877791
1.862298
1.849565
1.839642
1.832531
1.828196
1.826564
1.827528
1.830949
1.836666
1.844493
1.854225
1.865643
1.878519
1.892611
1.907678
1.923472
1.939752
1.956274
1.972806
1.989121
2.005009
2.020267
2.034715
2.048184
2.060531
2.071627
2.081371
2.089681
2.096499
2.101788
2.105538
2.107758
2.108479
2.107751
2.105646
2.102249
2.097664
2.092004
2.085396
2.077974
2.069879
2.061253
2.052245
2.042996
2.033651
2.024343
2.015204
2.006354
1.997904
1.989953
1.982590
1.975887
1.969908
1.964698
1.960293
1.956713
1.953966
1.952047
1.950942
1.950623
1.951054
1.952189
1.953978
1.956360
1.959273
1.962646
1.966412
1.970494
1.974823
1.979322
1.983922
1.988552
1.993147
1.997642
2.001981
2.006110
2.009982
2.013555
2.016794
2.019669
2.022159
2.024246
2.025923
2.027184
2.028034
2.028480
2.028537
2.028221
2.027558
2.026572
2.025295
2.023758
2.021996
2.020045
2.017942
2.015724
2.013428
2.011089
2.008744
2.006423
2.004160
2.001980
1.999912
1.997976
1.996194
1.994579
1.993148
1.991908
1.990867
1.990027
1.989389
1.988950
1.988705
1.988646
1.988763
1.989044
1.989477
1.990044
1.990732
1.991522
1.992399
1.993343
1.994339
1.995368
1.996415
1.997462
1.998496
1.999501
2.000466
2.001378
2.002229
2.003008
2.003710
2.004328
2.004859
2.005299
2.005648
2.005906
2.006075
2.006156
2.006155
2.006074
2.005922
2.005703
2.005425
2.005093
2.004718
2.004305
2.003864
2.003401
2.002926
2.002443
2.001962
2.001487
2.001027
2.000584
2.000166
1.999775
1.999416
1.999091
1.998802
1.998550
1.998338
1.998164
1.998029
1.997930
1.997868
1.997839
1.997843
1.997875
1.997934
1.998016
1.998118
1.998236
1.998369
1.998510
1.998660
1.998812
1.998965
1.999116
1.999263
1.999402
1.999533
1.999653
1.999761
1.999856
1.999937
2.000004
2.000057
2.000094
2.000119
2.000130
2.000130
2.000119
2.000094
