1.999939
1.999934
1.999933
1.999933
1.999934
1.999939
1.999950
1.999968
1.999994
2.000031
2.000077
2.000134
2.000202
2.000281
2.000370
2.000469
2.000577
2.000693
2.000813
2.000940
2.001067
2.001195
2.001320
2.001441
2.001554
2.001658
2.001748
2.001824
2.001880
2.001918
2.001932
2.001922
2.001885
2.001822
2.001729
2.001607
2.001455
2.001274
2.001065
2.000829
2.000566
2.000282
1.999976
1.999654
1.999319
1.998976
1.998628
1.998282
1.997943
1.997616
1.997307
1.997024
1.996769
1.996552
1.996377
1.996249
1.996174
1.996156
1.996199
1.996308
1.996483
1.996728
1.997042
1.997426
1.997878
1.998397
1.998977
1.999616
2.000305
2.001040
2.001810
2.002609
2.003423
2.004244
2.005058
2.005855
2.006619
2.007340
2.008001
2.008592
2.009099
2.009509
2.009811
2.009994
2.010049
2.009968
2.009743
2.009372
2.008849
2.008177
2.007354
2.006387
2.005281
2.004046
2.002691
2.001231
1.999683
1.998064
1.996394
1.994696
1.992993
1.991312
1.989678
1.988118
1.986661
1.985333
1.984162
1.983175
1.982397
1.981852
1.981561
1.981543
1.981815
1.982389
1.983274
1.984476
1.985993
1.987822
1.989953
1.992372
1.995058
1.997988
2.001131
2.004451
2.007910
2.011462
2.015061
2.018655
2.022190
2.025610
2.028859
2.031879
2.034614
2.037008
2.039009
2.040568
2.041639
2.042184
2.042169
2.041568
2.040361
2.038538
2.036098
2.033047
2.029401
2.025188
2.020442
2.015209
2.009541
2.003501
1.997159
1.990594
1.983889
1.977134
1.970425
1.963859
1.957538
1.951565
1.946041
1.941069
1.936747
1.933170
1.930429
1.928605
1.927773
1.927997
1.929331
1.931813
1.935470
1.940309
1.946323
1.953487
1.961753
1.971057
1.981312
1.992415
2.004240
2.016643
2.029464
2.042527
2.055643
2.068614
2.081231
2.093287
2.104569
2.114870
2.123990
2.131740
2.137946
2.142452
2.145123
2.145851
2.144552
2.141174
2.135693
2.128120
2.118496
2.106893
2.093418
2.078206
2.061419
2.043248
2.023904
2.003622
1.982652
1.961260
1.939721
1.918319
1.897341
1.877080
1.857823
1.839858
1.823467
1.808924
1.796494
1.786434
1.778984
1.774371
1.772799
1.774452
1.779482
1.788007
1.800105
1.815807
1.835086
1.857859
1.883974
1.913210
1.945277
1.979811
2.016381
2.054490
2.093585
2.133065
2.172293
2.210605
2.247326
2.281785
2.313325
2.341322
2.365195
2.384422
2.398547
2.407197
2.410085
2.407023
2.397919
2.382790
2.361753
2.335034
2.302953
2.265926
2.224454
2.179113
2.130539
2.079417
2.026465
1.972417
1.918007
1.863957
1.810957
1.759658
1.710662
1.664518
1.621718
1.582709
1.547894
1.517650
1.492338
1.472324
1.457990
1.449744
1.448024
1.453290
1.466007
1.486619
1.515507
1.552954
1.599093
1.653868
1.717003
1.787984
1.866047
1.950189
2.039187
2.131624
2.225929
2.320415
2.413324
2.502867
2.587270
2.664816
2.733883
2.792983
2.840795
2.876195
2.898284
2.906410
2.900186
2.879503
2.844539
2.795760
2.733915
2.660029
2.575381
2.481484
2.380052
2.272956
2.162184
2.049781
1.937786
1.828166
1.722746
1.623131
1.530647
1.446281
1.370650
1.303993
1.246196
1.196853
1.155356
1.121010
1.093151
1.071276
1.055150
1.044905
1.041100
1.044753
1.057311
1.080563
1.116475
1.166970
1.233668
1.317646
1.419259
1.538052
1.672765
1.821403
1.981355
2.149526
2.322473
2.496529
2.667922
2.832880
2.987725
3.128963
3.253356
3.358000
3.440384
3.498447
3.530624
3.535890
3.513790
3.464459
3.388635
3.287664
3.163487
3.018621
2.856123
2.679542
2.492854
2.300374
2.106655
1.916345
1.734024
1.563996
1.410043
1.275142
1.161194
1.068789
0.997124
0.944118
0.906747
0.881508
0.864889
0.853728
0.845436
0.838091
0.830472
0.822077
0.813149
0.804753
0.798883
0.798574
0.807946
0.832056
0.876433
0.946267
1.045450
1.175857
1.337104
1.526759
1.740776
1.973956
2.220356
2.473610
2.727191
2.974611
3.209593
3.426217
3.619042
3.783217
3.914577
4.009726
4.066108
4.082060
4.056860
3.990754
3.884971
3.741722
3.564180
3.356453
3.123524
2.871185
2.605943
2.334895
2.065573
1.805737
1.563090
1.344889
1.157394
1.005143
0.890099
0.810963
0.763159
0.739830
0.733452
0.737220
0.745749
0.755165
0.762882
0.767294
0.767495
0.763087
0.754100
0.741021
0.724943
0.707854
0.693037
0.685519
0.692378
0.722487
0.785221
0.888193
1.035210
1.225724
1.455583
1.718182
2.005451
2.308560
2.618404
2.925950
3.222482
3.499813
3.750443
3.967699
4.145858
4.280244
4.367308
4.404698
4.391296
4.327255
4.213999
4.054217
3.851831
3.611947
3.340781
3.045575
2.734472
2.416379
2.100782
1.797508
1.516399
1.266839
1.057018
0.892844
0.776486
0.705061
0.670703
0.662821
0.671105
0.687350
0.705857
0.723044
0.736847
0.746180
0.750531
0.749706
0.743703
0.732721
0.717289
0.698540
0.678637
0.661354
0.652715
0.661398
0.698258
0.774258
0.897207
1.069546
1.288534
1.547742
1.838545
2.151206
2.475569
2.801527
3.119336
3.419851
3.694705
3.936467
4.138754
4.296336
4.405210
4.462660
4.467292
4.419054
4.319228
4.170412
3.976476
3.742498
3.474684
3.180268
2.867384
2.544922
2.222354
1.909502
1.616257
1.352162
1.125805
0.943893
0.809942
0.722846
0.676309
0.660353
0.664297
0.679095
0.698171
0.717221
0.733657
0.746039
0.753646
0.756184
0.753650
0.746314
0.734827
0.720458
0.705455
0.693499
0.690162
0.703106
0.741547
0.814602
0.928880
1.086752
1.286270
1.522173
1.787095
2.072521
2.369462
2.668907
2.962140
3.240965
3.497883
3.726227
3.920262
4.075274
4.187627
4.254808
4.275446
4.249322
4.177354
4.061567
3.905048
3.711884
3.487085
3.236489
2.966652
2.684724
2.398301
2.115248
1.843492
1.590747
1.364153
1.169784
1.011989
0.892611
0.810333
0.760615
0.736621
0.730781
0.736198
0.747374
0.760332
0.772430
0.782077
0.788506
0.791616
0.791921
0.790587
0.789539
0.791598
0.800577
0.821243
0.858974
0.919084
1.005880
1.121821
1.267096
1.439713
1.635907
1.850666
2.078205
2.312363
2.546903
2.775742
2.993132
3.193789
3.373002
3.526711
3.651571
3.744991
3.805164
3.831078
3.822513
3.780030
3.704945
3.599285
3.465746
3.307628
3.128769
2.933462
2.726366
2.512405
2.296653
2.084204
1.880023
1.688767
1.514583
1.360867
1.230011
1.123161
1.040070
0.979117
0.937557
0.911963
0.898745
0.894603
0.896825
0.903446
0.913277
0.925884
0.941520
0.961048
0.985836
1.017628
1.058368
1.109990
1.174184
1.252164
1.344497
1.450994
1.570705
1.701974
1.842559
1.989764
2.140592
2.291880
2.440424
2.583088
2.716898
2.839115
2.947297
3.039352
3.113569
3.168648
3.203712
3.218321
3.212460
3.186539
3.141369
3.078141
2.998392
2.903973
2.797004
2.679823
2.554942
2.424978
2.292602
2.160465
2.031130
1.907000
1.790239
1.682705
1.585883
1.500830
1.428158
1.368029
1.320199
1.284093
1.258909
1.243724
1.237609
1.239713
1.249324
1.265898
1.289057
1.318567
1.354292
1.396146
1.444037
1.497816
1.557231
1.621896
1.691274
1.764666
1.841221
1.919950
1.999755
2.079455
2.157823
2.233619
2.305626
2.372678
2.433698
2.487714
2.533888
2.571531
2.600117
2.619295
2.628890
2.628905
2.619523
2.601094
2.574130
2.539290
2.497363
2.449252
2.395951
2.338526
2.278085
2.215758
2.152668
2.089910
2.028521
1.969462
1.913596
1.861672
1.814315
1.772014
1.735129
1.703887
1.678397
1.658661
1.644590
1.636022
1.632736
1.634471
1.640935
1.651814
1.666783
1.685502
1.707623
1.732786
1.760617
1.790731
1.822727
1.856187
1.890683
1.925770
1.961001
1.995924
2.030088
2.063055
2.094403
2.123731
2.150675
2.174902
2.196127
2.214111
2.228670
2.239676
2.247056
2.250799
2.250952
2.247615
2.240946
2.231151
2.218482
2.203229
2.185717
2.166295
2.145335
2.123215
2.100323
2.077037
2.053730
2.030756
2.008446
1.987104
1.967003
1.948380
1.931434
1.916330
1.903191
1.892105
1.883123
1.876262
1.871510
1.868823
1.868135
1.869353
1.872370
1.877055
1.883270
1.890859
1.899661
1.909505
1.920217
1.931617
1.943528
1.955769
1.968165
1.980544
1.992741
2.004598
2.015969
2.026715
2.036714
2.045857
2.054051
2.061215
2.067292
2.072237
2.076024
2.078646
2.080111
2.080444
2.079688
2.077897
2.075140
2.071497
2.067060
2.061924
2.056197
2.049986
2.043403
2.036559
2.029566
2.022529
2.015554
2.008735
2.002165
1.995922
1.990082
1.984705
1.979845
1.975544
1.971835
1.968738
1.966266
1.964420
1.963195
1.962574
1.962535
1.963048
1.964077
1.965581
1.967516
1.969830
1.972473
1.975391
1.978529
1.981833
1.985248
1.988720
1.992199
1.995635
1.998982
2.002198
2.005244
2.008085
2.010693
2.013040
2.015108
2.016880
2.018347
2.019501
2.020343
2.020876
2.021107
2.021049
2.020716
2.020127
2.019303
2.018267
2.017046
2.015665
2.014152
2.012536
2.010845
2.009105
2.007346
2.005590
2.003866
2.002193
2.000593
1.999084
1.997683
1.996403
1.995256
1.994249
1.993391
1.992683
1.992128
1.991723
1.991468
1.991355
1.991381
1.991534
1.991807
1.992186
1.992664
1.993224
1.993857
1.994546
1.995281
1.996047
1.996833
1.997624
1.998411
1.999181
1.999925
2.000633
2.001298
2.001911
2.002468
2.002963
2.003394
2.003757
2.004051
2.004276
2.004433
2.004522
2.004548
2.004512
2.004420
2.004274
2.004083
2.003849
2.003580
2.003279
2.002956
2.002613
2.002259
2.001898
2.001537
2.001179
2.000831
2.000495
2.000178
1.999880
1.999606
1.999357
1.999137
1.998944
1.998782
1.998648
1.998545
1.998469
1.998423
1.998401
1.998406
1.998431
1.998478
1.998541
1.998621
1.998712
1.998814
1.998922
1.999037
1.999152
1.999268
1.999380
1.999490
1.999592
1.999688
1.999774
1.999852
1.999919
1.999976
2.000022
2.000058
2.000084
2.000103
2.000113
2.000119
2.000119
2.000119
2.000119
2.000113
