1.999989
1.999992
1.999995
1.999995
1.999992
1.999989
1.999985
1.999981
1.999978
1.999976
1.999975
1.999975
1.999977
1.999980
1.999983
1.999989
1.999994
2.000001
2.000008
2.000016
2.000024
2.000032
2.000040
2.000049
2.000057
2.000065
2.000072
2.000079
2.000085
2.000091
2.000095
2.000098
2.000100
2.000101
2.000101
2.000099
2.000095
2.000090
2.000083
2.000075
2.000065
2.000054
2.000041
2.000027
2.000011
1.999995
1.999977
1.999959
1.999941
1.999922
1.999903
1.999885
1.999868
1.999852
1.999837
1.999823
1.999812
1.999803
1.999797
1.999793
1.999793
1.999796
1.999803
1.999813
1.999827
1.999844
1.999865
1.999890
1.999919
1.999950
1.999985
2.000022
2.000062
2.000103
2.000145
2.000189
2.000232
2.000275
2.000317
2.000356
2.000394
2.000427
2.000457
2.000482
2.000502
2.000515
2.000523
2.000523
2.000515
2.000500
2.000477
2.000446
2.000406
2.000359
2.000304
2.000241
2.000172
2.000097
2.000017
1.999932
1.999843
1.999753
1.999662
1.999571
1.999482
1.999396
1.999315
1.999240
1.999173
1.999115
1.999067
1.999032
1.999010
1.999002
1.999009
1.999032
1.999071
1.999127
1.999201
1.999290
1.999397
1.999518
1.999655
1.999805
1.999967
2.000139
2.000320
2.000506
2.000696
2.000887
2.001077
2.001261
2.001438
2.001603
2.001755
2.001890
2.002005
2.002098
2.002165
2.002205
2.002216
2.002196
2.002143
2.002057
2.001938
2.001785
2.001600
2.001383
2.001136
2.000861
2.000562
2.000241
1.999902
1.999549
1.999188
1.998822
1.998457
1.998099
1.997753
1.997425
1.997120
1.996845
1.996604
1.996403
1.996247
1.996140
1.996086
1.996088
1.996149
1.996271
1.996456
1.996703
1.997012
1.997382
1.997810
1.998292
1.998825
1.999403
2.000019
2.000667
2.001339
2.002025
2.002717
2.003404
2.004075
2.004721
2.005330
2.005892
2.006395
2.006829
2.007186
2.007456
2.007630
2.007703
2.007668
2.007522
2.007261
2.006886
2.006397
2.005797
2.005090
2.004283
2.003384
2.002402
2.001349
2.000238
1.999083
1.997899
1.996702
1.995509
1.994337
1.993205
1.992128
1.991126
1.990214
1.989409
1.988726
1.988180
1.987783
1.987547
1.987481
1.987593
1.987889
1.988372
1.989043
1.989902
1.990944
1.992162
1.993547
1.995088
1.996768
1.998571
2.000476
2.002460
2.004496
2.006559
2.008617
2.010641
2.012597
2.014452
2.016175
2.017733
2.019093
2.020228
2.021110
2.021716
2.022024
2.022021
2.021694
2.021038
2.020052
2.018741
2.017117
2.015194
2.012995
2.010545
2.007874
2.005018
2.002014
1.998902
1.995724
1.992525
1.989348
1.986238
1.983239
1.980394
1.977743
1.975328
1.973183
1.971345
1.969844
1.968709
1.967963
1.967629
1.967723
1.968258
1.969243
1.970682
1.972573
1.974911
1.977683
1.980873
1.984455
1.988401
1.992672
1.997224
2.002007
2.006961
2.012022
2.017118
2.022171
2.027101
2.031821
2.036246
2.040288
2.043864
2.046895
2.049306
2.051035
2.052028
2.052245
2.051662
2.050268
2.048068
2.045085
2.041356
2.036931
2.031877
2.026267
2.020187
2.013729
2.006989
2.000065
1.993057
1.986063
1.979177
1.972492
1.966093
1.960060
1.954467
1.949383
1.944868
1.940977
1.937760
1.935259
1.933512
1.932550
1.932400
1.933083
1.934614
1.937005
1.940258
1.944373
1.949339
1.955138
1.961742
1.969114
1.977201
1.985939
1.995245
2.005020
2.015149
2.025493
2.035900
2.046197
2.056201
2.065713
2.074534
2.082462
2.089303
2.094879
2.099033
2.101636
2.102594
2.101851
2.099396
2.095255
2.089500
2.082239
2.073614
2.063795
2.052972
2.041349
2.029136
2.016543
2.003776
1.991027
1.978475
1.966284
1.954600
1.943550
1.933244
1.923779
1.915234
1.907678
1.901167
1.895751
1.891470
1.888358
1.886446
1.885758
1.886317
1.888142
1.891249
1.895652
1.901361
1.908380
1.916709
1.926339
1.937250
1.949404
1.962747
1.977196
1.992639
2.008927
2.025870
2.043236
2.060744
2.078074
2.094870
2.110747
2.125309
2.138161
2.148929
2.157281
2.162941
2.165705
2.165457
2.162171
2.155914
2.146845
2.135203
2.121292
2.105470
2.088125
2.069659
2.050469
2.030936
2.011407
1.992192
1.973559
1.955730
1.938887
1.923171
1.908694
1.895537
1.883759
1.873406
1.864507
1.857086
1.851161
1.846743
1.843847
1.842483
1.842664
1.844403
1.847714
1.852616
1.859125
1.867261
1.877043
1.888487
1.901603
1.916391
1.932830
1.950875
1.970443
1.991402
2.013560
2.036658
2.060358
2.084246
2.107836
2.130579
2.151884
2.171146
2.187772
2.201218
2.211018
2.216819
2.218396
2.215677
2.208738
2.197805
2.183237
2.165500
2.145141
2.122754
2.098948
2.074312
2.049397
2.024690
2.000607
1.977485
1.955587
1.935107
1.916180
1.898893
1.883297
1.869417
1.857260
1.846823
1.838096
1.831070
1.825735
1.822082
1.820106
1.819807
1.821185
1.824248
1.829004
1.835466
1.843652
1.853580
1.865269
1.878735
1.893988
1.911022
1.929809
1.950288
1.972350
1.995827
2.020481
2.045989
2.071945
2.097855
2.123151
2.147204
2.169357
2.188951
2.205364
2.218048
2.226566
2.230617
2.230060
2.224922
2.215397
2.201831
2.184700
2.164580
2.142106
2.117942
2.092740
2.067109
2.041594
2.016663
1.992694
1.969979
1.948734
1.929105
1.911180
1.895010
1.880610
1.867979
1.857104
1.847962
1.840534
1.834797
1.830733
1.828326
1.827563
1.828435
1.830935
1.835059
1.840805
1.848172
1.857158
1.867760
1.879968
1.893764
1.909116
1.925972
1.944250
1.963833
1.984556
2.006206
2.028507
2.051122
2.073658
2.095666
2.116657
2.136122
2.153551
2.168459
2.180415
2.189064
2.194148
2.195527
2.193182
2.187219
2.177862
2.165438
2.150360
2.133096
2.114150
2.094031
2.073232
2.052212
2.031376
2.011073
1.991591
1.973154
1.955934
1.940052
1.925591
1.912602
1.901112
1.891133
1.882662
1.875693
1.870212
1.866205
1.863657
1.862550
1.862867
1.864592
1.867704
1.872183
1.878005
1.885143
1.893562
1.903219
1.914063
1.926026
1.939024
1.952955
1.967692
1.983081
1.998942
2.015063
2.031208
2.047113
2.062496
2.077063
2.090515
2.102563
2.112940
2.121407
2.127772
2.131894
2.133694
2.133156
2.130329
2.125323
2.118308
2.109497
2.099142
2.087520
2.074919
2.061631
2.047935
2.034095
2.020352
2.006917
1.993973
1.981672
1.970141
1.959476
1.949755
1.941035
1.933355
1.926742
1.921213
1.916775
1.913428
1.911164
1.909974
1.909841
1.910743
1.912657
1.915550
1.919389
1.924131
1.929727
1.936123
1.943254
1.951047
1.959419
1.968278
1.977521
1.987032
1.996689
2.006359
2.015902
2.025175
2.034032
2.042328
2.049926
2.056696
2.062523
2.067309
2.070978
2.073476
2.074776
2.074876
2.073801
2.071601
2.068349
2.064138
2.059076
2.053286
2.046897
2.040043
2.032859
2.025476
2.018019
2.010606
2.003343
1.996328
1.989646
1.983370
1.977562
1.972274
1.967549
1.963417
1.959903
1.957023
1.954785
1.953193
1.952241
1.951921
1.952218
1.953112
1.954578
1.956586
1.959103
1.962089
1.965501
1.969291
1.973408
1.977795
1.982394
1.987142
1.991974
1.996825
2.001628
2.006315
2.010821
2.015083
2.019042
2.022644
2.025839
2.028587
2.030855
2.032616
2.033857
2.034570
2.034759
2.034438
2.033626
2.032353
2.030656
2.028577
2.026162
2.023462
2.020531
2.017423
2.014191
2.010888
2.007568
2.004277
2.001062
1.997965
1.995023
1.992271
1.989736
1.987443
1.985414
1.983663
1.982201
1.981037
1.980174
1.979611
1.979345
1.979368
1.979669
1.980236
1.981052
1.982098
1.983354
1.984797
1.986402
1.988143
1.989992
1.991922
1.993905
1.995910
1.997912
1.999880
2.001790
2.003616
2.005334
2.006924
2.008366
2.009644
2.010745
2.011659
2.012379
2.012901
2.013224
2.013351
2.013287
2.013041
2.012623
2.012046
2.011325
2.010477
2.009519
2.008470
2.007348
2.006174
2.004966
2.003743
2.002523
2.001324
2.000161
1.999049
1.998001
1.997029
1.996143
1.995351
1.994661
1.994077
1.993602
1.993239
1.992987
1.992845
1.992810
1.992879
1.993045
1.993303
1.993645
1.994063
1.994548
1.995090
1.995681
1.996308
1.996963
1.997635
1.998314
1.998990
1.999654
2.000296
2.000910
2.001486
2.002019
2.002502
2.002932
2.003303
2.003614
2.003862
2.004047
2.004169
2.004228
2.004227
2.004168
2.004055
2.003892
2.003684
2.003435
2.003152
2.002839
2.002502
2.002148
2.001783
2.001411
2.001039
2.000672
2.000315
1.999972
1.999648
1.999346
1.999069
1.998820
1.998601
1.998413
1.998259
1.998137
1.998049
1.997994
1.997971
1.997979
1.998015
1.998079
1.998168
1.998279
1.998410
1.998558
1.998719
1.998892
1.999072
1.999257
1.999445
1.999632
1.999815
1.999993
2.000162
2.000322
2.000470
2.000604
2.000724
2.000828
2.000915
2.000987
2.001041
2.001078
2.001099
2.001104
2.001094
2.001069
2.001032
2.000982
2.000922
2.000852
2.000775
2.000692
2.000604
2.000513
2.000420
2.000326
2.000234
2.000144
2.000057
1.999975
1.999898
1.999828
1.999764
1.999707
1.999659
1.999618
1.999585
1.999561
1.999544
1.999535
1.999534
1.999540
1.999552
1.999570
1.999594
1.999623
1.999655
1.999691
1.999730
1.999770
1.999812
1.999854
1.999896
1.999938
1.999978
2.000017
2.000053
2.000087
2.000117
2.000145
2.000169
2.000189
2.000206
2.000219
2.000228
2.000234
2.000236
2.000235
2.000231
2.000224
2.000214
2.000202
2.000188
2.000173
2.000156
2.000138
2.000119
2.000100
2.000081
2.000062
2.000043
2.000025
2.000008
1.999992
1.999977
1.999964
1.999952
1.999941
1.999932
1.999925
1.999920
1.999916
1.999913
1.999913
1.999913
1.999915
1.999918
1.999922
1.999927
1.999933
1.999939
1.999946
1.999954
1.999962
1.999969
1.999978
1.999985
1.999993
2.000001
2.000008
2.000014
2.000020
2.000024
2.000028
2.000030
2.000031
2.000031
2.000030
2.000027
2.000024
2.000020
2.000017
2.000014
2.000014
2.000017
2.000020
