1.999938
1.999934
1.999934
1.999934
1.999934
1.999938
1.999947
1.999964
1.999987
2.000021
2.000064
2.000118
2.000182
2.000257
2.000342
2.000438
2.000541
2.000653
2.000771
2.000893
2.001017
2.001143
2.001265
2.001384
2.001496
2.001598
2.001688
2.001764
2.001822
2.001861
2.001877
2.001871
2.001838
2.001780
2.001692
2.001577
2.001432
2.001260
2.001059
2.000831
2.000578
2.000303
2.000008
1.999696
1.999370
1.999036
1.998698
1.998360
1.998028
1.997709
1.997406
1.997126
1.996875
1.996660
1.996484
1.996355
1.996275
1.996252
1.996288
1.996387
1.996551
1.996783
1.997081
1.997449
1.997883
1.998382
1.998941
1.999557
2.000224
2.000936
2.001683
2.002459
2.003251
2.004050
2.004844
2.005622
2.006370
2.007077
2.007727
2.008310
2.008811
2.009220
2.009524
2.009714
2.009779
2.009713
2.009507
2.009159
2.008663
2.008021
2.007234
2.006304
2.005239
2.004046
2.002737
2.001324
1.999822
1.998250
1.996627
1.994975
1.993316
1.991675
1.990078
1.988551
1.987121
1.985815
1.984659
1.983680
1.982903
1.982350
1.982043
1.982001
1.982240
1.982772
1.983606
1.984749
1.986199
1.987953
1.990003
1.992335
1.994929
1.997763
2.000807
2.004028
2.007386
2.010840
2.014344
2.017847
2.021297
2.024641
2.027822
2.030785
2.033474
2.035836
2.037819
2.039375
2.040460
2.041035
2.041065
2.040527
2.039400
2.037673
2.035344
2.032419
2.028914
2.024853
2.020269
2.015207
2.009717
2.003860
1.997704
1.991323
1.984800
1.978222
1.971679
1.965270
1.959090
1.953241
1.947822
1.942932
1.938667
1.935121
1.932380
1.930527
1.929633
1.929764
1.930971
1.933294
1.936758
1.941375
1.947138
1.954023
1.961987
1.970969
1.980887
1.991639
2.003107
2.015152
2.027618
2.040335
2.053121
2.065781
2.078114
2.089915
2.100979
2.111102
2.120088
2.127752
2.133921
2.138444
2.141185
2.142038
2.140918
2.137773
2.132578
2.125341
2.116099
2.104924
2.091916
2.077205
2.060948
2.043330
2.024557
2.004854
1.984466
1.963649
1.942672
1.921810
1.901343
1.881553
1.862721
1.845126
1.829042
1.814736
1.802466
1.792481
1.785016
1.780293
1.778513
1.779856
1.784474
1.792487
1.803975
1.818973
1.837463
1.859370
1.884554
1.912809
1.943857
1.977353
2.012880
2.049961
2.088060
2.126592
2.164936
2.202444
2.238453
2.272306
2.303355
2.330985
2.354623
2.373750
2.387916
2.396747
2.399957
2.397355
2.388846
2.374441
2.354250
2.328490
2.297471
2.261598
2.221358
2.177313
2.130083
2.080338
2.028778
1.976119
1.923079
1.870359
1.818633
1.768535
1.720650
1.675511
1.633598
1.595343
1.561137
1.531344
1.506315
1.486403
1.471979
1.463439
1.461209
1.465740
1.477490
1.496902
1.524365
1.560171
1.604477
1.657256
1.718270
1.787046
1.862864
1.944767
2.031575
2.121914
2.214249
2.306926
2.398214
2.486347
2.569570
2.646179
2.714564
2.773241
2.820894
2.856399
2.878855
2.887605
2.882255
2.862687
2.829067
2.781846
2.721756
2.649803
2.567244
2.475566
2.376455
2.271752
2.163408
2.053433
1.943824
1.836509
1.733269
1.635673
1.545008
1.462235
1.387951
1.322390
1.265442
1.216719
1.175637
1.141530
1.113759
1.091841
1.075549
1.065003
1.060738
1.063728
1.075369
1.097393
1.131721
1.180252
1.244611
1.325916
1.424592
1.540269
1.671778
1.817215
1.974048
2.139248
2.309426
2.480955
2.650097
2.813101
2.966309
3.106234
3.229649
3.333652
3.415732
3.473828
3.506370
3.512329
3.491240
3.443228
3.369021
3.269948
3.147935
3.005477
2.845607
2.671842
2.488124
2.298725
2.108142
1.920963
1.741693
1.574549
1.423217
1.290583
1.178460
1.087386
1.016548
0.963910
0.926538
0.901046
0.884039
0.872454
0.863775
0.856128
0.848314
0.839833
0.830911
0.822572
0.816745
0.816369
0.825435
0.848857
0.892027
0.960057
1.056852
1.184385
1.342422
1.528691
1.739282
1.969108
2.212306
2.462572
2.713419
2.958390
3.191229
3.406030
3.597363
3.760382
3.890928
3.985606
4.041858
4.058022
4.033373
3.968152
3.863583
3.721869
3.546175
3.340593
3.110093
2.860446
2.598129
2.330205
2.064156
1.807675
1.568373
1.353387
1.168823
1.019037
0.905826
0.827792
0.780395
0.756938
0.750113
0.753306
0.761264
0.770187
0.777525
0.781683
0.781754
0.777335
0.768451
0.755580
0.739803
0.723081
0.708637
0.701390
0.708243
0.737839
0.799349
0.900320
1.044673
1.232073
1.458588
1.717790
2.001732
2.301673
2.608565
2.913413
3.207530
3.482745
3.731572
3.947346
4.124351
4.257915
4.344491
4.381727
4.368507
4.304982
4.192573
4.033967
3.833080
3.595010
3.325966
3.033175
2.724762
2.409607
2.097158
1.797186
1.519453
1.273217
1.066495
0.904968
0.790564
0.720253
0.686233
0.678159
0.685987
0.701713
0.719745
0.736548
0.750071
0.759225
0.763489
0.762663
0.756745
0.745938
0.730776
0.712393
0.692938
0.676134
0.667886
0.676666
0.713050
0.787770
0.908603
1.078169
1.293983
1.549841
1.837285
2.146688
2.467972
2.791080
3.106299
3.404508
3.677357
3.917424
4.118337
4.274868
4.383021
4.440081
4.444657
4.396695
4.297478
4.149601
3.956932
3.724543
3.458635
3.166430
2.856048
2.536362
2.216810
1.907172
1.617272
1.356552
1.133453
0.954475
0.822886
0.737373
0.691601
0.675764
0.679446
0.693826
0.712471
0.731148
0.747300
0.759493
0.767007
0.769548
0.767116
0.759987
0.748819
0.734881
0.720401
0.709004
0.706148
0.719295
0.757412
0.829402
0.941811
1.097131
1.293623
1.526239
1.787782
2.069865
2.363586
2.659996
2.950422
3.226701
3.481355
3.707733
3.900113
4.053791
4.165136
4.231641
4.251939
4.225812
4.154180
4.039068
3.883560
3.691742
3.468618
3.220017
2.952485
2.673156
2.389600
2.109650
1.841181
1.591837
1.368654
1.177564
1.022738
0.905824
0.825351
0.776740
0.753247
0.747481
0.752730
0.763643
0.776343
0.788248
0.797806
0.804268
0.807543
0.808149
0.807241
0.806715
0.809333
0.818813
0.839783
0.877457
0.936991
1.022594
1.136717
1.279624
1.449447
1.642559
1.854075
2.078317
2.309212
2.540590
2.766424
2.981005
3.179083
3.355972
3.507635
3.630742
3.722717
3.781763
3.806876
3.797844
3.755234
3.680363
3.575262
3.442627
3.285755
3.108479
2.915085
2.710217
2.498783
2.285830
2.076417
1.875457
1.687545
1.516741
1.366338
1.238607
1.134572
1.053880
0.994848
0.954722
0.930129
0.917566
0.913837
0.916328
0.923149
0.933165
0.945966
0.961806
0.981525
1.006446
1.038250
1.078811
1.129991
1.193420
1.270275
1.361111
1.465757
1.583300
1.712140
1.850094
1.994533
2.142520
2.290949
2.436669
2.576588
2.707772
2.827517
2.933411
3.023386
3.095754
3.149234
3.182966
3.196522
3.189900
3.163517
3.118192
3.055120
2.975840
2.882201
2.776319
2.660526
2.537319
2.409300
2.279117
2.149390
2.022647
1.901243
1.787292
1.682590
1.588555
1.506182
1.436016
1.378165
1.332344
1.297955
1.274186
1.260121
1.254848
1.257536
1.267497
1.284204
1.307294
1.336541
1.371815
1.413032
1.460101
1.512876
1.571113
1.634437
1.702322
1.774091
1.848912
1.925823
2.003750
2.081540
2.157994
2.231897
2.302057
2.367334
2.426670
2.479115
2.523850
2.560201
2.587657
2.605878
2.614699
2.614132
2.604366
2.585753
2.558808
2.524188
2.482678
2.435176
2.382668
2.326205
2.266884
2.205815
2.144103
2.082818
2.022973
1.965502
1.911239
1.860905
1.815095
1.774272
1.738771
1.708797
1.684443
1.665696
1.652458
1.644562
1.641787
1.643871
1.650529
1.661453
1.676326
1.694816
1.716586
1.741286
1.768555
1.798017
1.829284
1.861950
1.895598
1.929798
1.964114
1.998105
2.031335
2.063375
2.093816
2.122269
2.148377
2.171819
2.192318
2.209643
2.223616
2.234114
2.241072
2.244478
2.244384
2.240891
2.234157
2.224386
2.211828
2.196769
2.179530
2.160455
2.139908
2.118259
2.095888
2.073165
2.050453
2.028094
2.006412
1.985700
1.966220
1.948201
1.931834
1.917274
1.904639
1.894010
1.885433
1.878923
1.874464
1.872012
1.871498
1.872831
1.875905
1.880593
1.886757
1.894246
1.902903
1.912561
1.923051
1.934198
1.945828
1.957767
1.969845
1.981894
1.993755
2.005274
2.016308
2.026726
2.036409
2.045250
2.053160
2.060063
2.065902
2.070635
2.074239
2.076707
2.078049
2.078290
2.077473
2.075651
2.072894
2.069280
2.064898
2.059844
2.054222
2.048136
2.041698
2.035013
2.028193
2.021339
2.014553
2.007927
2.001551
1.995500
1.989848
1.984651
1.979963
1.975822
1.972260
1.969295
1.966940
1.965195
1.964053
1.963498
1.963508
1.964052
1.965097
1.966600
1.968518
1.970801
1.973401
1.976264
1.979337
1.982566
1.985899
1.989284
1.992671
1.996012
1.999264
2.002383
2.005335
2.008084
2.010604
2.012868
2.014858
2.016559
2.017962
2.019060
2.019854
2.020347
2.020548
2.020467
2.020120
2.019525
2.018704
2.017678
2.016473
2.015115
2.013632
2.012050
2.010398
2.008700
2.006986
2.005278
2.003602
2.001978
2.000428
1.998968
1.997614
1.996379
1.995274
1.994307
1.993485
1.992809
1.992282
1.991902
1.991668
1.991571
1.991608
1.991769
1.992045
1.992425
1.992898
1.993451
1.994074
1.994750
1.995470
1.996218
1.996985
1.997756
1.998521
1.999269
1.999991
2.000677
2.001320
2.001912
2.002450
2.002926
2.003340
2.003686
2.003966
2.004178
2.004325
2.004405
2.004424
2.004383
2.004289
2.004142
2.003951
2.003719
2.003454
2.003158
2.002841
2.002506
2.002160
2.001808
2.001457
2.001109
2.000771
2.000446
2.000138
1.999850
1.999587
1.999347
1.999136
1.998951
1.998797
1.998670
1.998573
1.998503
1.998461
1.998443
1.998450
1.998478
1.998526
1.998590
1.998670
1.998761
1.998862
1.998968
1.999081
1.999193
1.999306
1.999416
1.999522
1.999621
1.999714
1.999796
1.999871
1.999933
1.999988
2.000030
2.000064
2.000088
2.000105
2.000113
2.000118
2.000118
2.000118
2.000118
2.000113
