1.999982
1.999986
1.999990
1.999990
1.999986
1.999982
1.999975
1.999970
1.999964
1.999961
1.999959
1.999959
1.999961
1.999966
1.999973
1.999981
1.999992
2.000004
2.000018
2.000032
2.000048
2.000064
2.000081
2.000097
2.000113
2.000129
2.000144
2.000157
2.000169
2.000180
2.000189
2.000195
2.000199
2.000201
2.000199
2.000195
2.000187
2.000177
2.000163
2.000146
2.000126
2.000103
2.000077
2.000049
2.000018
1.999985
1.999951
1.999915
1.999878
1.999841
1.999805
1.999769
1.999735
1.999703
1.999674
1.999649
1.999627
1.999610
1.999598
1.999592
1.999592
1.999599
1.999613
1.999633
1.999662
1.999697
1.999740
1.999790
1.999847
1.999910
1.999979
2.000053
2.000131
2.000213
2.000297
2.000383
2.000469
2.000553
2.000635
2.000713
2.000786
2.000852
2.000910
2.000958
2.000995
2.001021
2.001033
2.001032
2.001015
2.000984
2.000936
2.000872
2.000793
2.000697
2.000587
2.000462
2.000324
2.000175
2.000015
1.999846
1.999672
1.999493
1.999313
1.999134
1.998959
1.998790
1.998632
1.998485
1.998355
1.998243
1.998152
1.998085
1.998044
1.998031
1.998049
1.998097
1.998178
1.998293
1.998440
1.998620
1.998833
1.999076
1.999349
1.999647
1.999969
2.000312
2.000670
2.001039
2.001415
2.001793
2.002166
2.002530
2.002877
2.003202
2.003499
2.003762
2.003985
2.004163
2.004291
2.004364
2.004379
2.004331
2.004220
2.004042
2.003799
2.003489
2.003115
2.002679
2.002185
2.001637
2.001041
2.000404
1.999732
1.999035
1.998322
1.997601
1.996885
1.996183
1.995506
1.994865
1.994272
1.993738
1.993272
1.992885
1.992587
1.992385
1.992288
1.992301
1.992431
1.992681
1.993053
1.993548
1.994165
1.994901
1.995752
1.996710
1.997768
1.998915
2.000138
2.001424
2.002756
2.004117
2.005488
2.006850
2.008180
2.009458
2.010661
2.011768
2.012756
2.013606
2.014298
2.014814
2.015138
2.015256
2.015159
2.014839
2.014291
2.013514
2.012512
2.011291
2.009861
2.008236
2.006434
2.004474
2.002381
2.000180
1.997900
1.995571
1.993225
1.990894
1.988613
1.986414
1.984331
1.982396
1.980642
1.979098
1.977793
1.976753
1.976002
1.975562
1.975450
1.975682
1.976269
1.977219
1.978536
1.980217
1.982258
1.984648
1.987370
1.990403
1.993719
1.997286
2.001064
2.005008
2.009068
2.013188
2.017308
2.021363
2.025286
2.029008
2.032459
2.035571
2.038278
2.040518
2.042233
2.043376
2.043906
2.043791
2.043014
2.041565
2.039448
2.036681
2.033292
2.029319
2.024814
2.019836
2.014452
2.008737
2.002771
1.996635
1.990416
1.984197
1.978064
1.972100
1.966384
1.960992
1.955997
1.951465
1.947458
1.944034
1.941245
1.939137
1.937753
1.937128
1.937295
1.938280
1.940104
1.942780
1.946317
1.950715
1.955966
1.962050
1.968937
1.976584
1.984931
1.993903
2.003408
2.013333
2.023548
2.033904
2.044236
2.054362
2.064091
2.073226
2.081566
2.088917
2.095096
2.099936
2.103293
2.105056
2.105143
2.103512
2.100159
2.095120
2.088468
2.080314
2.070798
2.060088
2.048372
2.035853
2.022742
2.009250
1.995587
1.981954
1.968537
1.955510
1.943031
1.931238
1.920253
1.910181
1.901114
1.893129
1.886292
1.880659
1.876280
1.873201
1.871461
1.871101
1.872159
1.874674
1.878685
1.884230
1.891347
1.900070
1.910424
1.922423
1.936061
1.951307
1.968094
1.986313
2.005803
2.026348
2.047666
2.069417
2.091200
2.112564
2.133016
2.152046
2.169138
2.183798
2.195574
2.204078
2.209009
2.210161
2.207444
2.200880
2.190609
2.176875
2.160020
2.140463
2.118681
2.095185
2.070500
2.045140
2.019592
1.994297
1.969646
1.945966
1.923523
1.902527
1.883129
1.865437
1.849521
1.835419
1.823150
1.812719
1.804125
1.797363
1.792430
1.789331
1.788078
1.788695
1.791221
1.795712
1.802242
1.810907
1.821822
1.835117
1.850934
1.869414
1.890679
1.914815
1.941841
1.971687
2.004161
2.038927
2.075490
2.113189
2.151204
2.188584
2.224280
2.257194
2.286238
2.310392
2.328763
2.340639
2.345529
2.343196
2.333669
2.317245
2.294468
2.266095
2.233056
2.196395
2.157213
2.116606
2.075608
2.035147
1.996012
1.958827
1.924053
1.891992
1.862808
1.836553
1.813197
1.792650
1.774795
1.759501
1.746641
1.736102
1.727786
1.721617
1.717543
1.715531
1.715572
1.717679
1.721897
1.728299
1.736998
1.748149
1.761954
1.778661
1.798558
1.821957
1.849167
1.880453
1.915989
1.955801
1.999704
2.047263
2.097751
2.150145
2.203146
2.255229
2.304715
2.349869
2.389004
2.420582
2.443315
2.456246
2.458810
2.450870
2.432726
2.405095
2.369070
2.326043
2.277623
2.225532
2.171499
2.117154
2.063949
2.013080
1.965457
1.921692
1.882118
1.846830
1.815738
1.788628
1.765215
1.745189
1.728250
1.714131
1.702606
1.693498
1.686672
1.682032
1.679519
1.679100
1.680773
1.684561
1.690519
1.698736
1.709347
1.722534
1.738534
1.757640
1.780187
1.806540
1.837052
1.872023
1.911635
1.955884
2.004519
2.056986
2.112401
2.169544
2.226903
2.282733
2.335156
2.382270
2.422269
2.453559
2.474859
2.485283
2.484399
2.472256
2.449379
2.416737
2.375680
2.327852
2.275086
2.219288
2.162318
2.105879
2.051431
2.000129
1.952793
1.909914
1.871693
1.838090
1.808897
1.783799
1.762434
1.744441
1.729489
1.717294
1.707627
1.700314
1.695230
1.692293
1.691453
1.692695
1.696027
1.701484
1.709129
1.719054
1.731383
1.746272
1.763908
1.784504
1.808283
1.835453
1.866183
1.900555
1.938531
1.979902
2.024252
2.070939
2.119085
2.167593
2.215185
2.260463
2.301981
2.338327
2.368212
2.390543
2.404497
2.409568
2.405601
2.392800
2.371715
2.343209
2.308401
2.268599
2.225220
2.179705
2.133436
2.087669
2.043473
2.001696
1.962952
1.927629
1.895914
1.867829
1.843274
1.822070
1.803999
1.788830
1.776344
1.766348
1.758681
1.753213
1.749852
1.748530
1.749209
1.751870
1.756517
1.763167
1.771854
1.782621
1.795521
1.810611
1.827942
1.847554
1.869460
1.893632
1.919989
1.948372
1.978538
2.010141
2.042732
2.075757
2.108569
2.140446
2.170618
2.198302
2.222737
2.243227
2.259173
2.270112
2.275738
2.275922
2.270719
2.260363
2.245254
2.225937
2.203070
2.177386
2.149660
2.120666
2.091141
2.061761
2.033113
2.005685
1.979858
1.955910
1.934024
1.914303
1.896785
1.881458
1.868278
1.857181
1.848094
1.840943
1.835655
1.832168
1.830426
1.830384
1.832002
1.835247
1.840091
1.846505
1.854461
1.863927
1.874860
1.887210
1.900905
1.915859
1.931956
1.949055
1.966983
1.985531
2.004461
2.023500
2.042348
2.060685
2.078177
2.094487
2.109289
2.122276
2.133178
2.141767
2.147872
2.151385
2.152263
2.150534
2.146295
2.139702
2.130971
2.120360
2.108165
2.094700
2.080292
2.065265
2.049929
2.034577
2.019468
2.004834
1.990869
1.977736
1.965560
1.954439
1.944444
1.935620
1.927995
1.921581
1.916379
1.912377
1.909558
1.907900
1.907374
1.907949
1.909587
1.912250
1.915890
1.920457
1.925895
1.932140
1.939121
1.946757
1.954962
1.963637
1.972677
1.981967
1.991387
2.000807
2.010097
2.019122
2.027748
2.035846
2.043292
2.049973
2.055789
2.060654
2.064502
2.067286
2.068981
2.069585
2.069115
2.067612
2.065135
2.061760
2.057578
2.052694
2.047217
2.041266
2.034959
2.028414
2.021747
2.015066
2.008473
2.002061
1.995914
1.990104
1.984694
1.979737
1.975274
1.971340
1.967958
1.965145
1.962909
1.961252
1.960170
1.959653
1.959685
1.960245
1.961309
1.962847
1.964825
1.967206
1.969950
1.973013
1.976347
1.979903
1.983629
1.987473
1.991381
1.995299
1.999172
2.002949
2.006577
2.010011
2.013205
2.016118
2.018717
2.020972
2.022859
2.024360
2.025467
2.026174
2.026485
2.026410
2.025964
2.025168
2.024047
2.022632
2.020958
2.019059
2.016975
2.014744
2.012407
2.010003
2.007570
2.005145
2.002761
2.000452
1.998246
1.996170
1.994245
1.992492
1.990926
1.989560
1.988404
1.987462
1.986739
1.986234
1.985943
1.985862
1.985983
1.986294
1.986785
1.987440
1.988245
1.989182
1.990234
1.991381
1.992604
1.993883
1.995199
1.996531
1.997861
1.999171
2.000442
2.001658
2.002804
2.003867
2.004835
2.005698
2.006447
2.007078
2.007585
2.007966
2.008222
2.008354
2.008366
2.008262
2.008050
2.007738
2.007334
2.006848
2.006292
2.005677
2.005015
2.004317
2.003594
2.002860
2.002123
2.001396
2.000688
2.000007
1.999363
1.998762
1.998211
1.997715
1.997278
1.996903
1.996593
1.996348
1.996169
1.996054
1.996003
1.996012
1.996079
1.996200
1.996370
1.996584
1.996838
1.997125
1.997441
1.997778
1.998132
1.998497
1.998866
1.999234
1.999597
1.999949
2.000285
2.000602
2.000897
2.001165
2.001405
2.001614
2.001791
2.001935
2.002046
2.002124
2.002169
2.002182
2.002165
2.002120
2.002048
2.001953
2.001836
2.001701
2.001550
2.001386
2.001213
2.001034
2.000850
2.000666
2.000483
2.000304
2.000132
1.999969
1.999816
1.999675
1.999548
1.999434
1.999336
1.999254
1.999188
1.999138
1.999103
1.999084
1.999080
1.999090
1.999113
1.999148
1.999193
1.999249
1.999312
1.999382
1.999458
1.999537
1.999619
1.999703
1.999786
1.999868
1.999948
2.000024
2.000096
2.000164
2.000225
2.000280
2.000328
2.000369
2.000403
2.000430
2.000449
2.000461
2.000466
2.000465
2.000457
2.000444
2.000426
2.000403
2.000376
2.000345
2.000312
2.000277
2.000240
2.000202
2.000164
2.000126
2.000089
2.000054
2.000020
1.999988
1.999958
1.999932
1.999907
1.999887
1.999869
1.999854
1.999843
1.999835
1.999829
1.999827
1.999828
1.999831
1.999837
1.999845
1.999855
1.999866
1.999879
1.999894
1.999908
1.999924
1.999940
1.999956
1.999971
1.999986
2.000000
2.000013
2.000024
2.000034
2.000041
2.000047
2.000050
2.000052
2.000050
2.000048
2.000043
2.000038
2.000032
2.000027
2.000023
2.000023
2.000027
2.000032
