1.999967
1.999944
1.999933
1.999933
1.999944
1.999967
2.000003
2.000054
2.000118
2.000197
2.000290
2.000398
2.000518
2.000651
2.000794
2.000947
2.001106
2.001271
2.001438
2.001606
2.001770
2.001928
2.002077
2.002214
2.002335
2.002437
2.002517
2.002572
2.002599
2.002596
2.002559
2.002488
2.002380
2.002236
2.002053
2.001834
2.001577
2.001285
2.000959
2.000602
2.000218
1.999811
1.999384
1.998943
1.998495
1.998045
1.997600
1.997168
1.996756
1.996371
1.996020
1.995714
1.995456
1.995257
1.995122
1.995059
1.995071
1.995165
1.995344
1.995612
1.995969
1.996417
1.996954
1.997579
1.998287
1.999074
1.999933
2.000855
2.001831
2.002851
2.003900
2.004967
2.006035
2.007091
2.008116
2.009095
2.010011
2.010845
2.011582
2.012205
2.012698
2.013046
2.013237
2.013258
2.013099
2.012754
2.012216
2.011483
2.010554
2.009434
2.008128
2.006644
2.004996
2.003198
2.001270
1.999232
1.997109
1.994928
1.992719
1.990513
1.988342
1.986242
1.984249
1.982398
1.980724
1.979264
1.978051
1.977119
1.976496
1.976211
1.976287
1.976744
1.977596
1.978856
1.980525
1.982605
1.985086
1.987956
1.991193
1.994771
1.998655
2.002805
2.007174
2.011709
2.016353
2.021044
2.025713
2.030293
2.034709
2.038891
2.042762
2.046253
2.049291
2.051811
2.053749
2.055050
2.055662
2.055545
2.054664
2.052998
2.050533
2.047268
2.043211
2.038388
2.032830
2.026585
2.019712
2.012281
2.004373
1.996082
1.987509
1.978765
1.969968
1.961244
1.952721
1.944534
1.936817
1.929706
1.923333
1.917830
1.913318
1.909917
1.907731
1.906856
1.907373
1.909348
1.912826
1.917836
1.924384
1.932452
1.941998
1.952959
1.965240
1.978726
1.993275
2.008720
2.024874
2.041527
2.058452
2.075409
2.092141
2.108390
2.123888
2.138372
2.151580
2.163264
2.173186
2.181127
2.186892
2.190311
2.191243
2.189583
2.185259
2.178237
2.168522
2.156161
2.141239
2.123883
2.104256
2.082561
2.059034
2.033947
2.007595
1.980305
1.952422
1.924309
1.896343
1.868911
1.842406
1.817220
1.793745
1.772365
1.753454
1.737375
1.724470
1.715061
1.709441
1.707873
1.710581
1.717741
1.729480
1.745863
1.766887
1.792477
1.822478
1.856653
1.894677
1.936146
1.980570
2.027386
2.075959
2.125599
2.175563
2.225076
2.273340
2.319547
2.362899
2.402617
2.437961
2.468239
2.492824
2.511165
2.522799
2.527362
2.524592
2.514345
2.496591
2.471423
2.439052
2.399811
2.354146
2.302612
2.245863
2.184644
2.119772
2.052126
1.982625
1.912216
1.841850
1.772467
1.704976
1.640244
1.579078
1.522225
1.470362
1.424108
1.384025
1.350641
1.324458
1.305974
1.295690
1.294119
1.301769
1.319127
1.346621
1.384575
1.433162
1.492361
1.561917
1.641323
1.729810
1.826353
1.929690
2.038349
2.150679
2.264893
2.379099
2.491347
2.599662
2.702093
2.796741
2.881802
2.955603
3.016631
3.063567
3.095315
3.111023
3.110108
3.092271
3.057514
3.006144
2.938776
2.856335
2.760043
2.651406
2.532194
2.404409
2.270248
2.132059
1.992289
1.853412
1.717863
1.587946
1.465749
1.353043
1.251195
1.161088
1.083079
1.017004
0.962241
0.917837
0.882690
0.855754
0.836249
0.823844
0.818799
0.822032
0.835113
0.860140
0.899510
0.955583
1.030327
1.125002
1.239977
1.374675
1.527636
1.696637
1.878839
2.070933
2.269269
2.469979
2.669078
2.862562
3.046492
3.217078
3.370752
3.504237
3.614614
3.699377
3.756487
3.784421
3.782209
3.749463
3.686406
3.593879
3.473351
3.326910
3.157251
2.967643
2.761895
2.544296
2.319553
2.092699
1.868980
1.653711
1.452092
1.268950
1.108424
0.973552
0.865830
0.784833
0.728121
0.691590
0.670236
0.659019
0.653512
0.650239
0.646753
0.641605
0.634300
0.625300
0.616127
0.609533
0.609702
0.622313
0.654213
0.712458
0.802853
0.928693
1.090355
1.285659
1.510525
1.759589
2.026683
2.305170
2.588203
2.868916
3.140590
3.396788
3.631476
3.839140
4.014878
4.154496
4.254582
4.312576
4.326827
4.296631
4.222263
4.104994
3.947089
3.751794
3.523306
3.266732
2.988021
2.693890
2.391725
2.089454
1.795391
1.518024
1.265719
1.046264
0.866167
0.729577
0.636892
0.583709
0.561424
0.559828
0.569739
0.584234
0.598660
0.610148
0.617065
0.618576
0.614364
0.604516
0.589547
0.570609
0.549882
0.531181
0.520700
0.527600
0.563579
0.640378
0.765837
0.941827
1.165178
1.429461
1.726441
2.046948
2.381448
2.720367
3.054369
3.374531
3.672532
3.940767
4.172506
4.361973
4.504467
4.596415
4.635461
4.620481
4.551640
4.430372
4.259397
4.042667
3.785343
3.493709
3.175108
2.837816
2.490947
2.144269
1.808058
1.492823
1.208995
0.966359
0.773151
0.634410
0.549635
0.510913
0.504832
0.517730
0.539075
0.562026
0.582618
0.598787
0.609582
0.614634
0.613837
0.607197
0.594842
0.577172
0.555206
0.531130
0.509150
0.496517
0.504368
0.547003
0.638015
0.784798
0.987118
1.239329
1.532769
1.857331
2.202318
2.556981
2.910816
3.253828
3.576694
3.870936
4.129031
4.344545
4.512200
4.627971
4.689118
4.694243
4.643286
4.537540
4.379613
4.173400
3.924013
3.637712
3.321799
2.984519
2.634913
2.282683
1.937994
1.611271
1.312889
1.052748
0.839528
0.679440
0.574173
0.518673
0.501244
0.507943
0.526989
0.550230
0.572687
0.591589
0.605524
0.613840
0.616286
0.612831
0.603651
0.589270
0.570863
0.550759
0.533145
0.524871
0.535952
0.578744
0.664824
0.800848
0.987140
1.219137
1.489348
1.788791
2.107848
2.436797
2.766127
3.086786
3.390341
3.669127
3.916350
4.126190
4.293863
4.415688
4.489112
4.512744
4.486345
4.410830
4.288224
4.121630
3.915157
3.673857
3.403625
3.111107
2.803577
2.488817
2.174958
1.870328
1.583229
1.321686
1.093052
0.903452
0.756911
0.654208
0.591850
0.562257
0.555774
0.563224
0.577357
0.593097
0.607184
0.617700
0.623691
0.624947
0.621934
0.615874
0.608941
0.604556
0.607648
0.624696
0.663208
0.730423
0.831603
0.968860
1.141080
1.344608
1.574091
1.823182
2.085054
2.352748
2.619427
2.878557
3.124041
3.350331
3.552506
3.726343
3.868366
3.975877
4.046985
4.080608
4.076474
4.035103
3.957780
3.846519
3.704014
3.533579
3.339084
3.124884
2.895727
2.656675
2.412997
2.170066
1.933235
1.707701
1.498336
1.309491
1.144740
1.006576
0.896089
0.812693
0.754073
0.716489
0.695419
0.686321
0.685257
0.689251
0.696419
0.705966
0.718118
0.734028
0.755655
0.785574
0.826707
0.881951
0.953765
1.043793
1.152634
1.279778
1.423691
1.581998
1.751691
1.929337
2.111261
2.293698
2.472924
2.645353
2.807627
2.956677
3.089784
3.204612
3.299245
3.372206
3.422466
3.449452
3.453043
3.433553
3.391721
3.328680
3.245934
3.145314
3.028949
2.899213
2.758684
2.610088
2.456251
2.300036
2.144287
1.991765
1.845084
1.706639
1.578540
1.462541
1.359978
1.271724
1.198163
1.139209
1.094368
1.062839
1.043650
1.035797
1.038371
1.050632
1.072053
1.102302
1.141194
1.188624
1.244478
1.308563
1.380543
1.459894
1.545889
1.637589
1.733870
1.833442
1.934894
2.036728
2.137408
2.235395
2.329190
2.417364
2.498597
2.571696
2.635623
2.689509
2.732671
2.764617
2.785055
2.793887
2.791215
2.777330
2.752704
2.717974
2.673935
2.621514
2.561759
2.495812
2.424889
2.350258
2.273211
2.195043
2.117025
2.040382
1.966267
1.895741
1.829753
1.769125
1.714539
1.666531
1.625488
1.591651
1.565127
1.545899
1.533843
1.528746
1.530323
1.538229
1.552078
1.571445
1.595878
1.624894
1.657993
1.694646
1.734307
1.776405
1.820358
1.865565
1.911422
1.957319
2.002658
2.046849
2.089329
2.129562
2.167054
2.201354
2.232069
2.258858
2.281450
2.299638
2.313285
2.322323
2.326759
2.326664
2.322180
2.313507
2.300907
2.284693
2.265225
2.242899
2.218146
2.191418
2.163183
2.133912
2.104081
2.074149
2.044563
2.015743
1.988080
1.961927
1.937599
1.915365
1.895451
1.878034
1.863245
1.851167
1.841840
1.835261
1.831390
1.830147
1.831425
1.835083
1.840961
1.848872
1.858617
1.869979
1.882734
1.896646
1.911479
1.926992
1.942949
1.959114
1.975260
1.991169
2.006635
2.021463
2.035478
2.048518
2.060444
2.071135
2.080492
2.088438
2.094919
2.099902
2.103379
2.105361
2.105882
2.104993
2.102765
2.099285
2.094656
2.088991
2.082414
2.075059
2.067063
2.058568
2.049718
2.040652
2.031509
2.022423
2.013519
2.004913
1.996714
1.989016
1.981904
1.975449
1.969709
1.964727
1.960537
1.957155
1.954588
1.952830
1.951864
1.951662
1.952188
1.953396
1.955234
1.957644
1.960563
1.963922
1.967655
1.971687
1.975949
1.980368
1.984876
1.989403
1.993886
1.998264
2.002481
2.006486
2.010233
2.013681
2.016799
2.019558
2.021937
2.023920
2.025501
2.026675
2.027448
2.027827
2.027828
2.027468
2.026771
2.025762
2.024474
2.022935
2.021183
2.019250
2.017175
2.014991
2.012738
2.010448
2.008157
2.005894
2.003693
2.001577
1.999574
1.997704
1.995987
1.994436
1.993067
1.991885
1.990899
1.990110
1.989518
1.989120
1.988912
1.988883
1.989026
1.989326
1.989772
1.990348
1.991039
1.991828
1.992698
1.993632
1.994613
1.995624
1.996649
1.997672
1.998681
1.999658
2.000595
2.001478
2.002299
2.003049
2.003723
2.004313
2.004818
2.005233
2.005560
2.005796
2.005947
2.006012
2.005997
2.005906
2.005746
2.005520
2.005239
2.004907
2.004533
2.004124
2.003688
2.003233
2.002766
2.002294
2.001825
2.001363
2.000916
2.000488
2.000084
1.999708
1.999363
1.999052
1.998777
1.998539
1.998339
1.998176
1.998052
1.997963
1.997910
1.997888
1.997898
1.997935
1.997999
1.998083
1.998187
1.998305
1.998437
1.998577
1.998724
1.998872
1.999022
1.999168
1.999310
1.999444
1.999570
1.999683
1.999787
1.999876
1.999953
2.000014
2.000064
2.000098
2.000121
2.000131
2.000131
2.000121
2.000098
