1.999941
1.999946
1.999951
1.999951
1.999946
1.999941
1.999935
1.999933
1.999933
1.999940
1.999952
1.999972
1.999999
2.000035
2.000078
2.000130
2.000188
2.000255
2.000327
2.000405
2.000486
2.000571
2.000656
2.000741
2.000823
2.000903
2.000975
2.001041
2.001097
2.001143
2.001175
2.001193
2.001196
2.001182
2.001150
2.001100
2.001030
2.000942
2.000835
2.000709
2.000565
2.000405
2.000229
2.000040
1.999839
1.999629
1.999413
1.999193
1.998973
1.998757
1.998547
1.998348
1.998163
1.997997
1.997852
1.997733
1.997643
1.997585
1.997563
1.997579
1.997635
1.997734
1.997876
1.998062
1.998292
1.998565
1.998880
1.999236
1.999628
2.000054
2.000509
2.000988
2.001486
2.001996
2.002511
2.003025
2.003528
2.004013
2.004472
2.004896
2.005276
2.005605
2.005874
2.006077
2.006205
2.006254
2.006217
2.006091
2.005872
2.005558
2.005149
2.004646
2.004050
2.003367
2.002600
2.001757
2.000846
1.999878
1.998863
1.997815
1.996747
1.995674
1.994611
1.993577
1.992586
1.991658
1.990809
1.990056
1.989417
1.988907
1.988542
1.988335
1.988299
1.988444
1.988778
1.989307
1.990035
1.990963
1.992087
1.993403
1.994902
1.996572
1.998397
2.000360
2.002438
2.004606
2.006837
2.009102
2.011367
2.013598
2.015761
2.017818
2.019734
2.021472
2.022997
2.024275
2.025274
2.025967
2.026326
2.026331
2.025964
2.025215
2.024075
2.022543
2.020625
2.018331
2.015677
2.012687
2.009388
2.005816
2.002010
1.998015
1.993880
1.989657
1.985405
1.981182
1.977049
1.973071
1.969311
1.965833
1.962699
1.959972
1.957710
1.955968
1.954799
1.954249
1.954358
1.955160
1.956680
1.958935
1.961933
1.965671
1.970133
1.975294
1.981114
1.987543
1.994516
2.001956
2.009774
2.017870
2.026132
2.034441
2.042668
2.050681
2.058344
2.065520
2.072073
2.077872
2.082793
2.086722
2.089557
2.091211
2.091613
2.090710
2.088469
2.084880
2.079952
2.073715
2.066223
2.057548
2.047782
2.037036
2.025435
2.013121
2.000245
1.986969
1.973461
1.959897
1.946453
1.933307
1.920637
1.908620
1.897427
1.887228
1.878187
1.870461
1.864202
1.859555
1.856655
1.855628
1.856589
1.859634
1.864844
1.872278
1.881968
1.893914
1.908084
1.924404
1.942756
1.962979
1.984860
2.008141
2.032515
2.057635
2.083110
2.108523
2.133428
2.157369
2.179883
2.200515
2.218830
2.234420
2.246919
2.256009
2.261433
2.262997
2.260579
2.254132
2.243687
2.229349
2.211296
2.189778
2.165106
2.137646
2.107810
2.076042
2.042811
2.008597
1.973879
1.939124
1.904780
1.871265
1.838962
1.808219
1.779346
1.752618
1.728280
1.706556
1.687656
1.671787
1.659163
1.650013
1.644588
1.643164
1.646038
1.653525
1.665941
1.683583
1.706708
1.735502
1.770048
1.810299
1.856054
1.906937
1.962387
2.021663
2.083847
2.147872
2.212541
2.276568
2.338610
2.397309
2.451333
2.499416
2.540389
2.573222
2.597051
2.611201
2.615209
2.608838
2.592088
2.565194
2.528626
2.483078
2.429448
2.368816
2.302414
2.231583
2.157739
2.082319
2.006737
1.932328
1.860305
1.791717
1.727412
1.668017
1.613932
1.565338
1.522219
1.484403
1.451611
1.423508
1.399765
1.380117
1.364417
1.352685
1.345147
1.342268
1.344761
1.353582
1.369890
1.394976
1.430158
1.476645
1.535383
1.606912
1.691250
1.787816
1.895423
2.012303
2.136189
2.264414
2.394023
2.521894
2.644853
2.759776
2.863694
2.953874
3.027900
3.083737
3.119788
3.134938
3.128590
3.100683
3.051708
2.982702
2.895233
2.791371
2.673643
2.544967
2.408577
2.267917
2.126527
1.987897
1.855313
1.731687
1.619391
1.520114
1.434761
1.363424
1.305436
1.259513
1.223944
1.196806
1.176169
1.160245
1.147508
1.136753
1.127148
1.118260
1.110094
1.103142
1.098439
1.097633
1.103017
1.117513
1.144534
1.187705
1.250422
1.335340
1.443901
1.576052
1.730190
1.903313
2.091295
2.289194
2.491562
2.692711
2.886950
3.068774
3.233036
3.375083
3.490871
3.577069
3.631132
3.651368
3.636983
3.588111
3.505824
3.392128
3.249933
3.083010
2.895916
2.693902
2.482776
2.268743
2.058186
1.857387
1.672193
1.507602
1.367314
1.253316
1.165621
1.102305
1.059915
1.034128
1.020469
1.014852
1.013885
1.014951
1.016151
1.016192
1.014258
1.009928
1.003132
0.994174
0.983826
0.973481
0.965356
0.962710
0.969976
0.992689
1.037029
1.108918
1.212856
1.350930
1.522399
1.723895
1.949987
2.193829
2.447758
2.703756
2.953835
3.190315
3.406056
3.594639
3.750515
3.869124
3.946987
3.981782
3.972390
3.918925
3.822744
3.686429
3.513750
3.309603
3.079924
2.831570
2.572163
2.309890
2.053243
1.810667
1.590091
1.398328
1.240322
1.118377
1.031632
0.976165
0.945894
0.933958
0.933947
0.940616
0.950085
0.959705
0.967795
0.973362
0.975871
0.975085
0.970986
0.963778
0.953977
0.942578
0.931307
0.922921
0.921505
0.932616
0.963078
1.020190
1.110355
1.237577
1.402536
1.602564
1.832272
2.084397
2.350576
2.621973
2.889739
3.145364
3.380935
3.589348
3.764455
3.901196
3.995684
4.045281
4.048635
4.005704
3.917752
3.787323
3.618193
3.415301
3.184653
2.933195
2.668661
2.399375
2.134003
1.881224
1.649302
1.445518
1.275452
1.142191
1.045682
0.982624
0.947191
0.932390
0.931426
0.938589
0.949559
0.961340
0.972003
0.980403
0.985939
0.988381
0.987779
0.984452
0.979053
0.972699
0.967167
0.965102
0.970204
0.987256
1.021880
1.079886
1.166263
1.284129
1.434047
1.613926
1.819412
2.044494
2.282130
2.524772
2.764794
2.994812
3.207933
3.397946
3.559466
3.688042
3.780237
3.833689
3.847133
3.820418
3.754494
3.651382
3.514127
3.346723
3.154031
2.941665
2.715856
2.483293
2.250924
2.025711
1.814328
1.622795
1.456033
1.317395
1.208238
1.127722
1.072980
1.039694
1.022911
1.017805
1.020196
1.026779
1.035140
1.043660
1.051387
1.057913
1.063297
1.068027
1.073021
1.079654
1.089792
1.105800
1.130484
1.166930
1.218221
1.287052
1.375315
1.483763
1.611825
1.757620
1.918115
2.089386
2.266902
2.445799
2.621131
2.788076
2.942106
3.079123
3.195568
3.288504
3.355671
3.395529
3.407277
3.390857
3.346945
3.276922
3.182837
3.067347
2.933655
2.785420
2.626668
2.461670
2.294819
2.130474
1.972792
1.825545
1.691924
1.574346
1.474308
1.392297
1.327812
1.279500
1.245396
1.223212
1.210618
1.205471
1.205970
1.210729
1.218807
1.229690
1.243259
1.259746
1.279677
1.303818
1.333098
1.368532
1.411118
1.461734
1.521032
1.589333
1.666561
1.752194
1.845261
1.944369
2.047766
2.153415
2.259088
2.362459
2.461197
2.553050
2.635920
2.707930
2.767474
2.813263
2.844353
2.860167
2.860500
2.845527
2.815784
2.772156
2.715849
2.648351
2.571393
2.486900
2.396931
2.303619
2.209104
2.115466
2.024650
1.938405
1.858220
1.785278
1.720424
1.664161
1.616658
1.577792
1.547204
1.524364
1.508645
1.499390
1.495964
1.497800
1.504424
1.515460
1.530639
1.549773
1.572748
1.599489
1.629937
1.664017
1.701617
1.742558
1.786582
1.833332
1.882355
1.933094
1.984903
2.037056
2.088768
2.139214
2.187556
2.232968
2.274658
2.311893
2.344023
2.370496
2.390875
2.404850
2.412246
2.413027
2.407293
2.395282
2.377356
2.353998
2.325788
2.293395
2.257554
2.219046
2.178678
2.137257
2.095573
2.054378
2.014366
1.976157
1.940291
1.907214
1.877278
1.850740
1.827769
1.808452
1.792802
1.780777
1.772283
1.767190
1.765345
1.766573
1.770690
1.777506
1.786824
1.798446
1.812169
1.827785
1.845079
1.863827
1.883795
1.904739
1.926401
1.948514
1.970802
1.992983
2.014772
2.035887
2.056050
2.074997
2.092477
2.108266
2.122161
2.133995
2.143632
2.150975
2.155966
2.158589
2.158866
2.156862
2.152678
2.146451
2.138348
2.128565
2.117321
2.104851
2.091402
2.077228
2.062585
2.047721
2.032879
2.018286
2.004153
1.990670
1.978006
1.966305
1.955688
1.946249
1.938059
1.931166
1.925597
1.921357
1.918432
1.916794
1.916397
1.917185
1.919088
1.922029
1.925919
1.930668
1.936173
1.942333
1.949040
1.956185
1.963657
1.971346
1.979143
1.986940
1.994633
2.002123
2.009314
2.016122
2.022464
2.028272
2.033482
2.038044
2.041918
2.045074
2.047495
2.049174
2.050117
2.050338
2.049864
2.048731
2.046982
2.044671
2.041854
2.038596
2.034963
2.031028
2.026859
2.022531
2.018113
2.013674
2.009279
2.004990
2.000863
1.996949
1.993292
1.989934
1.986904
1.984229
1.981929
1.980015
1.978495
1.977370
1.976633
1.976276
1.976282
1.976634
1.977307
1.978277
1.979515
1.980989
1.982667
1.984516
1.986501
1.988587
1.990741
1.992930
1.995120
1.997282
1.999386
2.001405
2.003316
2.005096
2.006727
2.008194
2.009482
2.010583
2.011490
2.012201
2.012713
2.013031
2.013158
2.013104
2.012876
2.012488
2.011953
2.011287
2.010504
2.009624
2.008662
2.007639
2.006569
2.005473
2.004365
2.003265
2.002184
2.001140
2.000143
1.999206
1.998338
1.997549
1.996843
1.996228
1.995706
1.995280
1.994949
1.994715
1.994572
1.994521
1.994553
1.994666
1.994852
1.995106
1.995418
1.995782
1.996188
1.996630
1.997098
1.997585
1.998080
1.998580
1.999073
1.999556
2.000020
2.000461
2.000873
2.001252
2.001594
2.001898
2.002159
2.002378
2.002553
2.002685
2.002772
2.002819
2.002825
2.002794
2.002726
2.002628
2.002499
2.002345
2.002169
2.001976
2.001768
2.001550
2.001324
2.001097
2.000868
2.000645
2.000427
2.000220
2.000022
1.999841
1.999673
1.999524
1.999391
1.999278
1.999184
1.999110
1.999053
1.999017
1.998996
1.998995
1.999007
1.999034
1.999073
1.999125
1.999184
1.999252
1.999323
1.999401
1.999478
1.999558
1.999634
1.999710
1.999779
1.999845
1.999903
1.999955
1.999999
2.000036
2.000063
2.000085
2.000097
2.000105
2.000106
2.000104
2.000098
2.000093
2.000087
2.000087
2.000093
2.000098
