1.999937
1.999940
1.999943
1.999943
1.999940
1.999937
1.999936
1.999940
1.999947
1.999963
1.999985
2.000016
2.000056
2.000106
2.000164
2.000231
2.000307
2.000390
2.000480
2.000575
2.000673
2.000775
2.000876
2.000976
2.001071
2.001162
2.001244
2.001317
2.001376
2.001423
2.001452
2.001465
2.001457
2.001430
2.001380
2.001308
2.001212
2.001094
2.000953
2.000790
2.000605
2.000401
2.000179
1.999943
1.999693
1.999434
1.999168
1.998900
1.998633
1.998373
1.998122
1.997887
1.997671
1.997479
1.997316
1.997186
1.997093
1.997042
1.997035
1.997076
1.997167
1.997310
1.997507
1.997757
1.998061
1.998417
1.998823
1.999277
1.999774
2.000311
2.000880
2.001476
2.002091
2.002718
2.003347
2.003970
2.004576
2.005157
2.005700
2.006198
2.006637
2.007011
2.007307
2.007519
2.007637
2.007655
2.007567
2.007368
2.007054
2.006625
2.006080
2.005421
2.004651
2.003776
2.002802
2.001740
2.000600
1.999395
1.998138
1.996848
1.995540
1.994234
1.992949
1.991705
1.990524
1.989427
1.988435
1.987569
1.986849
1.986294
1.985922
1.985750
1.985791
1.986058
1.986558
1.987300
1.988284
1.989511
1.990975
1.992671
1.994583
1.996698
1.998993
2.001446
2.004028
2.006708
2.009450
2.012218
2.014970
2.017666
2.020261
2.022711
2.024971
2.026999
2.028751
2.030189
2.031274
2.031974
2.032258
2.032103
2.031490
2.030407
2.028848
2.026814
2.024312
2.021359
2.017977
2.014197
2.010054
2.005594
2.000867
1.995929
1.990840
1.985669
1.980485
1.975363
1.970376
1.965605
1.961126
1.957018
1.953358
1.950220
1.947674
1.945789
1.944624
1.944235
1.944668
1.945961
1.948141
1.951225
1.955217
1.960107
1.965872
1.972473
1.979857
1.987954
1.996680
2.005935
2.015604
2.025560
2.035662
2.045762
2.055703
2.065320
2.074450
2.082927
2.090589
2.097282
2.102860
2.107191
2.110159
2.111664
2.111629
2.109998
2.106741
2.101851
2.095347
2.087275
2.077703
2.066728
2.054466
2.041056
2.026653
2.011433
1.995582
1.979299
1.962792
1.946275
1.929963
1.914076
1.898832
1.884447
1.871133
1.859098
1.848542
1.839661
1.832642
1.827660
1.824881
1.824456
1.826519
1.831184
1.838538
1.848639
1.861508
1.877127
1.895428
1.916296
1.939557
1.964984
1.992287
2.021125
2.051099
2.081765
2.112638
2.143200
2.172913
2.201228
2.227602
2.251503
2.272430
2.289920
2.303565
2.313015
2.317992
2.318299
2.313819
2.304525
2.290475
2.271819
2.248788
2.221695
2.190922
2.156915
2.120173
2.081232
2.040655
1.999018
1.956897
1.914852
1.873420
1.833103
1.794364
1.757621
1.723247
1.691576
1.662907
1.637517
1.615668
1.597622
1.583654
1.574062
1.569168
1.569327
1.574916
1.586319
1.603910
1.628020
1.658905
1.696708
1.741425
1.792873
1.850669
1.914215
1.982705
2.055129
2.130298
2.206877
2.283414
2.358391
2.430254
2.497469
2.558551
2.612113
2.656899
2.691816
2.715966
2.728669
2.729481
2.718208
2.694919
2.659942
2.613862
2.557511
2.491948
2.418436
2.338408
2.253429
2.165149
2.075255
1.985409
1.897196
1.812062
1.731265
1.655824
1.586490
1.523733
1.467746
1.418471
1.375647
1.338878
1.307700
1.281669
1.260436
1.243820
1.231878
1.224951
1.223697
1.229099
1.242431
1.265191
1.298974
1.345310
1.405480
1.480326
1.570101
1.674383
1.792047
1.921308
2.059806
2.204718
2.352887
2.500939
2.645410
2.782851
2.909931
3.023524
3.120791
3.199250
3.256836
3.291956
3.303526
3.291009
3.254434
3.194405
3.112105
3.009279
2.888210
2.751675
2.602890
2.445432
2.283146
2.120025
1.960064
1.807096
1.664596
1.535477
1.421888
1.325054
1.245183
1.181494
1.132369
1.095596
1.068677
1.049103
1.034582
1.023180
1.013413
1.004287
0.995329
0.986628
0.978890
0.973513
0.972671
0.979346
0.997280
1.030733
1.084035
1.160952
1.264035
1.394161
1.550379
1.730062
1.929211
2.142829
2.365262
2.590504
2.812445
3.025077
3.222669
3.399911
3.552038
3.674938
3.765240
3.820389
3.838708
3.819439
3.762776
3.669871
3.542840
3.384733
3.199497
2.991914
2.767513
2.532464
2.293419
2.057329
1.831183
1.621682
1.434809
1.275305
1.146086
1.047757
0.978432
0.934082
0.909373
0.898684
0.896902
0.899855
0.904404
0.908343
0.910217
0.909148
0.904711
0.896877
0.886036
0.873118
0.859791
0.848731
0.843922
0.850832
0.876283
0.927736
1.011946
1.133414
1.293389
1.489806
1.717894
1.970988
2.241268
2.520335
2.799639
3.070807
3.325883
3.557531
3.759195
3.925230
4.051011
4.133021
4.168922
4.157595
4.099177
3.995061
3.847890
3.661518
3.440956
3.192295
2.922599
2.639774
2.352387
2.069448
1.800106
1.553231
1.336835
1.157277
1.018275
0.919954
0.858496
0.826927
0.816910
0.820546
0.831435
0.844943
0.858000
0.868724
0.876046
0.879415
0.878599
0.873587
0.864596
0.852171
0.837404
0.822245
0.809910
0.805282
0.815142
0.847859
0.912206
1.015365
1.161040
1.348727
1.574230
1.830711
2.109723
2.402008
2.698073
2.988597
3.264727
3.518309
3.742055
3.929689
4.076057
4.177208
4.230460
4.234438
4.189093
4.095700
3.956832
3.776317
3.559173
3.311513
3.040443
2.753913
2.460554
2.169457
1.889898
1.630963
1.401032
1.207065
1.053671
0.942106
0.869656
0.830044
0.815015
0.816271
0.826807
0.841394
0.856469
0.869791
0.880056
0.886584
0.889107
0.887651
0.882528
0.874416
0.864532
0.854882
0.848568
0.850045
0.865208
0.901041
0.964660
1.061851
1.195708
1.366014
1.569479
1.800481
2.051874
2.315684
2.583638
2.847553
3.099622
3.332633
3.540130
3.716538
3.857264
3.958763
4.018589
4.035420
4.009067
3.940464
3.831632
3.685642
3.506539
3.299266
3.069560
2.823831
2.569016
2.312409
2.061448
1.823449
1.605273
1.412894
1.250876
1.121792
1.025749
0.960264
0.920713
0.901290
0.896077
0.899848
0.908442
0.918824
0.928953
0.937607
0.944228
0.948816
0.951882
0.954466
0.958185
0.965296
0.978732
1.002036
1.039142
1.093972
1.169878
1.269073
1.392227
1.538334
1.704841
1.887938
2.082924
2.284549
2.487321
2.685761
2.874598
3.048934
3.204367
3.337088
3.443952
3.522536
3.571162
3.588925
3.575689
3.532075
3.459436
3.359819
3.235909
3.090970
2.928769
2.753483
2.569599
2.381800
2.194825
2.013317
1.841645
1.683704
1.542700
1.420937
1.319640
1.238867
1.177545
1.133678
1.104662
1.087661
1.079947
1.079148
1.083397
1.091385
1.102363
1.116107
1.132866
1.153291
1.178368
1.209315
1.247478
1.294189
1.350624
1.417650
1.495703
1.584693
1.683969
1.792324
1.908058
2.029057
2.152903
2.276986
2.398610
2.515101
2.623889
2.722596
2.809092
2.881554
2.938505
2.978843
3.001860
3.007251
2.995113
2.965939
2.920593
2.860294
2.786573
2.701241
2.606340
2.504088
2.396821
2.286932
2.176796
2.068703
1.964783
1.866934
1.776757
1.695500
1.624030
1.562817
1.511950
1.471190
1.440031
1.417792
1.403696
1.396961
1.396856
1.402752
1.414147
1.430667
1.452059
1.478165
1.508892
1.544173
1.583930
1.628041
1.676305
1.728420
1.783970
1.842412
1.903086
1.965219
2.027944
2.090325
2.151383
2.210122
2.265561
2.316758
2.362844
2.403039
2.436676
2.463219
2.482274
2.493598
2.497105
2.492864
2.481100
2.462182
2.436617
2.405034
2.368165
2.326831
2.281918
2.234350
2.185076
2.135033
2.085132
2.036235
1.989129
1.944516
1.902998
1.865067
1.831104
1.801379
1.776059
1.755214
1.738832
1.726833
1.719081
1.715401
1.715589
1.719421
1.726660
1.737063
1.750382
1.766362
1.784744
1.805261
1.827637
1.851582
1.876798
1.902970
1.929773
1.956872
1.983924
2.010584
2.036508
2.061360
2.084817
2.106575
2.126355
2.143910
2.159028
2.171536
2.181308
2.188260
2.192359
2.193618
2.192098
2.187905
2.181188
2.172135
2.160967
2.147936
2.133315
2.117395
2.100479
2.082872
2.064877
2.046791
2.028896
2.011457
1.994717
1.978891
1.964170
1.950712
1.938649
1.928081
1.919078
1.911685
1.905918
1.901771
1.899215
1.898203
1.898670
1.900535
1.903707
1.908080
1.913542
1.919973
1.927247
1.935232
1.943796
1.952801
1.962114
1.971598
1.981123
1.990559
1.999783
2.008679
2.017138
2.025061
2.032357
2.038949
2.044772
2.049772
2.053910
2.057160
2.059510
2.060961
2.061529
2.061240
2.060134
2.058261
2.055680
2.052459
2.048674
2.044403
2.039732
2.034745
2.029531
2.024176
2.018764
2.013376
2.008089
2.002973
1.998094
1.993509
1.989270
1.985417
1.981987
1.979005
1.976491
1.974455
1.972901
1.971824
1.971217
1.971060
1.971336
1.972014
1.973068
1.974461
1.976158
1.978118
1.980302
1.982667
1.985172
1.987774
1.990434
1.993109
1.995763
1.998359
2.000864
2.003246
2.005480
2.007539
2.009404
2.011058
2.012488
2.013683
2.014640
2.015356
2.015833
2.016075
2.016092
2.015893
2.015493
2.014907
2.014154
2.013252
2.012222
2.011084
2.009862
2.008576
2.007249
2.005899
2.004550
2.003219
2.001925
2.000682
1.999507
1.998412
1.997408
1.996504
1.995707
1.995022
1.994454
1.994002
1.993668
1.993448
1.993339
1.993337
1.993435
1.993626
1.993902
1.994254
1.994673
1.995148
1.995671
1.996229
1.996815
1.997416
1.998025
1.998631
1.999227
1.999803
2.000354
2.000871
2.001352
2.001788
2.002179
2.002520
2.002809
2.003045
2.003228
2.003358
2.003436
2.003464
2.003445
2.003381
2.003277
2.003135
2.002960
2.002757
2.002530
2.002283
2.002022
2.001750
2.001474
2.001195
2.000920
2.000650
2.000392
2.000145
1.999916
1.999702
1.999510
1.999338
1.999190
1.999064
1.998962
1.998881
1.998825
1.998789
1.998776
1.998780
1.998803
1.998841
1.998895
1.998959
1.999034
1.999116
1.999204
1.999295
1.999388
1.999480
1.999570
1.999655
1.999737
1.999810
1.999877
1.999935
1.999985
2.000025
2.000057
2.000080
2.000096
2.000104
2.000108
2.000107
2.000105
2.000101
2.000101
2.000105
2.000107
