1.999958
1.999965
1.999971
1.999971
1.999965
1.999958
1.999948
1.999940
1.999933
1.999930
1.999929
1.999934
1.999943
1.999958
1.999978
2.000004
2.000034
2.000070
2.000109
2.000153
2.000199
2.000248
2.000298
2.000349
2.000399
2.000447
2.000493
2.000535
2.000572
2.000604
2.000629
2.000647
2.000655
2.000656
2.000647
2.000628
2.000598
2.000558
2.000507
2.000446
2.000374
2.000293
2.000202
2.000104
1.999998
1.999887
1.999771
1.999652
1.999531
1.999410
1.999292
1.999178
1.999070
1.998971
1.998882
1.998805
1.998743
1.998697
1.998669
1.998662
1.998675
1.998710
1.998769
1.998852
1.998958
1.999089
1.999243
1.999421
1.999619
1.999838
2.000075
2.000327
2.000591
2.000866
2.001145
2.001428
2.001707
2.001981
2.002243
2.002490
2.002717
2.002918
2.003091
2.003230
2.003331
2.003390
2.003405
2.003373
2.003290
2.003157
2.002971
2.002733
2.002443
2.002103
2.001715
2.001283
2.000810
2.000301
1.999762
1.999199
1.998620
1.998033
1.997445
1.996865
1.996304
1.995769
1.995271
1.994820
1.994424
1.994094
1.993836
1.993660
1.993573
1.993581
1.993690
1.993903
1.994224
1.994655
1.995193
1.995840
1.996589
1.997438
1.998377
1.999399
2.000493
2.001647
2.002846
2.004075
2.005317
2.006555
2.007768
2.008939
2.010046
2.011069
2.011989
2.012786
2.013442
2.013940
2.014264
2.014401
2.014339
2.014069
2.013587
2.012888
2.011974
2.010847
2.009515
2.007989
2.006282
2.004411
2.002397
2.000262
1.998033
1.995737
1.993406
1.991070
1.988764
1.986521
1.984378
1.982368
1.980527
1.978889
1.977487
1.976352
1.975513
1.974997
1.974828
1.975026
1.975607
1.976584
1.977962
1.979744
1.981926
1.984498
1.987444
1.990740
1.994357
1.998258
2.002399
2.006732
2.011198
2.015738
2.020284
2.024766
2.029110
2.033241
2.037083
2.040563
2.043606
2.046146
2.048121
2.049474
2.050159
2.050139
2.049386
2.047885
2.045633
2.042640
2.038925
2.034524
2.029480
2.023850
2.017700
2.011104
2.004145
1.996911
1.989496
1.981997
1.974514
1.967145
1.959993
1.953154
1.946728
1.940807
1.935482
1.930842
1.926967
1.923938
1.921825
1.920698
1.920616
1.921632
1.923791
1.927129
1.931667
1.937415
1.944368
1.952500
1.961768
1.972106
1.983424
1.995607
2.008515
2.021982
2.035820
2.049817
2.063743
2.077353
2.090393
2.102605
2.113733
2.123531
2.131770
2.138240
2.142765
2.145198
2.145436
2.143415
2.139116
2.132566
2.123838
2.113044
2.100340
2.085915
2.069988
2.052803
2.034618
2.015706
1.996338
1.976788
1.957316
1.938173
1.919591
1.901784
1.884946
1.869251
1.854853
1.841893
1.830496
1.820781
1.812861
1.806849
1.802859
1.801013
1.801438
1.804270
1.809647
1.817707
1.828581
1.842381
1.859189
1.879046
1.901933
1.927759
1.956349
1.987434
2.020642
2.055503
2.091449
2.127824
2.163904
2.198915
2.232054
2.262522
2.289543
2.312401
2.330458
2.343179
2.350157
2.351121
2.345950
2.334681
2.317502
2.294751
2.266904
2.234555
2.198395
2.159191
2.117752
2.074903
2.031456
1.988178
1.945772
1.904854
1.865936
1.829424
1.795614
1.764697
1.736770
1.711857
1.689919
1.670884
1.654665
1.641180
1.630377
1.622253
1.616868
1.614367
1.614984
1.619055
1.627012
1.639375
1.656729
1.679686
1.708837
1.744687
1.787590
1.837672
1.894779
1.958423
2.027767
2.101623
2.178490
2.256601
2.333995
2.408601
2.478321
2.541119
2.595103
2.638596
2.670207
2.688877
2.693925
2.685073
2.662457
2.626629
2.578540
2.519506
2.451161
2.375398
2.294295
2.210023
2.124758
2.040579
1.959371
1.882743
1.811961
1.747903
1.691051
1.641514
1.599074
1.563260
1.533426
1.508829
1.488704
1.472318
1.459017
1.448253
1.439614
1.432837
1.427836
1.424719
1.423823
1.425744
1.431359
1.441843
1.458655
1.483477
1.518106
1.564285
1.623483
1.696668
1.784093
1.885162
1.998374
2.121371
2.251065
2.383813
2.515622
2.642357
2.759934
2.864499
2.952577
3.021208
3.068046
3.091441
3.090496
3.065102
3.015947
2.944501
2.852979
2.744271
2.621850
2.489647
2.351889
2.212915
2.076957
1.947904
1.829068
1.722962
1.631158
1.554217
1.491755
1.442603
1.405055
1.377136
1.356843
1.342325
1.331985
1.324531
1.318959
1.314533
1.310745
1.307286
1.304033
1.301068
1.298716
1.297607
1.298764
1.303688
1.314418
1.333533
1.364051
1.409185
1.471958
1.554718
1.658670
1.783550
1.927505
2.087200
2.258091
2.434769
2.611334
2.781737
2.940083
3.080882
3.199261
3.291129
3.353304
3.383612
3.380951
3.345324
3.277846
3.180718
3.057172
2.911383
2.748335
2.573662
2.393422
2.213832
2.040940
1.880252
1.736328
1.612407
1.510128
1.429446
1.368802
1.325514
1.296306
1.277814
1.266974
1.261234
1.258627
1.257733
1.257590
1.257583
1.257354
1.256728
1.255675
1.254315
1.252958
1.252183
1.252942
1.256682
1.265455
1.281963
1.309506
1.351751
1.412314
1.494193
1.599174
1.727380
1.877092
2.044852
2.225775
2.413973
2.602987
2.786193
2.957145
3.109854
3.239024
3.340218
3.409999
3.446024
3.447104
3.413233
3.345587
3.246491
3.119356
2.968579
2.799410
2.617778
2.430067
2.242835
2.062487
1.894881
1.744904
1.616066
1.510185
1.427271
1.365689
1.322576
1.294409
1.277571
1.268767
1.265269
1.264988
1.266435
1.268627
1.270969
1.273160
1.275112
1.276905
1.278789
1.281201
1.284824
1.290658
1.300094
1.314963
1.337539
1.370443
1.416438
1.478107
1.557453
1.655506
1.772038
1.905443
2.052812
2.210144
2.372647
2.535064
2.691991
2.838153
2.968643
3.079117
3.165941
3.226310
3.258325
3.261045
3.234502
3.179698
3.098568
2.993915
2.869325
2.729045
2.577832
2.420769
2.263047
2.109713
1.965387
1.833976
1.718408
1.620433
1.540544
1.478051
1.431310
1.398054
1.375752
1.361919
1.354336
1.351171
1.351014
1.352863
1.356071
1.360292
1.365438
1.371634
1.379206
1.388665
1.400716
1.416252
1.436348
1.462226
1.495196
1.536556
1.587461
1.648770
1.720894
1.803673
1.896300
1.997307
2.104619
2.215658
2.327475
2.436917
2.540777
2.635953
2.719576
2.789129
2.842538
2.878248
2.895267
2.893197
2.872243
2.833197
2.777413
2.706751
2.623515
2.530361
2.430198
2.326070
2.221025
2.117976
2.019564
1.928033
1.845119
1.771992
1.709230
1.656855
1.614415
1.581104
1.555893
1.537662
1.525312
1.517841
1.514406
1.514343
1.517177
1.522611
1.530516
1.540905
1.553913
1.569776
1.588800
1.611336
1.637746
1.668369
1.703478
1.743243
1.787687
1.836658
1.889795
1.946525
2.006057
2.067401
2.129399
2.190768
2.250146
2.306149
2.357430
2.402728
2.440921
2.471066
2.492439
2.504556
2.507190
2.500382
2.484433
2.459893
2.427541
2.388352
2.343460
2.294120
2.241650
2.187390
2.132646
2.078644
2.026487
1.977119
1.931302
1.889605
1.852403
1.819888
1.792096
1.768930
1.750200
1.735650
1.724992
1.717933
1.714193
1.713519
1.715697
1.720548
1.727933
1.737747
1.749905
1.764340
1.780989
1.799783
1.820632
1.843421
1.867998
1.894167
1.921683
1.950251
1.979528
2.009123
2.038611
2.067535
2.095423
2.121801
2.146204
2.168196
2.187378
2.203406
2.216002
2.224961
2.230158
2.231553
2.229192
2.223206
2.213802
2.201261
2.185924
2.168184
2.148469
2.127233
2.104937
2.082040
2.058983
2.036179
2.014004
1.992791
1.972822
1.954330
1.937498
1.922459
1.909303
1.898078
1.888801
1.881457
1.876011
1.872409
1.870585
1.870460
1.871951
1.874968
1.879417
1.885198
1.892208
1.900340
1.909477
1.919501
1.930281
1.941684
1.953566
1.965777
1.978161
1.990560
2.002810
2.014750
2.026219
2.037062
2.047135
2.056303
2.064446
2.071462
2.077267
2.081799
2.085021
2.086915
2.087490
2.086778
2.084832
2.081725
2.077550
2.072415
2.066440
2.059757
2.052502
2.044817
2.036842
2.028715
2.020569
2.012530
2.004714
1.997225
1.990157
1.983590
1.977590
1.972213
1.967499
1.963479
1.960169
1.957577
1.955700
1.954528
1.954039
1.954207
1.954999
1.956375
1.958293
1.960703
1.963553
1.966790
1.970355
1.974189
1.978231
1.982422
1.986699
1.991002
1.995273
1.999454
2.003492
2.007336
2.010939
2.014260
2.017262
2.019915
2.022192
2.024077
2.025557
2.026626
2.027284
2.027540
2.027407
2.026901
2.026048
2.024874
2.023412
2.021696
2.019763
2.017651
2.015401
2.013051
2.010641
2.008208
2.005790
2.003420
2.001130
1.998948
1.996900
1.995009
1.993292
1.991765
1.990440
1.989324
1.988423
1.987736
1.987264
1.987000
1.986939
1.987070
1.987383
1.987862
1.988493
1.989260
1.990145
1.991130
1.992197
1.993325
1.994498
1.995695
1.996900
1.998094
1.999261
2.000387
2.001457
2.002459
2.003382
2.004217
2.004955
2.005592
2.006123
2.006546
2.006860
2.007066
2.007166
2.007165
2.007067
2.006878
2.006607
2.006261
2.005850
2.005381
2.004865
2.004313
2.003733
2.003135
2.002530
2.001925
2.001330
2.000753
2.000200
1.999678
1.999193
1.998750
1.998352
1.998002
1.997704
1.997458
1.997264
1.997122
1.997033
1.996992
1.996999
1.997050
1.997143
1.997273
1.997437
1.997630
1.997848
1.998085
1.998339
1.998603
1.998875
1.999148
1.999420
1.999686
1.999943
2.000188
2.000418
2.000630
2.000822
2.000993
2.001142
2.001267
2.001369
2.001446
2.001500
2.001530
2.001538
2.001525
2.001493
2.001442
2.001375
2.001294
2.001200
2.001096
2.000984
2.000865
2.000743
2.000617
2.000493
2.000369
2.000249
2.000134
2.000025
1.999922
1.999829
1.999744
1.999670
1.999605
1.999552
1.999508
1.999477
1.999454
1.999443
1.999440
1.999447
1.999462
1.999485
1.999514
1.999549
1.999588
1.999632
1.999677
1.999724
1.999771
1.999819
1.999864
1.999908
1.999947
1.999984
2.000015
2.000042
2.000063
2.000080
2.000090
2.000096
2.000096
2.000094
2.000087
2.000079
2.000070
2.000062
2.000056
2.000056
2.000062
2.000070
