1.999944
1.999934
1.999931
1.999931
1.999934
1.999944
1.999961
1.999988
2.000024
2.000072
2.000131
2.000202
2.000284
2.000378
2.000482
2.000597
2.000720
2.000850
2.000985
2.001124
2.001264
2.001402
2.001536
2.001664
2.001782
2.001888
2.001978
2.002051
2.002102
2.002131
2.002133
2.002109
2.002054
2.001970
2.001853
2.001705
2.001524
2.001313
2.001070
2.000799
2.000501
2.000179
1.999837
1.999478
1.999107
1.998729
1.998348
1.997972
1.997606
1.997256
1.996928
1.996631
1.996368
1.996149
1.995977
1.995860
1.995803
1.995810
1.995886
1.996034
1.996256
1.996555
1.996930
1.997381
1.997905
1.998501
1.999162
1.999885
2.000661
2.001483
2.002340
2.003224
2.004121
2.005020
2.005907
2.006769
2.007590
2.008358
2.009056
2.009672
2.010190
2.010598
2.010882
2.011033
2.011040
2.010895
2.010591
2.010125
2.009493
2.008698
2.007739
2.006625
2.005361
2.003960
2.002433
2.000798
1.999072
1.997276
1.995433
1.993569
1.991709
1.989882
1.988118
1.986446
1.984896
1.983500
1.982285
1.981282
1.980518
1.980017
1.979802
1.979894
1.980308
1.981057
1.982149
1.983588
1.985372
1.987495
1.989943
1.992699
1.995740
1.999036
2.002552
2.006248
2.010079
2.013996
2.017944
2.021868
2.025706
2.029398
2.032881
2.036094
2.038974
2.041462
2.043502
2.045043
2.046035
2.046440
2.046221
2.045353
2.043819
2.041609
2.038724
2.035175
2.030984
2.026181
2.020809
2.014920
2.008575
2.001845
1.994810
1.987557
1.980181
1.972782
1.965466
1.958341
1.951520
1.945116
1.939241
1.934006
1.929519
1.925883
1.923192
1.921538
1.920995
1.921633
1.923503
1.926643
1.931076
1.936804
1.943811
1.952061
1.961496
1.972038
1.983583
1.996010
2.009174
2.022914
2.037046
2.051377
2.065695
2.079781
2.093409
2.106351
2.118378
2.129268
2.138807
2.146794
2.153046
2.157401
2.159719
2.159890
2.157833
2.153497
2.146867
2.137962
2.126835
2.113573
2.098299
2.081166
2.062360
2.042093
2.020603
1.998151
1.975015
1.951490
1.927882
1.904506
1.881681
1.859729
1.838971
1.819725
1.802301
1.787002
1.774120
1.763934
1.756706
1.752678
1.752066
1.755059
1.761810
1.772429
1.786979
1.805464
1.827829
1.853949
1.883626
1.916586
1.952479
1.990881
2.031296
2.073164
2.115869
2.158749
2.201111
2.242239
2.281411
2.317915
2.351060
2.380194
2.404715
2.424084
2.437840
2.445605
2.447097
2.442138
2.430652
2.412678
2.388361
2.357957
2.321828
2.280432
2.234318
2.184114
2.130513
2.074261
2.016140
1.956949
1.897490
1.838551
1.780889
1.725220
1.672207
1.622458
1.576520
1.534891
1.498022
1.466335
1.440235
1.420133
1.406453
1.399644
1.400180
1.408549
1.425227
1.450648
1.485160
1.528978
1.582137
1.644459
1.715522
1.794650
1.880915
1.973151
2.069980
2.169848
2.271058
2.371820
2.470284
2.564593
2.652916
2.733495
2.804679
2.864965
2.913022
2.947731
2.968204
2.973809
2.964186
2.939262
2.899257
2.844688
2.776364
2.695377
2.603085
2.501089
2.391200
2.275403
2.155805
2.034585
1.913926
1.795944
1.682616
1.575696
1.476642
1.386551
1.306113
1.235597
1.174868
1.123458
1.080663
1.045673
1.017722
0.996232
0.980941
0.972017
0.970122
0.976434
0.992598
1.020603
1.062569
1.120481
1.195901
1.289726
1.402037
1.532056
1.678192
1.838145
2.009040
2.187568
2.370115
2.552882
2.732002
2.903632
3.064044
3.209709
3.337374
3.444122
3.527443
3.585283
3.616092
3.618864
3.593170
3.539178
3.457665
3.350025
3.218255
3.064941
2.893220
2.706741
2.509598
2.306252
2.101431
1.899999
1.706796
1.526428
1.363020
1.219909
1.099321
1.002079
0.927439
0.873173
0.835918
0.811729
0.796650
0.787144
0.780344
0.774161
0.767294
0.759236
0.750299
0.741695
0.735657
0.735577
0.746047
0.772671
0.821467
0.897877
1.005697
1.146390
1.319012
1.520570
1.746547
1.991379
2.248857
2.512426
2.775424
3.031270
3.273623
3.496516
3.694479
3.862641
3.996824
4.093627
4.150491
4.165761
4.138721
4.069630
3.959734
3.811267
3.627434
3.412377
3.171133
2.909557
2.634242
2.352400
2.071721
1.800181
1.545781
1.316187
1.118197
0.956999
0.835208
0.751950
0.702584
0.679671
0.674880
0.680693
0.691240
0.702380
0.711414
0.716708
0.717363
0.713005
0.703684
0.689905
0.672800
0.654445
0.638319
0.629837
0.636725
0.668707
0.735905
0.846118
1.002660
1.204174
1.445731
1.720134
2.018898
2.332916
2.652901
2.969694
3.274499
3.559071
3.815870
4.038198
4.220311
4.357521
4.446274
4.484211
4.470216
4.404444
4.288326
4.124562
3.917088
3.671032
3.392641
3.089195
2.768896
2.440732
2.114307
1.799625
1.506792
1.245591
1.024798
0.851124
0.727639
0.652081
0.616424
0.609188
0.619051
0.637084
0.657201
0.675666
0.690387
0.700304
0.704937
0.704117
0.697845
0.686303
0.669991
0.650025
0.628606
0.609679
0.599679
0.608053
0.646689
0.727398
0.858015
1.040246
1.270416
1.541311
1.843754
2.167639
2.502575
2.838297
3.164957
3.473338
3.755028
4.002556
4.209519
4.370667
4.481987
4.540754
4.545572
4.496385
4.394480
4.242459
4.044202
3.804802
3.530486
3.228517
2.907073
2.575109
2.242187
1.918269
1.613456
1.337616
1.099827
0.907503
0.765051
0.672181
0.622831
0.606420
0.611281
0.627531
0.648084
0.668387
0.685765
0.698762
0.706664
0.709183
0.706305
0.698275
0.685715
0.669885
0.653082
0.639177
0.634165
0.646429
0.686129
0.763168
0.884305
1.051392
1.261681
1.509157
1.785870
2.082889
2.390941
2.700817
3.003663
3.291189
3.555827
3.790856
3.990507
4.150037
4.265789
4.335234
4.356993
4.330838
4.257684
4.139557
3.979551
3.781760
3.551211
3.293766
3.016017
2.725165
2.428880
2.135134
1.852013
1.587462
1.348956
1.143043
0.974693
0.846458
0.757626
0.703877
0.678065
0.671969
0.678002
0.690123
0.703998
0.716767
0.726720
0.733018
0.735522
0.734737
0.731860
0.728913
0.728919
0.736047
0.755577
0.793520
0.855772
0.946985
1.069601
1.223485
1.406158
1.613348
1.839589
2.078727
2.324307
2.569866
2.809148
3.036268
3.245837
3.433062
3.593818
3.724706
3.823092
3.887134
3.915793
3.908828
3.866783
3.790961
3.683384
3.546748
3.384359
3.200069
2.998196
2.783436
2.560771
2.335353
2.112390
1.897001
1.694055
1.507974
1.342506
1.200460
1.083426
0.991565
0.923527
0.876632
0.847299
0.831621
0.825915
0.827105
0.832929
0.842000
0.853781
0.868521
0.887172
0.911275
0.942810
0.984002
1.037058
1.103894
1.185865
1.283568
1.396740
1.524276
1.664310
1.814366
1.971516
2.132539
2.294069
2.452723
2.605209
2.748415
2.879485
2.995878
3.095411
3.176300
3.237181
3.277123
3.295637
3.292671
3.268603
3.224219
3.160693
3.079555
2.982652
2.872114
2.750302
2.619758
2.483153
2.343224
2.202714
2.064303
1.930537
1.803758
1.686025
1.579049
1.484127
1.402108
1.333368
1.277837
1.235057
1.204279
1.184581
1.174987
1.174576
1.182561
1.198331
1.221457
1.251672
1.288823
1.332817
1.383553
1.440870
1.504490
1.573989
1.648773
1.728072
1.810954
1.896337
1.983027
2.069742
2.155157
2.237936
2.316770
2.390409
2.457694
2.517581
2.569168
2.611705
2.644618
2.667507
2.680162
2.682557
2.674850
2.657376
2.630639
2.595297
2.552148
2.502112
2.446208
2.385538
2.321256
2.254547
2.186604
2.118595
2.051647
1.986813
1.925059
1.867239
1.814082
1.766182
1.723995
1.687836
1.657887
1.634211
1.616761
1.605404
1.599933
1.600086
1.605559
1.616021
1.631117
1.650477
1.673715
1.700433
1.730216
1.762634
1.797242
1.833577
1.871162
1.909509
1.948120
1.986497
2.024146
2.060581
2.095338
2.127976
2.158090
2.185314
2.209329
2.229867
2.246718
2.259730
2.268814
2.273944
2.275156
2.272545
2.266267
2.256530
2.243593
2.227757
2.209363
2.188778
2.166397
2.142624
2.117877
2.092566
2.067100
2.041866
2.017234
1.993545
1.971107
1.950193
1.931039
1.913835
1.898736
1.885853
1.875257
1.866982
1.861027
1.857356
1.855906
1.856586
1.859282
1.863861
1.870171
1.878046
1.887312
1.897781
1.909264
1.921561
1.934477
1.947813
1.961375
1.974970
1.988417
2.001538
2.014169
2.026157
2.037362
2.047661
2.056947
2.065130
2.072138
2.077920
2.082442
2.085690
2.087670
2.088402
2.087929
2.086305
2.083602
2.079904
2.075305
2.069910
2.063832
2.057186
2.050095
2.042680
2.035062
2.027359
2.019685
2.012149
2.004852
1.997885
1.991332
1.985264
1.979744
1.974821
1.970535
1.966912
1.963971
1.961716
1.960145
1.959243
1.958988
1.959350
1.960292
1.961770
1.963737
1.966139
1.968921
1.972023
1.975388
1.978954
1.982662
1.986452
1.990267
1.994053
1.997758
2.001334
2.004738
2.007929
2.010874
2.013543
2.015914
2.017965
2.019685
2.021064
2.022102
2.022799
2.023164
2.023206
2.022942
2.022389
2.021572
2.020514
2.019243
2.017786
2.016175
2.014440
2.012612
2.010720
2.008796
2.006866
2.004961
2.003103
2.001319
1.999626
1.998045
1.996592
1.995280
1.994118
1.993117
1.992278
1.991608
1.991103
1.990763
1.990581
1.990553
1.990669
1.990920
1.991292
1.991777
1.992357
1.993022
1.993755
1.994543
1.995370
1.996224
1.997089
1.997955
1.998805
1.999633
2.000423
2.001171
2.001864
2.002499
2.003068
2.003568
2.003993
2.004345
2.004620
2.004821
2.004947
2.005002
2.004988
2.004912
2.004775
2.004585
2.004346
2.004066
2.003749
2.003405
2.003036
2.002654
2.002260
2.001864
2.001469
2.001083
2.000708
2.000352
2.000015
1.999703
1.999417
1.999162
1.998936
1.998743
1.998581
1.998452
1.998354
1.998288
1.998250
1.998241
1.998256
1.998296
1.998354
1.998432
1.998524
1.998630
1.998743
1.998865
1.998989
1.999115
1.999239
1.999361
1.999477
1.999587
1.999686
1.999778
1.999858
1.999928
1.999985
2.000033
2.000068
2.000095
2.000112
2.000122
2.000125
2.000125
2.000122
2.000112
