1.999987
1.999956
1.999941
1.999941
1.999956
1.999987
2.000035
2.000099
2.000180
2.000278
2.000391
2.000520
2.000661
2.000816
2.000980
2.001153
2.001331
2.001513
2.001696
2.001876
2.002050
2.002215
2.002367
2.002504
2.002621
2.002716
2.002784
2.002823
2.002830
2.002803
2.002739
2.002637
2.002495
2.002314
2.002092
2.001830
2.001530
2.001194
2.000823
2.000422
1.999993
1.999543
1.999077
1.998599
1.998118
1.997639
1.997171
1.996721
1.996297
1.995908
1.995561
1.995265
1.995027
1.994856
1.994758
1.994739
1.994805
1.994962
1.995210
1.995555
1.995996
1.996534
1.997166
1.997890
1.998700
1.999590
2.000551
2.001575
2.002650
2.003764
2.004901
2.006048
2.007188
2.008304
2.009378
2.010393
2.011328
2.012168
2.012893
2.013487
2.013933
2.014216
2.014324
2.014244
2.013967
2.013488
2.012800
2.011904
2.010800
2.009493
2.007992
2.006309
2.004457
2.002456
2.000326
1.998093
1.995784
1.993430
1.991062
1.988716
1.986428
1.984237
1.982178
1.980293
1.978618
1.977192
1.976049
1.975223
1.974745
1.974642
1.974937
1.975650
1.976793
1.978374
1.980396
1.982852
1.985733
1.989018
1.992682
1.996694
2.001011
2.005588
2.010372
2.015304
2.020319
2.025349
2.030319
2.035155
2.039779
2.044113
2.048077
2.051597
2.054599
2.057013
2.058776
2.059830
2.060125
2.059622
2.058290
2.056108
2.053068
2.049175
2.044443
2.038905
2.032601
2.025587
2.017933
2.009719
2.001037
1.991993
1.982699
1.973279
1.963863
1.954589
1.945598
1.937034
1.929044
1.921772
1.915360
1.909945
1.905657
1.902617
1.900932
1.900699
1.901994
1.904879
1.909393
1.915555
1.923356
1.932767
1.943728
1.956156
1.969939
1.984939
2.000992
2.017909
2.035478
2.053470
2.071633
2.089708
2.107418
2.124486
2.140630
2.155572
2.169039
2.180772
2.190528
2.198084
2.203242
2.205835
2.205726
2.202816
2.197043
2.188384
2.176860
2.162534
2.145512
2.125941
2.104010
2.079949
2.054022
2.026531
1.997804
1.968201
1.938101
1.907905
1.878026
1.848886
1.820914
1.794538
1.770181
1.748261
1.729179
1.713320
1.701046
1.692691
1.688553
1.688894
1.693925
1.703803
1.718624
1.738416
1.763127
1.792629
1.826704
1.865050
1.907276
1.952909
2.001390
2.052093
2.104321
2.157329
2.210323
2.262485
2.312978
2.360964
2.405619
2.446147
2.481793
2.511859
2.535716
2.552816
2.562703
2.565027
2.559543
2.546128
2.524779
2.495617
2.458889
2.414966
2.364336
2.307603
2.245473
2.178746
2.108299
2.035076
1.960065
1.884285
1.808761
1.734511
1.662520
1.593733
1.529032
1.469235
1.415090
1.367276
1.326415
1.293081
1.267821
1.251166
1.243640
1.245760
1.258021
1.280868
1.314658
1.359615
1.415781
1.482981
1.560797
1.648552
1.745312
1.849900
1.960921
2.076784
2.195746
2.315938
2.435408
2.552160
2.664187
2.769513
2.866226
2.952517
3.026713
3.087308
3.132996
3.162694
3.175573
3.171074
3.148927
3.109167
3.052139
2.978501
2.889225
2.785591
2.669166
2.541791
2.405549
2.262729
2.115785
1.967282
1.819828
1.676005
1.538281
1.408908
1.289826
1.182551
1.088081
1.006837
0.938645
0.882800
0.838204
0.803577
0.777701
0.759672
0.749118
0.746353
0.752445
0.769185
0.798907
0.844188
0.907454
0.990585
1.094624
1.219635
1.364718
1.528109
1.707331
1.899340
2.100673
2.307566
2.516065
2.722128
2.921707
3.110838
3.285712
3.442750
3.578670
3.690553
3.775896
3.832668
3.859355
3.854999
3.819229
3.752284
3.655028
3.528958
3.376192
3.199462
3.002085
2.787924
2.561341
2.327132
2.090442
1.856667
1.631313
1.419828
1.227358
1.058428
0.916516
0.803534
0.719331
0.661446
0.625418
0.605662
0.596533
0.593128
0.591659
0.589519
0.585202
0.578224
0.569123
0.559564
0.552546
0.552652
0.566132
0.600491
0.663286
0.760391
0.894711
1.066015
1.271534
1.506724
1.765893
2.042646
2.330194
2.621589
2.909899
3.188357
3.450493
3.690253
3.902106
4.081141
4.223157
4.324740
4.383328
4.397270
4.365866
4.289396
4.169137
4.007364
3.807335
3.573266
3.310282
3.024364
2.722270
2.411438
2.099878
1.796019
1.508521
1.246010
1.016669
0.827584
0.683667
0.586098
0.530815
0.508713
0.508572
0.520330
0.536541
0.552341
0.564822
0.572382
0.574237
0.570110
0.560095
0.544699
0.525052
0.503342
0.483494
0.472051
0.478903
0.516808
0.598309
0.731054
0.916036
1.149210
1.423507
1.730300
2.060164
2.403422
2.750399
3.091705
3.418371
3.722054
3.995127
4.230852
4.423438
4.568184
4.661508
4.701058
4.685704
4.615617
4.492227
4.318266
4.097684
3.835660
3.538482
3.213519
2.869067
2.514280
2.158980
1.813534
1.488584
1.194797
0.942333
0.740062
0.593948
0.504524
0.464201
0.458618
0.472849
0.495563
0.519595
0.540922
0.557541
0.568581
0.573746
0.572964
0.566246
0.553682
0.535609
0.512962
0.487881
0.464632
0.450827
0.458451
0.503105
0.599230
0.753723
0.965265
1.227316
1.530624
1.864739
2.218757
2.581808
2.943308
3.293217
3.622175
3.921685
4.184206
4.403296
4.573667
4.691292
4.753423
4.758667
4.706956
4.599591
4.439177
4.229619
3.976028
3.684682
3.362889
3.018922
2.661844
2.301405
1.947835
1.611672
1.303464
1.033415
0.810699
0.642327
0.531014
0.472461
0.454550
0.462108
0.482374
0.506692
0.529938
0.549340
0.563548
0.571961
0.574361
0.570706
0.561138
0.546110
0.526732
0.505297
0.486100
0.476376
0.486979
0.531444
0.622155
0.765463
0.960770
1.202632
1.482933
1.792295
2.120852
2.458725
2.796305
3.124474
3.434753
3.719446
3.971739
4.185795
4.356817
4.481117
4.556134
4.580475
4.553897
4.477316
4.352757
4.183327
3.973138
3.727252
3.451574
3.152769
2.838134
2.515488
2.193015
1.879124
1.582243
1.310591
1.071828
0.872547
0.717439
0.608072
0.541539
0.510186
0.503628
0.511842
0.526959
0.543566
0.558237
0.568991
0.574837
0.575538
0.571532
0.564029
0.555249
0.548777
0.549912
0.565768
0.604672
0.674560
0.780894
0.925446
1.106497
1.319782
1.559452
1.818790
2.090704
2.368049
2.643855
2.911490
3.164786
3.398141
3.606594
3.785890
3.932526
4.043787
4.117763
4.153362
4.150301
4.109092
4.031017
3.918085
3.772990
3.599050
3.400142
3.180629
2.945281
2.699182
2.447641
2.196086
1.949949
1.714540
1.494895
1.295589
1.120505
0.972531
0.853212
0.762396
0.698058
0.656475
0.632862
0.622239
0.620201
0.623376
0.629606
0.637945
0.648595
0.662815
0.682791
0.711437
0.752080
0.808009
0.881975
0.975752
1.089893
1.223707
1.375405
1.542330
1.721207
1.908364
2.099919
2.291935
2.480543
2.662039
2.832964
2.990168
3.130861
3.252648
3.353564
3.432085
3.487148
3.518147
3.524929
3.507788
3.467439
3.404999
3.321956
3.220134
3.101652
2.968886
2.824417
2.670983
2.511431
2.348656
2.185551
2.024940
1.869525
1.721816
1.584068
1.458210
1.345785
1.247894
1.165154
1.097699
1.045214
1.007019
0.982203
0.969767
0.968769
0.978426
0.998171
1.027648
1.066666
1.115115
1.172881
1.239757
1.315372
1.399150
1.490288
1.587761
1.690342
1.796638
1.905127
2.014208
2.122243
2.227597
2.328683
2.423991
2.512127
2.591830
2.662001
2.721717
2.770245
2.807048
2.831795
2.844355
2.844801
2.833397
2.810593
2.777014
2.733440
2.680796
2.620127
2.552582
2.479391
2.401842
2.321256
2.238967
2.156296
2.074525
1.994880
1.918502
1.846434
1.779598
1.718785
1.664640
1.617663
1.578201
1.546460
1.522507
1.506290
1.497649
1.496334
1.502021
1.514325
1.532812
1.557006
1.586396
1.620441
1.658566
1.700177
1.744652
1.791351
1.839620
1.888797
1.938219
1.987232
2.035192
2.081487
2.125531
2.166784
2.204753
2.239003
2.269158
2.294912
2.316026
2.332338
2.343756
2.350265
2.351921
2.348853
2.341251
2.329373
2.313528
2.294080
2.271430
2.246021
2.218318
2.188807
2.157984
2.126347
2.094388
2.062585
2.031393
2.001241
1.972521
1.945590
1.920755
1.898283
1.878387
1.861234
1.846939
1.835573
1.827154
1.821664
1.819037
1.819176
1.821947
1.827189
1.834713
1.844312
1.855760
1.868818
1.883235
1.898758
1.915125
1.932081
1.949367
1.966737
1.983949
2.000776
2.017002
2.032432
2.046883
2.060199
2.072241
2.082893
2.092065
2.099688
2.105719
2.110139
2.112951
2.114182
2.113879
2.112110
2.108960
2.104531
2.098940
2.092315
2.084792
2.076518
2.067640
2.058311
2.048682
2.038902
2.029115
2.019460
2.010065
2.001051
1.992524
1.984582
1.977306
1.970766
1.965017
1.960100
1.956040
1.952852
1.950535
1.949078
1.948454
1.948633
1.949567
1.951206
1.953490
1.956355
1.959728
1.963539
1.967709
1.972164
1.976824
1.981617
1.986465
1.991301
1.996055
2.000666
2.005076
2.009233
2.013091
2.016611
2.019760
2.022513
2.024849
2.026758
2.028232
2.029275
2.029890
2.030092
2.029896
2.029328
2.028412
2.027179
2.025660
2.023894
2.021916
2.019765
2.017478
2.015096
2.012655
2.010194
2.007746
2.005346
2.003023
2.000807
1.998721
1.996788
1.995025
1.993449
1.992069
1.990895
1.989931
1.989179
1.988636
1.988299
1.988160
1.988210
1.988437
1.988827
1.989366
1.990038
1.990823
1.991707
1.992668
1.993691
1.994756
1.995846
1.996943
1.998032
1.999098
2.000126
2.001105
2.002023
2.002869
2.003638
2.004320
2.004914
2.005413
2.005818
2.006127
2.006342
2.006464
2.006498
2.006447
2.006319
2.006117
2.005851
2.005525
2.005151
2.004733
2.004283
2.003805
2.003311
2.002807
2.002300
2.001798
2.001307
2.000833
2.000382
1.999958
1.999565
1.999206
1.998885
1.998601
1.998359
1.998156
1.997994
1.997871
1.997788
1.997740
1.997728
1.997746
1.997795
1.997868
1.997966
1.998082
1.998214
1.998358
1.998512
1.998671
1.998833
1.998993
1.999151
1.999302
1.999446
1.999578
1.999700
1.999807
1.999900
1.999977
2.000039
2.000084
2.000114
2.000128
2.000128
2.000114
2.000084
