1.999975
1.999949
1.999936
1.999936
1.999949
1.999975
2.000017
2.000073
2.000145
2.000232
2.000334
2.000451
2.000581
2.000723
2.000876
2.001037
2.001205
2.001378
2.001552
2.001726
2.001895
2.002056
2.002207
2.002345
2.002464
2.002564
2.002639
2.002687
2.002706
2.002693
2.002644
2.002560
2.002437
2.002277
2.002077
2.001839
2.001563
2.001251
2.000905
2.000529
2.000124
1.999697
1.999252
1.998795
1.998330
1.997867
1.997410
1.996969
1.996550
1.996162
1.995812
1.995508
1.995258
1.995070
1.994950
1.994905
1.994940
1.995060
1.995269
1.995570
1.995963
1.996451
1.997029
1.997698
1.998451
1.999285
2.000189
2.001158
2.002179
2.003242
2.004332
2.005436
2.006538
2.007623
2.008673
2.009670
2.010598
2.011438
2.012172
2.012785
2.013260
2.013583
2.013739
2.013718
2.013509
2.013106
2.012503
2.011699
2.010694
2.009492
2.008099
2.006526
2.004786
2.002897
2.000877
1.998750
1.996541
1.994280
1.991996
1.989723
1.987495
1.985350
1.983321
1.981449
1.979769
1.978318
1.977129
1.976238
1.975674
1.975464
1.975632
1.976197
1.977175
1.978573
1.980396
1.982642
1.985299
1.988353
1.991781
1.995553
1.999633
2.003977
2.008535
2.013253
2.018068
2.022917
2.027729
2.032432
2.036951
2.041211
2.045134
2.048649
2.051682
2.054166
2.056037
2.057238
2.057719
2.057439
2.056366
2.054477
2.051762
2.048221
2.043868
2.038728
2.032837
2.026249
2.019024
2.011239
2.002980
1.994344
1.985439
1.976382
1.967295
1.958310
1.949561
1.941188
1.933330
1.926126
1.919715
1.914230
1.909796
1.906534
1.904551
1.903943
1.904788
1.907152
1.911078
1.916589
1.923686
1.932346
1.942521
1.954136
1.967091
1.981260
1.996490
2.012607
2.029410
2.046682
2.064184
2.081665
2.098863
2.115508
2.131327
2.146048
2.159405
2.171144
2.181024
2.188825
2.194349
2.197428
2.197921
2.195727
2.190776
2.183040
2.172531
2.159303
2.143449
2.125105
2.104447
2.081689
2.057079
2.030902
2.003469
1.975121
1.946219
1.917142
1.888283
1.860047
1.832841
1.807075
1.783154
1.761479
1.742435
1.726397
1.713716
1.704721
1.699709
1.698942
1.702640
1.710973
1.724055
1.741934
1.764589
1.791920
1.823745
1.859797
1.899724
1.943088
1.989370
2.037975
2.088242
2.139453
2.190842
2.241612
2.290948
2.338026
2.382036
2.422190
2.457739
2.487989
2.512310
2.530153
2.541057
2.544663
2.540717
2.529085
2.509747
2.482809
2.448499
2.407167
2.359278
2.305408
2.246236
2.182531
2.115137
2.044962
1.972959
1.900105
1.827384
1.755773
1.686215
1.619610
1.556800
1.498564
1.445611
1.398586
1.358078
1.324637
1.298785
1.281038
1.271907
1.271911
1.281555
1.301310
1.331576
1.372636
1.424607
1.487401
1.560690
1.643888
1.736152
1.836385
1.943262
2.055255
2.170668
2.287673
2.404349
2.518723
2.628805
2.732628
2.828288
2.913978
2.988024
3.048914
3.095336
3.126200
3.140663
3.138154
3.118387
3.081379
3.027454
2.957249
2.871708
2.772083
2.659906
2.536981
2.405346
2.267243
2.125068
1.981322
1.838541
1.699226
1.565756
1.440292
1.324682
1.220356
1.128249
1.048745
0.981674
0.926377
0.881839
0.846880
0.820379
0.801504
0.789905
0.785866
0.790370
0.805083
0.832211
0.874231
0.933539
1.012069
1.110988
1.230530
1.369972
1.527711
1.701406
1.888121
2.084473
2.286757
2.491064
2.693381
2.889682
3.076016
3.248584
3.403813
3.538423
3.649493
3.734521
3.791472
3.818825
3.815618
3.781469
3.716610
3.621894
3.498801
3.349436
3.176511
2.983316
2.773689
2.551952
2.322855
2.091484
1.863155
1.643276
1.437158
1.249778
1.085449
0.947406
0.837325
0.754895
0.697657
0.661345
0.640700
0.630413
0.625847
0.623385
0.620508
0.615739
0.608586
0.599548
0.590211
0.583440
0.583598
0.596618
0.629639
0.689945
0.783380
0.913076
1.079141
1.279126
1.508735
1.762451
2.033997
2.316664
2.603557
2.887778
3.162584
3.421523
3.658552
3.868147
4.045404
4.186123
4.286893
4.345153
4.359251
4.328486
4.253135
4.134472
3.974766
3.777271
3.546191
3.286644
3.004593
2.706776
2.400604
2.094043
1.795464
1.513437
1.256452
1.032482
0.848304
0.708410
0.613542
0.559429
0.537237
0.536305
0.547063
0.562351
0.577418
0.589372
0.596592
0.598265
0.594091
0.584160
0.568985
0.549711
0.528526
0.509298
0.498382
0.505266
0.542117
0.621037
0.749799
0.929889
1.157741
1.426628
1.728130
2.052955
2.391501
2.734144
3.071525
3.394696
3.695325
3.965799
4.199382
4.390291
4.533827
4.626410
4.665687
4.650530
4.581110
4.458856
4.286495
4.067978
3.808475
3.514271
3.192723
2.852116
2.501583
2.150920
1.810445
1.490731
1.202322
0.955182
0.757841
0.615763
0.528900
0.489462
0.483610
0.497120
0.519103
0.542567
0.563516
0.579909
0.590829
0.595939
0.595149
0.588466
0.576001
0.558128
0.535830
0.511277
0.488707
0.475536
0.483285
0.526826
0.620140
0.770421
0.976953
1.233679
1.531661
1.860629
2.209788
2.568328
2.925709
3.271914
3.597601
3.894283
4.154429
4.371600
4.540514
4.657145
4.718749
4.723930
4.672624
4.566129
4.407050
4.199288
3.947954
3.659317
3.340683
3.000308
2.647246
2.291221
1.942429
1.611350
1.308443
1.043751
0.826187
0.662331
0.554334
0.497460
0.479811
0.486899
0.506508
0.530254
0.553089
0.572237
0.586310
0.594679
0.597105
0.593552
0.584183
0.569489
0.550620
0.529892
0.511545
0.502606
0.513465
0.557001
0.645155
0.784470
0.974865
1.211377
1.486223
1.790235
2.113677
2.446750
2.779897
3.104033
3.410704
3.692229
3.941805
4.153603
4.322833
4.445810
4.519978
4.543943
4.517467
4.441464
4.317958
4.150055
3.941866
3.698447
3.425698
3.130274
2.819460
2.501055
2.183218
1.874314
1.582707
1.316512
1.083230
0.889204
0.738764
0.633043
0.568798
0.538404
0.531876
0.539665
0.554242
0.570378
0.584733
0.595360
0.601284
0.602284
0.598813
0.592090
0.584313
0.578978
0.581184
0.597691
0.636368
0.704766
0.808249
0.948789
1.125009
1.332981
1.567122
1.820915
2.087405
2.359547
2.630439
2.893501
3.142601
3.372164
3.577252
3.753624
3.897793
4.007051
4.079498
4.114048
4.110423
4.069139
3.991480
3.879458
3.735764
3.563717
3.367190
3.150541
2.918528
2.676225
2.428920
2.182011
1.940891
1.710809
1.496718
1.303073
1.133592
0.990954
0.876451
0.789693
0.728485
0.689088
0.666856
0.657053
0.655532
0.659143
0.665882
0.674888
0.686376
0.701548
0.722462
0.751842
0.792789
0.848369
0.921172
1.012903
1.124145
1.254311
1.401756
1.563980
1.737855
1.919839
2.106162
2.292980
2.476500
2.653082
2.819320
2.972108
3.108692
3.226710
3.324221
3.399726
3.452182
3.480998
3.486039
3.467609
3.426436
3.363647
3.280737
3.179535
3.062165
2.931001
2.788626
2.637771
2.481271
2.322008
2.162848
2.006585
1.855876
1.713170
1.580647
1.460144
1.353096
1.260479
1.182785
1.120024
1.071780
1.037302
1.015640
1.005789
1.006822
1.017978
1.038711
1.068676
1.107686
1.155632
1.212401
1.277792
1.351455
1.432842
1.521192
1.615528
1.714681
1.817313
1.921965
2.027091
2.131109
2.232436
2.329532
2.420934
2.505284
2.581361
2.648098
2.704601
2.750163
2.784274
2.806622
2.817095
2.815782
2.802962
2.779097
2.744819
2.700916
2.648317
2.588068
2.521314
2.449282
2.373246
2.294517
2.214406
2.134211
2.055183
1.978511
1.905293
1.836523
1.773070
1.715665
1.664895
1.621197
1.584860
1.556033
1.534735
1.520873
1.514254
1.514607
1.521595
1.534830
1.553881
1.578283
1.607541
1.641135
1.678514
1.719111
1.762332
1.807568
1.854194
1.901581
1.949095
1.996111
2.042017
2.086226
2.128181
2.167368
2.203315
2.235612
2.263901
2.287897
2.307377
2.322195
2.332271
2.337603
2.338256
2.334364
2.326127
2.313804
2.297706
2.278196
2.255674
2.230576
2.203360
2.174504
2.144490
2.113806
2.082926
2.052311
2.022397
1.993594
1.966272
1.940765
1.917360
1.896300
1.877779
1.861943
1.848889
1.838671
1.831295
1.826729
1.824899
1.825702
1.828999
1.834629
1.842405
1.852122
1.863558
1.876483
1.890654
1.905826
1.921750
1.938179
1.954868
1.971582
1.988090
2.004179
2.019643
2.034298
2.047974
2.060524
2.071817
2.081750
2.090237
2.097220
2.102661
2.106547
2.108885
2.109707
2.109062
2.107022
2.103670
2.099111
2.093458
2.086841
2.079391
2.071252
2.062568
2.053488
2.044154
2.034714
2.025302
2.016052
2.007085
1.998516
1.990443
1.982958
1.976136
1.970040
1.964719
1.960209
1.956530
1.953694
1.951695
1.950520
1.950141
1.950523
1.951620
1.953382
1.955747
1.958654
1.962032
1.965810
1.969915
1.974273
1.978809
1.983452
1.988129
1.992776
1.997327
2.001725
2.005913
2.009846
2.013478
2.016776
2.019707
2.022252
2.024390
2.026114
2.027419
2.028307
2.028787
2.028872
2.028580
2.027935
2.026961
2.025691
2.024156
2.022391
2.020433
2.018318
2.016084
2.013769
2.011407
2.009036
2.006688
2.004395
2.002185
2.000086
1.998118
1.996304
1.994659
1.993198
1.991929
1.990861
1.989995
1.989335
1.988874
1.988612
1.988536
1.988641
1.988912
1.989337
1.989899
1.990585
1.991375
1.992254
1.993203
1.994206
1.995243
1.996299
1.997357
1.998403
1.999421
2.000400
2.001326
2.002191
2.002984
2.003700
2.004331
2.004875
2.005327
2.005688
2.005956
2.006134
2.006223
2.006229
2.006154
2.006007
2.005790
2.005514
2.005183
2.004808
2.004394
2.003950
2.003484
2.003004
2.002517
2.002030
2.001549
2.001083
2.000633
2.000208
1.999810
1.999444
1.999112
1.998817
1.998558
1.998340
1.998160
1.998019
1.997915
1.997849
1.997817
1.997817
1.997847
1.997904
1.997984
1.998086
1.998204
1.998336
1.998478
1.998629
1.998782
1.998938
1.999090
1.999240
1.999381
1.999515
1.999637
1.999749
1.999846
1.999930
1.999998
2.000053
2.000092
2.000119
2.000130
2.000130
2.000119
2.000092
