1.999942
1.999934
1.999931
1.999931
1.999934
1.999942
1.999955
1.999978
2.000009
2.000051
2.000103
2.000167
2.000242
2.000329
2.000426
2.000533
2.000648
2.000771
2.000899
2.001032
2.001166
2.001299
2.001429
2.001554
2.001670
2.001775
2.001865
2.001940
2.001994
2.002027
2.002036
2.002019
2.001973
2.001900
2.001795
2.001660
2.001494
2.001297
2.001071
2.000817
2.000537
2.000233
1.999909
1.999568
1.999214
1.998853
1.998488
1.998127
1.997773
1.997434
1.997115
1.996824
1.996564
1.996345
1.996171
1.996048
1.995981
1.995975
1.996034
1.996162
1.996360
1.996632
1.996976
1.997394
1.997883
1.998440
1.999062
1.999743
2.000477
2.001256
2.002071
2.002914
2.003771
2.004632
2.005485
2.006315
2.007110
2.007856
2.008537
2.009142
2.009656
2.010067
2.010361
2.010530
2.010562
2.010449
2.010186
2.009767
2.009191
2.008456
2.007566
2.006524
2.005338
2.004019
2.002576
2.001027
1.999387
1.997677
1.995918
1.994134
1.992349
1.990592
1.988889
1.987270
1.985763
1.984397
1.983201
1.982203
1.981429
1.980903
1.980647
1.980682
1.981023
1.981684
1.982672
1.983992
1.985643
1.987620
1.989911
1.992501
1.995368
1.998484
2.001818
2.005331
2.008981
2.012722
2.016501
2.020267
2.023960
2.027523
2.030896
2.034020
2.036834
2.039282
2.041308
2.042864
2.043900
2.044380
2.044266
2.043534
2.042165
2.040150
2.037486
2.034185
2.030264
2.025752
2.020688
2.015121
2.009107
2.002714
1.996016
1.989097
1.982045
1.974957
1.967931
1.961074
1.954490
1.948288
1.942576
1.937459
1.933042
1.929424
1.926698
1.924949
1.924253
1.924677
1.926273
1.929082
1.933124
1.938409
1.944923
1.952635
1.961494
1.971427
1.982340
1.994120
2.006632
2.019723
2.033221
2.046940
2.060681
2.074234
2.087382
2.099906
2.111585
2.122204
2.131556
2.139446
2.145693
2.150140
2.152649
2.153109
2.151438
2.147585
2.141531
2.133289
2.122906
2.110464
2.096075
2.079886
2.062068
2.042826
2.022382
2.000986
1.978902
1.956410
1.933801
1.911375
1.889437
1.868292
1.848246
1.829602
1.812656
1.797698
1.785007
1.774850
1.767480
1.763132
1.762017
1.764321
1.770198
1.779764
1.793088
1.810189
1.831027
1.855498
1.883427
1.914567
1.948596
1.985121
2.023677
2.063734
2.104707
2.145964
2.186836
2.226633
2.264656
2.300209
2.332620
2.361248
2.385499
2.404844
2.418823
2.427059
2.429269
2.425267
2.414971
2.398407
2.375710
2.347117
2.312972
2.273712
2.229863
2.182027
2.130871
2.077111
2.021496
1.964796
1.907780
1.851201
1.795786
1.742219
1.691132
1.643104
1.598658
1.558263
1.522348
1.491313
1.465542
1.445424
1.431363
1.423789
1.423159
1.429948
1.444632
1.467650
1.499372
1.540047
1.589761
1.648398
1.715609
1.790797
1.873113
1.961469
2.054559
2.150895
2.248836
2.346641
2.442501
2.534588
2.621099
2.700292
2.770530
2.830314
2.878318
2.913419
2.934724
2.941589
2.933643
2.910795
2.873245
2.821485
2.756296
2.678738
2.590133
2.492038
2.386219
2.274608
2.159254
2.042273
1.925778
1.811815
1.702286
1.598874
1.502971
1.415621
1.337477
1.268792
1.209442
1.158990
1.116778
1.082053
1.054101
1.032381
1.016644
1.007040
1.004181
1.009166
1.023544
1.049208
1.088206
1.142499
1.213684
1.302750
1.409915
1.534558
1.675245
1.829818
1.995527
2.169159
2.347177
2.525844
2.701334
2.869835
3.027642
3.171240
3.297383
3.403161
3.486060
3.544025
3.575497
3.579464
3.555481
3.503703
3.424889
3.320411
3.192240
3.042930
2.875582
2.693798
2.501617
2.303435
2.103896
1.907764
1.719755
1.544335
1.385460
1.246294
1.128902
1.033989
0.960776
0.907103
0.869770
0.845051
0.829207
0.818883
0.811350
0.804596
0.797360
0.789135
0.780201
0.771699
0.765746
0.765560
0.775505
0.800919
0.847584
0.920828
1.024503
1.160280
1.327487
1.523398
1.743715
1.983045
2.235299
2.494010
2.752575
3.004457
3.243342
3.463286
3.658830
3.825113
3.957964
4.053983
4.110612
4.126192
4.100006
4.032307
3.924333
3.778307
3.597421
3.385801
3.148459
2.891224
2.620647
2.343890
2.068572
1.802568
1.553744
1.329573
1.136602
0.979704
0.861176
0.779924
0.731327
0.708223
0.702676
0.707514
0.717102
0.727426
0.735839
0.740717
0.741157
0.736773
0.727606
0.714152
0.697528
0.679769
0.664264
0.656243
0.663117
0.694196
0.759243
0.865979
1.017970
1.214253
1.450270
1.719098
2.012445
2.321330
2.636547
2.948996
3.249917
3.531090
3.784992
4.004939
4.185195
4.321078
4.409035
4.446710
4.432989
4.368023
4.253241
4.091338
3.886244
3.643077
3.368071
3.068488
2.752504
2.429071
2.107738
1.798430
1.511135
1.255448
1.039876
0.870748
0.750697
0.677144
0.642124
0.634588
0.643705
0.660897
0.680263
0.698135
0.712434
0.722083
0.726588
0.725765
0.719614
0.708327
0.692419
0.673016
0.652304
0.634150
0.624794
0.633309
0.671081
0.749515
0.876448
1.053956
1.278815
1.544181
1.841134
2.159735
2.489701
2.820838
3.143346
3.448039
3.726526
3.971353
4.176127
4.335606
4.445781
4.503933
4.508666
4.459925
4.358995
4.208477
4.012246
3.775387
3.504121
3.205694
2.888267
2.560765
2.232709
1.913999
1.614639
1.344349
1.111981
0.924617
0.786238
0.696150
0.648159
0.631971
0.636397
0.651961
0.671820
0.691541
0.708483
0.721199
0.728967
0.731496
0.728779
0.721070
0.709010
0.693862
0.677905
0.664921
0.660702
0.673282
0.712360
0.787462
0.905286
1.067953
1.273105
1.515086
1.786221
2.077770
2.380589
2.685560
2.983892
3.267337
3.528357
3.760257
3.957281
4.114700
4.228867
4.297259
4.318500
4.292368
4.219778
4.102755
3.944391
3.748777
3.520931
3.266705
2.992675
2.706018
2.414371
2.125660
1.847895
1.588918
1.356050
1.155618
0.992300
0.868306
0.782625
0.730817
0.705877
0.699901
0.705636
0.717304
0.730742
0.743192
0.753002
0.759365
0.762161
0.761899
0.759763
0.757729
0.758726
0.766750
0.786831
0.824671
0.885881
0.974952
1.094343
1.244085
1.421939
1.623880
1.844657
2.078290
2.318460
2.558808
2.793160
3.015692
3.221062
3.404516
3.561957
3.690011
3.786064
3.848290
3.875661
3.867946
3.825697
3.750222
3.643547
3.508367
3.347986
3.166248
2.967462
2.756308
2.537739
2.316875
2.098872
1.888778
1.691365
1.510931
1.351059
1.214360
1.102213
1.014578
0.949967
0.905659
0.878142
0.863661
0.858717
0.860413
0.866632
0.876085
0.888285
0.903486
0.922594
0.947066
0.978765
1.019779
1.072179
1.137770
1.217840
1.312972
1.422944
1.546726
1.682557
1.828075
1.980463
2.136608
2.293240
2.447062
2.594855
2.733571
2.860409
2.972875
3.068829
3.146519
3.204612
3.242203
3.258824
3.254443
3.229452
3.184649
3.121215
3.040687
2.944912
2.836018
2.716355
2.588453
2.454959
2.318582
2.182023
2.047909
1.918721
1.796720
1.683870
1.581777
1.491624
1.414143
1.349606
1.297854
1.258369
1.230369
1.212929
1.205091
1.205967
1.214805
1.231025
1.254225
1.284151
1.320660
1.363660
1.413058
1.468695
1.530309
1.597493
1.669682
1.746140
1.825974
1.908149
1.991517
2.074844
2.156853
2.236254
2.311782
2.382228
2.446471
2.503503
2.552451
2.592595
2.623385
2.644443
2.655577
2.656775
2.648207
2.630217
2.603312
2.568151
2.525531
2.476362
2.421655
2.362493
2.300011
2.235369
2.169727
2.104220
2.039932
1.977873
1.918960
1.863996
1.813661
1.768497
1.728912
1.695177
1.667438
1.645726
1.629972
1.620025
1.615673
1.616650
1.622658
1.633374
1.648456
1.667547
1.690282
1.716278
1.745144
1.776469
1.809830
1.844786
1.880884
1.917658
1.954635
1.991337
2.027294
2.062041
2.095137
2.126159
2.154721
2.180475
2.203118
2.222397
2.238113
2.250127
2.258359
2.262788
2.263457
2.260465
2.253968
2.244173
2.231336
2.215755
2.197761
2.177716
2.156001
2.133010
2.109145
2.084802
2.060373
2.036229
2.012721
1.990172
1.968872
1.949078
1.931007
1.914837
1.900706
1.888714
1.878923
1.871356
1.866008
1.862837
1.861780
1.862744
1.865617
1.870268
1.876550
1.884304
1.893361
1.903541
1.914661
1.926533
1.938969
1.951780
1.964780
1.977788
1.990629
2.003135
2.015152
2.026533
2.037148
2.046879
2.055627
2.063307
2.069854
2.075219
2.079374
2.082307
2.084026
2.084553
2.083931
2.082215
2.079475
2.075793
2.071263
2.065985
2.060069
2.053628
2.046777
2.039634
2.032315
2.024933
2.017597
2.010409
2.003465
1.996852
1.990648
1.984919
1.979724
1.975108
1.971108
1.967747
1.965040
1.962991
1.961595
1.960836
1.960693
1.961135
1.962126
1.963623
1.965580
1.967945
1.970664
1.973681
1.976940
1.980382
1.983950
1.987587
1.991240
1.994857
1.998388
2.001789
2.005018
2.008038
2.010817
2.013328
2.015549
2.017461
2.019055
2.020322
2.021261
2.021875
2.022172
2.022161
2.021860
2.021286
2.020463
2.019413
2.018163
2.016741
2.015176
2.013496
2.011733
2.009914
2.008069
2.006224
2.004406
2.002638
2.000943
1.999340
1.997848
1.996480
1.995250
1.994165
1.993234
1.992461
1.991848
1.991394
1.991097
1.990951
1.990951
1.991086
1.991350
1.991727
1.992210
1.992782
1.993433
1.994145
1.994909
1.995707
1.996528
1.997358
1.998186
1.998997
1.999784
2.000534
2.001241
2.001895
2.002492
2.003024
2.003490
2.003884
2.004207
2.004457
2.004636
2.004743
2.004783
2.004757
2.004672
2.004530
2.004339
2.004102
2.003826
2.003517
2.003182
2.002826
2.002457
2.002079
2.001700
2.001323
2.000955
2.000599
2.000262
1.999944
1.999651
1.999383
1.999145
1.998936
1.998758
1.998610
1.998495
1.998408
1.998352
1.998323
1.998320
1.998341
1.998384
1.998446
1.998525
1.998617
1.998721
1.998832
1.998950
1.999070
1.999191
1.999310
1.999426
1.999535
1.999638
1.999731
1.999816
1.999889
1.999952
2.000004
2.000046
2.000077
2.000100
2.000113
2.000121
2.000122
2.000122
2.000121
2.000113
