1.999962
1.999941
1.999932
1.999932
1.999941
1.999962
1.999995
2.000041
2.000100
2.000174
2.000261
2.000362
2.000476
2.000602
2.000738
2.000885
2.001038
2.001198
2.001360
2.001523
2.001683
2.001839
2.001986
2.002122
2.002243
2.002347
2.002430
2.002489
2.002521
2.002524
2.002495
2.002433
2.002335
2.002202
2.002031
2.001824
2.001580
2.001302
2.000990
2.000648
2.000278
1.999884
1.999470
1.999043
1.998606
1.998167
1.997731
1.997307
1.996899
1.996518
1.996169
1.995861
1.995601
1.995396
1.995252
1.995176
1.995174
1.995251
1.995410
1.995656
1.995988
1.996410
1.996918
1.997513
1.998190
1.998945
1.999771
2.000660
2.001604
2.002592
2.003612
2.004650
2.005693
2.006726
2.007733
2.008697
2.009601
2.010430
2.011165
2.011792
2.012295
2.012659
2.012870
2.012918
2.012792
2.012485
2.011990
2.011305
2.010429
2.009366
2.008119
2.006698
2.005114
2.003381
2.001518
1.999545
1.997484
1.995363
1.993209
1.991053
1.988926
1.986864
1.984899
1.983068
1.981405
1.979945
1.978720
1.977765
1.977107
1.976775
1.976792
1.977178
1.977947
1.979113
1.980679
1.982646
1.985006
1.987748
1.990852
1.994293
1.998038
2.002049
2.006281
2.010685
2.015203
2.019776
2.024339
2.028824
2.033160
2.037277
2.041103
2.044566
2.047598
2.050133
2.052108
2.053468
2.054163
2.054150
2.053397
2.051880
2.049583
2.046505
2.042653
2.038049
2.032722
2.026719
2.020094
2.012915
2.005259
1.997216
1.988884
1.980370
1.971789
1.963261
1.954911
1.946871
1.939271
1.932243
1.925916
1.920420
1.915874
1.912394
1.910085
1.909043
1.909348
1.911066
1.914245
1.918917
1.925089
1.932749
1.941861
1.952363
1.964170
1.977173
1.991235
2.006198
2.021880
2.038082
2.054581
2.071145
2.087526
2.103468
2.118713
2.133000
2.146073
2.157687
2.167607
2.175617
2.181521
2.185151
2.186367
2.185059
2.181154
2.174615
2.165444
2.153682
2.139407
2.122740
2.103837
2.082894
2.060137
2.035827
2.010252
1.983726
1.956584
1.929177
1.901872
1.875043
1.849070
1.824337
1.801221
1.780099
1.761334
1.745279
1.732270
1.722624
1.716630
1.714551
1.716609
1.722987
1.733819
1.749179
1.769078
1.793456
1.822177
1.855022
1.891691
1.931799
1.974879
2.020389
2.067718
2.116192
2.165088
2.213648
2.261085
2.306607
2.349422
2.388763
2.423893
2.454126
2.478834
2.497470
2.509567
2.514757
2.512776
2.503473
2.486809
2.462868
2.431851
2.394078
2.349981
2.300100
2.245073
2.185625
2.122555
2.056719
1.989016
1.920369
1.851705
1.783940
1.717958
1.654600
1.594652
1.538835
1.487808
1.442167
1.402458
1.369191
1.342853
1.323930
1.312915
1.310311
1.316629
1.332362
1.357952
1.393751
1.439969
1.496628
1.563526
1.640210
1.725966
1.819822
1.920565
2.026765
2.136809
2.248938
2.361286
2.471920
2.578882
2.680229
2.774070
2.858605
2.932160
2.993224
3.040474
3.072808
3.089368
3.089563
3.073086
3.039926
2.990377
2.925041
2.844824
2.750931
2.644845
2.528312
2.403305
2.271992
2.136683
1.999786
1.863730
1.730900
1.603551
1.483714
1.373111
1.273060
1.184413
1.107508
1.042186
0.987850
0.943591
0.908358
0.881156
0.861240
0.848293
0.842556
0.844906
0.856844
0.880396
0.917895
0.971674
1.043717
1.135348
1.247027
1.378284
1.527761
1.693326
1.872214
2.061174
2.256598
2.454651
2.651371
2.842769
3.024919
3.194037
3.346559
3.479212
3.589074
3.673640
3.730870
3.759235
3.757760
3.726054
3.664330
3.573423
3.454791
3.310510
3.143262
2.956298
2.753405
2.538847
2.317299
2.093750
1.873395
1.661481
1.463121
1.283036
1.125237
0.992626
0.886576
0.806592
0.750255
0.713577
0.691733
0.679865
0.673697
0.669848
0.665927
0.660507
0.653088
0.644108
0.635042
0.628561
0.628722
0.641024
0.672112
0.728878
0.817089
0.940144
1.098609
1.290496
1.511885
1.757531
2.021346
2.296750
2.576933
2.855056
3.124417
3.378591
3.611553
3.817793
3.992414
4.131224
4.230813
4.288621
4.302996
4.273232
4.199604
4.083379
3.926819
3.733164
3.506606
3.252241
2.976009
2.684611
2.385410
2.086306
1.795567
1.521620
1.272734
1.056558
0.879402
0.745166
0.654020
0.601481
0.579121
0.577040
0.586333
0.600243
0.614192
0.625330
0.632017
0.633406
0.629169
0.619387
0.604577
0.585894
0.565510
0.547195
0.537026
0.543933
0.579286
0.654570
0.777654
0.950671
1.170736
1.431640
1.725292
2.042613
2.374123
2.710286
3.041788
3.359721
3.655774
3.922351
4.152724
4.341123
4.482847
4.574326
4.613204
4.598358
4.529952
4.409418
4.239475
4.024073
3.768370
3.478643
3.162230
2.827397
2.483241
2.139512
1.806451
1.494514
1.214049
0.974701
0.784488
0.648141
0.564847
0.526628
0.520381
0.532829
0.553697
0.576258
0.596570
0.612557
0.623247
0.628250
0.627449
0.620848
0.608587
0.591083
0.569378
0.545668
0.524128
0.511887
0.519814
0.561805
0.651177
0.795444
0.994704
1.243613
1.533715
1.855028
2.196934
2.548726
2.899934
3.240580
3.561353
3.853783
4.110356
4.324638
4.491358
4.606490
4.667296
4.672380
4.621680
4.516490
4.359417
4.154354
3.906410
3.621841
3.307946
2.972960
2.625915
2.276493
1.934835
1.611326
1.316273
1.059466
0.849409
0.692042
0.588729
0.534207
0.516938
0.523355
0.541987
0.564847
0.587013
0.605719
0.619540
0.627810
0.630270
0.626891
0.617861
0.603723
0.585670
0.566035
0.548964
0.541177
0.552424
0.594697
0.679310
0.812981
0.996308
1.225016
1.491831
1.787913
2.103736
2.429635
2.756139
3.074219
3.375460
3.652209
3.897682
4.106064
4.272576
4.393540
4.466406
4.489783
4.463435
4.388276
4.266332
4.100703
3.895499
3.655766
3.387395
3.097028
2.791927
2.479860
2.168941
1.867463
1.583685
1.325558
1.100325
0.913947
0.770224
0.669687
0.608681
0.579669
0.573228
0.580442
0.594257
0.609712
0.623601
0.634035
0.640074
0.641519
0.638842
0.633266
0.626946
0.623246
0.626973
0.644411
0.682815
0.749207
0.848766
0.983686
1.153034
1.353349
1.579443
1.825098
2.083581
2.348001
2.611573
2.867797
3.110604
3.334464
3.534476
3.706427
3.846849
3.953055
4.023158
4.056082
4.051559
4.010111
3.933026
3.822319
3.680683
3.511433
3.318435
3.106040
2.878990
2.642337
2.401335
2.161336
1.927664
1.705472
1.499576
1.314242
1.152935
1.018016
0.910424
0.829441
0.772675
0.736394
0.716165
0.707586
0.706862
0.711138
0.718616
0.728543
0.741153
0.757564
0.779665
0.809930
0.851161
0.906135
0.977219
1.066016
1.173132
1.298103
1.439474
1.594954
1.761622
1.936124
2.114854
2.294106
2.470205
2.639607
2.798989
2.945314
3.075884
3.188387
3.280924
3.352033
3.400701
3.426365
3.428913
3.408670
3.366381
3.303186
3.220592
3.120435
3.004843
2.876193
2.737057
2.590157
2.438309
2.284363
2.131144
1.981387
1.837670
1.702347
1.577473
1.464738
1.365406
1.280271
1.209644
1.153371
1.110907
1.081418
1.063923
1.057423
1.061023
1.074002
1.095846
1.126231
1.164979
1.211983
1.267133
1.330239
1.400977
1.478839
1.563119
1.652908
1.747111
1.844475
1.943621
2.043087
2.141369
2.236958
2.328387
2.414253
2.493260
2.564238
2.626170
2.678206
2.719678
2.750110
2.769220
2.776924
2.773334
2.758746
2.733640
2.698657
2.654594
2.602379
2.543059
2.477772
2.407727
2.334182
2.258419
2.181715
2.105324
2.030447
1.958211
1.889647
1.825673
1.767075
1.714500
1.668446
1.629266
1.597168
1.572230
1.554412
1.543571
1.539480
1.541848
1.550328
1.564535
1.584051
1.608432
1.637209
1.669892
1.705971
1.744913
1.786167
1.829167
1.873329
1.918069
1.962794
2.006921
2.049880
2.091123
2.130129
2.166419
2.199556
2.229158
2.254899
2.276516
2.293810
2.306655
2.314991
2.318827
2.318242
2.313378
2.304441
2.291692
2.275443
2.256053
2.233914
2.209454
2.183117
2.155365
2.126662
2.097472
2.068246
2.039417
2.011395
1.984556
1.959242
1.935755
1.914350
1.895242
1.878594
1.864529
1.853120
1.844398
1.838355
1.834944
1.834083
1.835661
1.839539
1.845556
1.853529
1.863260
1.874537
1.887140
1.900841
1.915408
1.930607
1.946209
1.961985
1.977715
1.993188
2.008204
2.022576
2.036135
2.048725
2.060212
2.070481
2.079438
2.087010
2.093147
2.097820
2.101022
2.102768
2.103092
2.102048
2.099707
2.096155
2.091495
2.085838
2.079310
2.072038
2.064160
2.055814
2.047140
2.038275
2.029354
2.020506
2.011854
2.003508
1.995575
1.988143
1.981295
1.975097
1.969604
1.964857
1.960886
1.957705
1.955321
1.953722
1.952894
1.952806
1.953422
1.954696
1.956577
1.959007
1.961924
1.965260
1.968951
1.972923
1.977109
1.981438
1.985843
1.990258
1.994621
1.998873
2.002960
2.006833
2.010449
2.013768
2.016760
2.019398
2.021663
2.023540
2.025023
2.026110
2.026806
2.027120
2.027066
2.026664
2.025936
2.024909
2.023612
2.022077
2.020338
2.018429
2.016386
2.014243
2.012037
2.009801
2.007568
2.005369
2.003233
2.001185
1.999251
1.997449
1.995800
1.994316
1.993010
1.991888
1.990958
1.990220
1.989675
1.989318
1.989145
1.989146
1.989312
1.989630
1.990089
1.990671
1.991363
1.992148
1.993009
1.993930
1.994894
1.995884
1.996886
1.997883
1.998863
1.999812
2.000718
2.001570
2.002361
2.003080
2.003724
2.004286
2.004764
2.005154
2.005458
2.005674
2.005806
2.005856
2.005828
2.005727
2.005559
2.005328
2.005045
2.004712
2.004341
2.003937
2.003508
2.003061
2.002605
2.002144
2.001688
2.001239
2.000807
2.000393
2.000005
1.999644
1.999315
1.999018
1.998758
1.998533
1.998346
1.998195
1.998081
1.998002
1.997957
1.997943
1.997959
1.998001
1.998067
1.998154
1.998259
1.998377
1.998508
1.998646
1.998790
1.998935
1.999081
1.999222
1.999359
1.999487
1.999607
1.999715
1.999812
1.999896
1.999968
2.000025
2.000070
2.000101
2.000122
2.000130
2.000130
2.000122
2.000101
