1.999943
1.999949
1.999954
1.999954
1.999949
1.999943
1.999936
1.999932
1.999931
1.999936
1.999946
1.999963
1.999987
2.000020
2.000059
2.000107
2.000162
2.000224
2.000291
2.000365
2.000441
2.000522
2.000602
2.000683
2.000762
2.000837
2.000907
2.000971
2.001025
2.001069
2.001101
2.001121
2.001125
2.001114
2.001086
2.001041
2.000978
2.000897
2.000798
2.000682
2.000548
2.000399
2.000235
2.000058
1.999870
1.999673
1.999470
1.999264
1.999057
1.998853
1.998654
1.998466
1.998290
1.998131
1.997992
1.997877
1.997789
1.997732
1.997707
1.997718
1.997767
1.997855
1.997984
1.998154
1.998366
1.998618
1.998911
1.999241
1.999606
2.000004
2.000429
2.000878
2.001344
2.001823
2.002307
2.002791
2.003265
2.003724
2.004158
2.004561
2.004923
2.005238
2.005498
2.005695
2.005823
2.005877
2.005851
2.005741
2.005544
2.005258
2.004882
2.004418
2.003866
2.003231
2.002517
2.001731
2.000880
1.999974
1.999023
1.998040
1.997036
1.996026
1.995025
1.994048
1.993111
1.992231
1.991424
1.990706
1.990094
1.989601
1.989243
1.989033
1.988983
1.989101
1.989397
1.989877
1.990543
1.991397
1.992436
1.993657
1.995050
1.996606
1.998309
2.000143
2.002088
2.004121
2.006216
2.008344
2.010476
2.012581
2.014623
2.016570
2.018387
2.020040
2.021496
2.022722
2.023688
2.024368
2.024736
2.024772
2.024460
2.023788
2.022749
2.021341
2.019568
2.017440
2.014972
2.012185
2.009106
2.005765
2.002202
1.998456
1.994574
1.990606
1.986605
1.982626
1.978729
1.974971
1.971413
1.968115
1.965136
1.962534
1.960365
1.958681
1.957531
1.956960
1.957005
1.957698
1.959065
1.961122
1.963877
1.967329
1.971463
1.976257
1.981676
1.987672
1.994187
2.001149
2.008476
2.016073
2.023839
2.031659
2.039416
2.046983
2.054233
2.061037
2.067266
2.072796
2.077510
2.081299
2.084064
2.085723
2.086207
2.085464
2.083463
2.080190
2.075652
2.069879
2.062916
2.054833
2.045715
2.035664
2.024799
2.013251
2.001164
1.988688
1.975984
1.963214
1.950546
1.938148
1.926185
1.914825
1.904230
1.894557
1.885961
1.878590
1.872587
1.868088
1.865219
1.864100
1.864837
1.867523
1.872236
1.879033
1.887946
1.898980
1.912108
1.927266
1.944350
1.963212
1.983660
2.005457
2.028320
2.051926
2.075912
2.099887
2.123432
2.146117
2.167505
2.187162
2.204673
2.219648
2.231734
2.240626
2.246071
2.247880
2.245931
2.240173
2.230628
2.217391
2.200627
2.180566
2.157501
2.131776
2.103778
2.073927
2.042667
2.010449
1.977727
1.944944
1.912522
1.880858
1.850316
1.821225
1.793877
1.768534
1.745427
1.724768
1.706753
1.691577
1.679436
1.670544
1.665131
1.663452
1.665781
1.672411
1.683638
1.699744
1.720978
1.747527
1.779487
1.816839
1.859421
1.906908
1.958804
2.014436
2.072964
2.133396
2.194614
2.255403
2.314486
2.370567
2.422364
2.468652
2.508298
2.540297
2.563797
2.578131
2.582836
2.577663
2.562594
2.537839
2.503834
2.461231
2.410882
2.353812
2.291192
2.224298
2.154477
2.083095
2.011492
1.940937
1.872577
1.807405
1.746223
1.689629
1.638006
1.591533
1.550207
1.513883
1.482310
1.455188
1.432220
1.413163
1.397879
1.386380
1.378865
1.375748
1.377674
1.385512
1.400325
1.423312
1.455713
1.498692
1.553194
1.619804
1.698637
1.789251
1.890618
2.001149
2.118748
2.240909
2.364822
2.487487
2.605831
2.716812
2.817521
2.905271
2.977677
3.032719
3.068806
3.084816
3.080134
3.054675
3.008892
2.943773
2.860830
2.762062
2.649910
2.527199
2.397047
2.262774
2.127777
1.995391
1.868741
1.750580
1.643133
1.547970
1.465924
1.397068
1.340779
1.295870
1.260767
1.233702
1.212897
1.196703
1.183701
1.172770
1.163123
1.154341
1.146410
1.139764
1.135343
1.134650
1.139792
1.153464
1.178840
1.219326
1.278175
1.358017
1.460401
1.585496
1.731985
1.897173
2.077217
2.267422
2.462540
2.657042
2.845355
3.022066
3.182092
3.320825
3.434253
3.519060
3.572707
3.593500
3.580632
3.534215
3.455293
3.345829
3.208683
3.047561
2.866937
2.671959
2.468310
2.262035
2.059323
1.866224
1.688315
1.530299
1.395588
1.285933
1.201227
1.139580
1.097723
1.071621
1.057111
1.050391
1.048286
1.048332
1.048728
1.048233
1.046057
1.041783
1.035329
1.026975
1.017441
1.008034
1.000835
0.998892
1.006346
1.028372
1.070778
1.139217
1.238119
1.369742
1.533690
1.727009
1.944661
2.180136
2.426028
2.674521
2.917770
3.148201
3.358752
3.543060
3.695613
3.811876
3.888387
3.922830
3.914085
3.862260
3.768695
3.635949
3.467758
3.268975
3.045473
2.804028
2.552157
2.297904
2.049569
1.815349
1.602856
1.418518
1.266859
1.149809
1.066296
1.012438
0.982444
0.969872
0.968724
0.974082
0.982287
0.990819
0.998068
1.003071
1.005303
1.004529
1.000729
0.994102
0.985148
0.974825
0.964784
0.957640
0.957242
0.968804
0.998718
1.053860
1.140362
1.262236
1.420435
1.612710
1.834115
2.077775
2.335639
2.599107
2.859507
3.108456
3.338141
3.541525
3.712513
3.846079
3.938367
3.986752
3.989895
3.947755
3.861590
3.733933
3.568540
3.370321
3.145234
2.900165
2.642764
2.381236
2.124087
1.879777
1.656281
1.460510
1.297613
1.170244
1.078025
1.017568
0.983235
0.968409
0.966719
0.972816
0.982645
0.993379
1.003188
1.010984
1.016192
1.018598
1.018258
1.015490
1.010931
1.005664
1.001387
1.000609
1.006808
1.024460
1.058813
1.115303
1.198668
1.311974
1.455941
1.628788
1.826524
2.043491
2.272950
2.507605
2.740025
2.962982
3.169701
3.354064
3.510757
3.635384
3.724552
3.775928
3.788270
3.761443
3.696401
3.595165
3.460767
3.297183
3.109239
2.902498
2.683124
2.457707
2.233064
2.015978
1.812895
1.629544
1.470505
1.338764
1.235346
1.159193
1.107393
1.075766
1.059626
1.054458
1.056375
1.062311
1.070027
1.078027
1.085434
1.091886
1.097456
1.102620
1.108255
1.115665
1.126601
1.143270
1.168276
1.204474
1.254720
1.321522
1.406664
1.510892
1.633731
1.773467
1.927280
2.091472
2.261727
2.433383
2.601668
2.761909
2.909703
3.041059
3.152506
3.241178
3.304873
3.342099
3.352091
3.334818
3.290972
3.221942
3.129772
3.017105
2.887115
2.743419
2.589978
2.430981
2.270707
2.113376
1.962973
1.823067
1.696618
1.585806
1.491900
1.415200
1.355088
1.310176
1.278550
1.258036
1.246460
1.241846
1.242545
1.247300
1.255264
1.265983
1.279362
1.295627
1.315269
1.338995
1.367658
1.402186
1.443489
1.492366
1.549407
1.614901
1.688767
1.770513
1.859227
1.953597
2.051968
2.152411
2.252810
2.350947
2.444596
2.531600
2.609950
2.677846
2.733752
2.776437
2.805006
2.818920
2.818008
2.802461
2.772828
2.729995
2.675157
2.609781
2.535565
2.454387
2.368247
2.279204
2.189312
2.100550
2.014753
1.933551
1.858312
1.790103
1.729665
1.677409
1.633440
1.597597
1.569507
1.548650
1.534431
1.526232
1.523466
1.525613
1.532238
1.543004
1.557663
1.576048
1.598052
1.623606
1.652649
1.685109
1.720874
1.759771
1.801549
1.845871
1.892301
1.940314
1.989296
2.038558
2.087358
2.134913
2.180431
2.223127
2.262252
2.297115
2.327100
2.351689
2.370472
2.383165
2.389609
2.389780
2.383788
2.371870
2.354384
2.331801
2.304687
2.273686
2.239505
2.202893
2.164616
2.125443
2.086117
2.047344
2.009771
1.973973
1.940445
1.909595
1.881739
1.857105
1.835839
1.818012
1.803629
1.792641
1.784955
1.780449
1.778973
1.780367
1.784457
1.791065
1.800008
1.811102
1.824157
1.838977
1.855362
1.873101
1.891974
1.911750
1.932187
1.953033
1.974027
1.994903
2.015393
2.035229
2.054151
2.071908
2.088267
2.103015
2.115964
2.126956
2.135867
2.142606
2.147123
2.149404
2.149476
2.147401
2.143279
2.137242
2.129452
2.120097
2.109384
2.097539
2.084795
2.071393
2.057573
2.043570
2.029611
2.015908
2.002659
1.990039
1.978205
1.967290
1.957404
1.948634
1.941043
1.934676
1.929553
1.925678
1.923038
1.921602
1.921329
1.922164
1.924041
1.926886
1.930617
1.935146
1.940380
1.946221
1.952568
1.959319
1.966370
1.973618
1.980958
1.988291
1.995519
2.002548
2.009291
2.015665
2.021596
2.027017
2.031872
2.036113
2.039703
2.042616
2.044834
2.046354
2.047180
2.047329
2.046826
2.045705
2.044009
2.041787
2.039094
2.035992
2.032544
2.028817
2.024877
2.020793
2.016631
2.012456
2.008328
2.004304
2.000438
1.996778
1.993363
1.990232
1.987413
1.984930
1.982800
1.981036
1.979641
1.978618
1.977959
1.977656
1.977693
1.978054
1.978715
1.979653
1.980839
1.982246
1.983841
1.985594
1.987471
1.989442
1.991473
1.993534
1.995593
1.997623
1.999596
2.001488
2.003275
2.004938
2.006458
2.007823
2.009019
2.010038
2.010874
2.011524
2.011988
2.012270
2.012372
2.012305
2.012075
2.011696
2.011180
2.010541
2.009795
2.008959
2.008047
2.007079
2.006069
2.005036
2.003995
2.002960
2.001947
2.000969
2.000036
1.999161
1.998352
1.997618
1.996963
1.996393
1.995911
1.995520
1.995219
1.995007
1.994882
1.994842
1.994881
1.994995
1.995177
1.995422
1.995721
1.996068
1.996454
1.996873
1.997315
1.997775
1.998242
1.998712
1.999175
1.999628
2.000062
2.000474
2.000858
2.001212
2.001530
2.001811
2.002053
2.002255
2.002414
2.002534
2.002612
2.002652
2.002654
2.002621
2.002554
2.002458
2.002333
2.002187
2.002019
2.001836
2.001638
2.001432
2.001220
2.001005
2.000791
2.000581
2.000377
2.000183
1.999999
1.999829
1.999673
1.999534
1.999411
1.999308
1.999221
1.999153
1.999102
1.999070
1.999053
1.999054
1.999067
1.999095
1.999134
1.999184
1.999241
1.999306
1.999375
1.999449
1.999523
1.999598
1.999671
1.999742
1.999808
1.999869
1.999924
1.999972
2.000012
2.000046
2.000071
2.000090
2.000100
2.000106
2.000105
2.000102
2.000095
2.000089
2.000084
2.000084
2.000089
2.000095
