1.999999
1.999964
1.999946
1.999946
1.999964
1.999999
2.000053
2.000125
2.000215
2.000323
2.000446
2.000586
2.000738
2.000903
2.001078
2.001261
2.001449
2.001639
2.001828
2.002014
2.002192
2.002359
2.002512
2.002647
2.002760
2.002849
2.002909
2.002939
2.002934
2.002893
2.002814
2.002695
2.002534
2.002333
2.002090
2.001806
2.001484
2.001125
2.000731
2.000308
1.999859
1.999389
1.998904
1.998411
1.997915
1.997425
1.996948
1.996494
1.996068
1.995681
1.995341
1.995056
1.994833
1.994682
1.994607
1.994617
1.994715
1.994907
1.995195
1.995583
1.996070
1.996656
1.997338
1.998113
1.998974
1.999916
2.000928
2.002002
2.003123
2.004280
2.005458
2.006640
2.007809
2.008948
2.010039
2.011062
2.011999
2.012831
2.013540
2.014109
2.014521
2.014762
2.014818
2.014678
2.014334
2.013779
2.013008
2.012024
2.010826
2.009422
2.007821
2.006037
2.004084
2.001983
1.999757
1.997433
1.995039
1.992607
1.990172
1.987770
1.985438
1.983217
1.981145
1.979262
1.977606
1.976217
1.975130
1.974379
1.973995
1.974005
1.974430
1.975290
1.976596
1.978354
1.980565
1.983222
1.986310
1.989809
1.993690
1.997917
2.002447
2.007231
2.012211
2.017327
2.022509
2.027686
2.032782
2.037719
2.042416
2.046794
2.050771
2.054271
2.057217
2.059542
2.061180
2.062075
2.062177
2.061449
2.059859
2.057391
2.054039
2.049811
2.044725
2.038817
2.032133
2.024734
2.016693
2.008097
1.999044
1.989645
1.980020
1.970296
1.960612
1.951109
1.941935
1.933241
1.925175
1.917887
1.911524
1.906224
1.902119
1.899332
1.897969
1.898125
1.899875
1.903276
1.908363
1.915148
1.923615
1.933728
1.945417
1.958589
1.973120
1.988864
2.005644
2.023260
2.041489
2.060091
2.078806
2.097362
2.115476
2.132862
2.149232
2.164301
2.177793
2.189446
2.199014
2.206274
2.211030
2.213114
2.212395
2.208778
2.202205
2.192663
2.180179
2.164827
2.146722
2.126024
2.102935
2.077698
2.050592
2.021934
1.992071
1.961376
1.930249
1.899106
1.868379
1.838509
1.809941
1.783119
1.758483
1.736464
1.717474
1.701910
1.690138
1.682495
1.679281
1.680750
1.687103
1.698485
1.714971
1.736566
1.763192
1.794690
1.830811
1.871219
1.915490
1.963116
2.013510
2.066014
2.119904
2.174411
2.228720
2.281995
2.333383
2.382036
2.427120
2.467832
2.503415
2.533170
2.556469
2.572768
2.581616
2.582671
2.575698
2.560585
2.537342
2.506107
2.467143
2.420841
2.367710
2.308377
2.243574
2.174126
2.100943
2.024999
1.947316
1.868948
1.790958
1.714401
1.640302
1.569643
1.503345
1.442264
1.387180
1.338804
1.297786
1.264723
1.240181
1.224703
1.218818
1.223037
1.237838
1.263635
1.300737
1.349308
1.409316
1.480509
1.562382
1.654179
1.754891
1.863274
1.977874
2.097054
2.219031
2.341906
2.463704
2.582413
2.696014
2.802523
2.900027
2.986717
3.060920
3.121136
3.166065
3.194634
3.206022
3.199684
3.175364
3.133110
3.073284
2.996567
2.903952
2.796742
2.676535
2.545204
2.404867
2.257858
2.106679
1.953950
1.802344
1.654514
1.513005
1.380156
1.257992
1.148106
1.051562
0.968815
0.899692
0.843444
0.798894
0.764663
0.739437
0.722244
0.712687
0.711113
0.718673
0.737273
0.769370
0.817626
0.884484
0.971765
1.080386
1.210257
1.360321
1.528677
1.712731
1.909355
2.115018
2.325910
2.538043
2.747351
2.949769
3.141323
3.318195
3.476804
3.613866
3.726461
3.812088
3.868719
3.894845
3.889511
3.852354
3.783620
3.684183
3.555548
3.399849
3.219833
3.018835
2.800742
2.569947
2.331281
2.089941
1.851385
1.621205
1.404960
1.207945
1.034873
0.889444
0.773800
0.687955
0.629469
0.593708
0.574780
0.566721
0.564378
0.563809
0.562330
0.558411
0.551578
0.542405
0.532621
0.525349
0.525370
0.539230
0.574774
0.639810
0.740211
0.878655
1.054594
1.264977
1.505049
1.768970
2.050249
2.342034
2.637334
2.929189
3.210811
3.475720
3.717850
3.931665
4.112250
4.255401
4.357701
4.416590
4.430416
4.398480
4.321064
4.199448
4.035910
3.833714
3.597080
3.331144
3.041899
2.736116
2.421260
2.105370
1.796923
1.504652
1.237293
1.003204
0.809736
0.662176
0.562121
0.505739
0.483702
0.484260
0.496894
0.513900
0.530322
0.543239
0.551079
0.553085
0.549001
0.538927
0.523359
0.503407
0.481254
0.460865
0.448946
0.455757
0.494611
0.578452
0.714773
0.904093
1.141945
1.420970
1.732366
2.066602
2.413941
2.764665
3.109365
3.439049
3.745369
4.020686
4.258261
4.452295
4.598090
4.692056
4.731846
4.716325
4.645669
4.521305
4.345970
4.123613
3.859421
3.559682
3.231777
2.884007
2.525547
2.166237
1.816483
1.486982
1.188500
0.931360
0.724714
0.574971
0.483209
0.442073
0.436728
0.451589
0.474923
0.499416
0.521034
0.537813
0.548931
0.554128
0.553354
0.546622
0.534000
0.515790
0.492879
0.467371
0.443546
0.429183
0.436693
0.482362
0.581043
0.739309
0.955283
1.222002
1.529953
1.868539
2.226767
2.593719
2.958776
3.311882
3.643659
3.945607
4.210173
4.430916
4.602540
4.721020
4.783605
4.788901
4.736840
4.628725
4.467158
4.256052
4.000515
3.706832
3.382315
3.035247
2.674699
2.310444
1.952735
1.612159
1.299335
1.024597
0.797339
0.624939
0.510629
0.450547
0.432406
0.440385
0.461223
0.486016
0.509588
0.529176
0.543476
0.551911
0.554287
0.550553
0.540837
0.525549
0.505760
0.483736
0.463808
0.453395
0.463775
0.509106
0.602161
0.749072
0.948749
1.195322
1.480395
1.794412
2.127406
2.469431
2.810839
3.142484
3.455870
3.743288
3.997914
4.213906
4.386463
4.511892
4.587631
4.612284
4.585610
4.508521
4.383046
4.212289
4.000370
3.752349
3.474138
3.172408
2.854468
2.528150
2.201661
1.883444
1.581978
1.305564
1.061997
0.858078
0.698812
0.586164
0.517563
0.485358
0.478795
0.487408
0.503014
0.520037
0.534982
0.545844
0.551621
0.552065
0.547596
0.539414
0.529752
0.522269
0.522444
0.537721
0.576856
0.648143
0.757109
0.905308
1.090694
1.308701
1.553244
1.817442
2.094086
2.375953
2.656015
2.927601
3.184514
3.421130
3.632470
3.814268
3.963011
4.075975
4.151245
4.187723
4.185122
4.143953
4.065493
3.951753
3.805426
3.629831
3.428847
3.206844
2.968597
2.719203
2.463984
2.208393
1.957893
1.717844
1.493348
1.289082
1.109064
0.956365
0.832750
0.738295
0.671141
0.627602
0.602774
0.591454
0.588992
0.591807
0.597594
0.605327
0.615196
0.628509
0.647573
0.675483
0.715784
0.771977
0.846964
0.942577
1.059330
1.196425
1.351934
1.523055
1.706380
1.898120
2.094297
2.290894
2.483977
2.669787
2.844824
3.005899
3.150192
3.275284
3.379185
3.460355
3.517713
3.550638
3.558967
3.542980
3.503386
3.441292
3.358180
3.255868
3.136474
3.002369
2.856136
2.700517
2.538365
2.372588
2.206095
2.041736
1.882247
1.730184
1.587861
1.457283
1.340085
1.237470
1.150169
1.078427
1.022026
0.980361
0.952563
0.937650
0.934671
0.942829
0.961542
0.990443
1.029339
1.078124
1.136682
1.204799
1.282089
1.367946
1.461530
1.561769
1.667387
1.776933
1.888837
2.001443
2.113064
2.222019
2.326680
2.425498
2.517043
2.600022
2.673308
2.735951
2.787196
2.826483
2.853465
2.867991
2.870122
2.860107
2.838388
2.805577
2.762451
2.709928
2.649052
2.580971
2.506919
2.428189
2.346113
2.262040
2.177307
2.093222
2.011039
1.931933
1.856987
1.787168
1.723317
1.666131
1.616167
1.573824
1.539361
1.512893
1.494410
1.483784
1.480793
1.485126
1.496410
1.514209
1.538043
1.567386
1.601681
1.640335
1.682729
1.728214
1.776127
1.825784
1.876498
1.927575
1.978334
2.028108
2.076256
2.122169
2.165285
2.205087
2.241121
2.272992
2.300375
2.323018
2.340742
2.353444
2.361098
2.363750
2.361521
2.354595
2.343225
2.327719
2.308439
2.285788
2.260211
2.232177
2.202181
2.170726
2.138322
2.105473
2.072670
2.040386
2.009066
1.979121
1.950925
1.924808
1.901054
1.879897
1.861521
1.846061
1.833601
1.824176
1.817778
1.814352
1.813808
1.816016
1.820819
1.828028
1.837435
1.848810
1.861908
1.876474
1.892244
1.908950
1.926326
1.944103
1.962024
1.979837
1.997305
2.014200
2.030317
2.045465
2.059475
2.072200
2.083518
2.093327
2.101554
2.108148
2.113086
2.116363
2.118004
2.118052
2.116574
2.113651
2.109387
2.103897
2.097310
2.089765
2.081410
2.072396
2.062880
2.053016
2.042959
2.032858
2.022857
2.013091
2.003685
1.994754
1.986400
1.978712
1.971764
1.965616
1.960316
1.955893
1.952366
1.949737
1.947999
1.947128
1.947093
1.947851
1.949351
1.951532
1.954329
1.957672
1.961485
1.965690
1.970210
1.974963
1.979872
1.984860
1.989853
1.994780
1.999576
2.004180
2.008537
2.012598
2.016321
2.019670
2.022617
2.025140
2.027225
2.028864
2.030057
2.030807
2.031128
2.031035
2.030551
2.029700
2.028515
2.027027
2.025273
2.023289
2.021117
2.018794
2.016362
2.013859
2.011324
2.008792
2.006301
2.003880
2.001560
1.999368
1.997327
1.995455
1.993772
1.992288
1.991015
1.989955
1.989114
1.988490
1.988079
1.987874
1.987867
1.988045
1.988398
1.988906
1.989557
1.990331
1.991212
1.992178
1.993213
1.994297
1.995413
1.996541
1.997667
1.998772
1.999844
2.000867
2.001833
2.002727
2.003544
2.004275
2.004915
2.005459
2.005906
2.006255
2.006506
2.006661
2.006725
2.006699
2.006592
2.006406
2.006153
2.005835
2.005465
2.005048
2.004593
2.004109
2.003605
2.003086
2.002564
2.002043
2.001533
2.001037
2.000563
2.000114
1.999697
1.999314
1.998968
1.998661
1.998396
1.998171
1.997989
1.997848
1.997747
1.997684
1.997658
1.997665
1.997704
1.997771
1.997863
1.997976
1.998107
1.998252
1.998408
1.998570
1.998738
1.998905
1.999070
1.999229
1.999382
1.999523
1.999653
1.999769
1.999871
1.999956
2.000024
2.000075
2.000109
2.000125
2.000125
2.000109
2.000075
