1.999990
1.999958
1.999942
1.999942
1.999958
1.999990
2.000039
2.000106
2.000189
2.000289
2.000405
2.000537
2.000681
2.000838
2.001005
2.001180
2.001361
2.001546
2.001730
2.001911
2.002086
2.002252
2.002405
2.002541
2.002658
2.002751
2.002817
2.002854
2.002858
2.002827
2.002760
2.002653
2.002507
2.002320
2.002093
2.001826
2.001520
2.001177
2.000801
2.000394
1.999960
1.999505
1.999033
1.998551
1.998066
1.997584
1.997113
1.996662
1.996237
1.995848
1.995503
1.995209
1.994975
1.994809
1.994716
1.994705
1.994779
1.994944
1.995203
1.995559
1.996011
1.996561
1.997206
1.997943
1.998766
1.999670
2.000644
2.001681
2.002768
2.003894
2.005042
2.006198
2.007346
2.008469
2.009548
2.010565
2.011502
2.012340
2.013062
2.013650
2.014087
2.014361
2.014455
2.014361
2.014067
2.013569
2.012860
2.011941
2.010813
2.009482
2.007955
2.006245
2.004367
2.002340
2.000185
1.997928
1.995596
1.993221
1.990835
1.988474
1.986173
1.983973
1.981910
1.980024
1.978352
1.976934
1.975804
1.974996
1.974541
1.974466
1.974794
1.975543
1.976727
1.978354
1.980423
1.982931
1.985865
1.989205
1.992925
1.996993
2.001366
2.005997
2.010833
2.015814
2.020873
2.025943
2.030947
2.035812
2.040456
2.044804
2.048774
2.052291
2.055281
2.057675
2.059407
2.060423
2.060670
2.060111
2.058714
2.056460
2.053340
2.049361
2.044539
2.038906
2.032503
2.025390
2.017635
2.009321
2.000542
1.991404
1.982022
1.972521
1.963032
1.953696
1.944653
1.936052
1.928038
1.920757
1.914353
1.908963
1.904718
1.901738
1.900132
1.899995
1.901404
1.904419
1.909078
1.915398
1.923370
1.932960
1.944109
1.956730
1.970707
1.985901
2.002144
2.019245
2.036989
2.055143
2.073455
2.091659
2.109480
2.126637
2.142846
2.157828
2.171308
2.183028
2.192742
2.200228
2.205289
2.207756
2.207495
2.204407
2.198431
2.189547
2.177778
2.163189
2.145888
2.126026
2.103795
2.079429
2.053195
2.025398
1.996373
1.966482
1.936110
1.905662
1.875555
1.846217
1.818081
1.791579
1.767139
1.745182
1.726112
1.710317
1.698160
1.689977
1.686067
1.686689
1.692052
1.702311
1.717556
1.737809
1.763012
1.793029
1.827635
1.866518
1.909278
1.955434
2.004419
2.055598
2.108269
2.161677
2.215026
2.267491
2.318230
2.366403
2.411184
2.451774
2.487417
2.517416
2.541141
2.558045
2.567674
2.569678
2.563817
2.549969
2.528135
2.498441
2.461138
2.416600
2.365324
2.307918
2.245094
2.177659
2.106500
2.032567
1.956859
1.880402
1.804232
1.729375
1.656829
1.587546
1.522421
1.462279
1.407877
1.359904
1.318986
1.285706
1.260616
1.244249
1.237131
1.239779
1.252683
1.276281
1.310920
1.356806
1.413965
1.482202
1.561074
1.649885
1.747681
1.853267
1.965231
2.081972
2.201733
2.322639
2.442732
2.560009
2.672460
2.778109
2.875041
2.961448
3.035658
3.096164
3.141663
3.171075
3.183572
3.178600
3.155891
3.115485
3.057730
2.983291
2.893146
2.788579
2.671168
2.542761
2.405450
2.261537
2.113488
1.963881
1.815344
1.670476
1.531764
1.401485
1.281599
1.173642
1.078629
0.996988
0.928547
0.872589
0.827996
0.793463
0.767748
0.749930
0.739630
0.737170
0.743641
0.760861
0.791197
0.837247
0.901444
0.985652
1.090884
1.217163
1.363549
1.528241
1.708730
1.901952
2.104423
2.312367
2.521822
2.728739
2.929066
3.118834
3.294233
3.451684
3.587904
3.699973
3.785389
3.842123
3.868661
3.864046
3.827908
3.760491
3.662659
3.535912
3.382373
3.204777
3.006446
2.791251
2.563560
2.328181
2.090271
1.855243
1.628627
1.415899
1.222245
1.052239
0.909417
0.795749
0.711124
0.653085
0.617125
0.597582
0.588729
0.585598
0.584362
0.582394
0.578181
0.571242
0.562124
0.552509
0.545428
0.545516
0.559097
0.593766
0.657143
0.755104
0.890499
1.063014
1.269807
1.506277
1.766694
2.044636
2.333299
2.625721
2.914964
3.194254
3.457120
3.697503
3.909872
4.089314
4.231628
4.333398
4.392064
4.405974
4.374428
4.297707
4.177089
4.014848
3.814247
3.579500
3.315737
3.028942
2.725875
2.413983
2.101284
1.796218
1.507467
1.243685
1.013104
0.822877
0.678016
0.579807
0.524242
0.502159
0.502200
0.514187
0.530608
0.546574
0.559171
0.566807
0.568702
0.564586
0.554555
0.539111
0.519382
0.497554
0.477564
0.465998
0.472840
0.510991
0.593098
0.726773
0.912887
1.147286
1.422824
1.730826
2.061841
2.406173
2.754136
3.096336
3.423797
3.728175
4.001839
4.238051
4.431018
4.576041
4.669534
4.709147
4.693748
4.623510
4.499863
4.325540
4.104490
3.841894
3.544041
3.218302
2.872975
2.517221
2.160865
1.814285
1.488139
1.193120
0.939431
0.736018
0.588961
0.498933
0.458401
0.452879
0.467275
0.490154
0.514310
0.535718
0.552382
0.563446
0.568620
0.567840
0.561117
0.548535
0.530422
0.507702
0.482506
0.459105
0.445153
0.452748
0.497664
0.594450
0.749925
0.962625
1.225899
1.530426
1.865717
2.220843
2.584921
2.947358
3.298110
3.627810
3.927963
4.191023
4.410550
4.581251
4.699101
4.761352
4.766610
4.714807
4.607244
4.446526
4.236560
3.982456
3.690494
3.367984
3.023200
2.665207
2.303764
1.949104
1.611781
1.302361
1.031082
0.807178
0.637756
0.525667
0.466718
0.448747
0.456414
0.476831
0.501275
0.524611
0.544064
0.558299
0.566719
0.569113
0.565436
0.555828
0.540728
0.521238
0.499646
0.480256
0.470352
0.480896
0.525584
0.616899
0.761143
0.957589
1.200684
1.482237
1.792822
2.122546
2.461513
2.800101
3.129186
3.440284
3.725697
3.978605
4.193172
4.364600
4.489198
4.564407
4.588831
4.562229
4.485515
4.360715
4.190935
3.980291
3.733843
3.457499
3.157923
2.842418
2.518805
2.195276
1.880247
1.582161
1.309259
1.069236
0.868743
0.712551
0.602331
0.535262
0.503687
0.497126
0.505442
0.520686
0.537402
0.552145
0.562928
0.568755
0.569389
0.565260
0.557579
0.548568
0.541832
0.542717
0.558423
0.597384
0.667630
0.774641
0.920137
1.102315
1.316833
1.557777
1.818389
2.091545
2.370079
2.647005
2.915681
3.169931
3.404146
3.613362
3.793319
3.940512
4.052224
4.126544
4.162377
4.159440
4.118244
4.040069
3.926927
3.781510
3.607135
3.407682
3.187515
2.951405
2.704440
2.451932
2.199315
1.952032
1.715404
1.494485
1.293880
1.117504
0.968296
0.847857
0.756095
0.691025
0.648933
0.625002
0.614194
0.612042
0.615121
0.621234
0.629415
0.639865
0.653854
0.673599
0.702061
0.742621
0.798623
0.872856
0.967110
1.081929
1.216595
1.369284
1.537302
1.717339
1.905693
2.098457
2.291672
2.481451
2.664077
2.836080
2.994299
3.135936
3.258590
3.360288
3.439504
3.495168
3.526670
3.533857
3.517016
3.476862
3.414510
3.331445
3.229490
3.110764
2.977641
2.832703
2.678690
2.518450
2.354881
2.190881
2.029282
1.872794
1.723941
1.584992
1.457899
1.344228
1.245107
1.161184
1.092620
1.039126
1.000041
0.974463
0.961396
0.959898
0.969179
0.988669
1.018009
1.057007
1.105554
1.163536
1.230742
1.306800
1.391125
1.482905
1.581101
1.684476
1.791620
1.901000
2.011001
2.119970
2.226262
2.328278
2.424499
2.513520
2.594073
2.665052
2.725525
2.774754
2.812197
2.837518
2.850581
2.851456
2.840402
2.817868
2.784476
2.741005
2.688377
2.627639
2.559939
2.486508
2.408634
2.327645
2.244876
2.161653
2.079267
1.998949
1.921851
1.849026
1.781408
1.719802
1.664866
1.617115
1.576911
1.544471
1.519875
1.503083
1.493941
1.492206
1.497558
1.509614
1.527939
1.552056
1.581450
1.615574
1.653851
1.695678
1.740426
1.787451
1.836089
1.885673
1.935532
1.985003
2.033439
2.080218
2.124749
2.166486
2.204931
2.239642
2.270240
2.296413
2.317919
2.334592
2.346336
2.353136
2.355042
2.352183
2.344747
2.332991
2.317224
2.297808
2.275148
2.249685
2.221885
2.192239
2.161242
2.129397
2.097198
2.065128
2.033646
2.003186
1.974145
1.946883
1.921714
1.898909
1.878687
1.861219
1.846626
1.834981
1.826307
1.820587
1.817761
1.817730
1.820363
1.825499
1.832949
1.842507
1.853944
1.867020
1.881483
1.897077
1.913538
1.930608
1.948027
1.965544
1.982915
1.999911
2.016314
2.031923
2.046556
2.060052
2.072270
2.083094
2.092430
2.100208
2.106382
2.110933
2.113863
2.115197
2.114980
2.113283
2.110187
2.105797
2.100227
2.093608
2.086075
2.077776
2.068859
2.059478
2.049785
2.039930
2.030059
2.020312
2.010819
2.001702
1.993069
1.985020
1.977637
1.970992
1.965141
1.960125
1.955973
1.952699
1.950303
1.948775
1.948090
1.948216
1.949107
1.950713
1.952973
1.955823
1.959191
1.963005
1.967186
1.971660
1.976347
1.981171
1.986058
1.990936
1.995736
2.000396
2.004856
2.009066
2.012976
2.016549
2.019750
2.022552
2.024936
2.026890
2.028407
2.029487
2.030136
2.030367
2.030197
2.029649
2.028749
2.027527
2.026015
2.024251
2.022269
2.020112
2.017814
2.015419
2.012961
2.010480
2.008009
2.005585
2.003236
2.000993
1.998879
1.996918
1.995127
1.993523
1.992117
1.990918
1.989929
1.989155
1.988591
1.988236
1.988080
1.988116
1.988331
1.988713
1.989244
1.989911
1.990695
1.991578
1.992541
1.993568
1.994638
1.995735
1.996841
1.997940
1.999016
2.000056
2.001046
2.001977
2.002836
2.003617
2.004312
2.004918
2.005428
2.005844
2.006163
2.006387
2.006517
2.006559
2.006514
2.006391
2.006193
2.005929
2.005606
2.005232
2.004814
2.004362
2.003883
2.003386
2.002878
2.002367
2.001860
2.001364
2.000884
2.000427
1.999996
1.999597
1.999232
1.998904
1.998615
1.998367
1.998158
1.997991
1.997864
1.997776
1.997724
1.997708
1.997724
1.997770
1.997842
1.997939
1.998054
1.998186
1.998330
1.998485
1.998645
1.998808
1.998970
1.999130
1.999283
1.999429
1.999564
1.999688
1.999797
1.999893
1.999971
2.000035
2.000082
2.000113
2.000127
2.000127
2.000113
2.000082
