1.999981
1.999952
1.999938
1.999938
1.999952
1.999981
2.000026
2.000086
2.000163
2.000255
2.000363
2.000486
2.000621
2.000770
2.000928
2.001096
2.001269
2.001447
2.001625
2.001802
2.001974
2.002138
2.002289
2.002427
2.002545
2.002642
2.002714
2.002758
2.002771
2.002750
2.002694
2.002601
2.002469
2.002298
2.002087
2.001837
2.001548
2.001224
2.000865
2.000476
2.000059
1.999621
1.999164
1.998696
1.998223
1.997751
1.997288
1.996842
1.996420
1.996031
1.995682
1.995382
1.995138
1.994958
1.994849
1.994817
1.994867
1.995005
1.995234
1.995557
1.995974
1.996487
1.997093
1.997790
1.998572
1.999434
2.000368
2.001365
2.002414
2.003503
2.004618
2.005744
2.006867
2.007968
2.009031
2.010038
2.010970
2.011811
2.012542
2.013146
2.013607
2.013911
2.014043
2.013993
2.013750
2.013309
2.012664
2.011813
2.010757
2.009502
2.008054
2.006425
2.004628
2.002681
2.000605
1.998423
1.996162
1.993852
1.991524
1.989213
1.986953
1.984782
1.982736
1.980856
1.979176
1.977735
1.976568
1.975708
1.975186
1.975029
1.975260
1.975899
1.976959
1.978450
1.980373
1.982725
1.985496
1.988668
1.992217
1.996111
2.000313
2.004777
2.009452
2.014281
2.019200
2.024144
2.029039
2.033813
2.038388
2.042689
2.046637
2.050158
2.053179
2.055631
2.057450
2.058579
2.058969
2.058578
2.057375
2.055339
2.052460
2.048741
2.044196
2.038853
2.032751
2.025945
2.018500
2.010495
2.002018
1.993171
1.984064
1.974817
1.965558
1.956421
1.947543
1.939067
1.931135
1.923890
1.917471
1.912015
1.907649
1.904493
1.902656
1.902233
1.903302
1.905927
1.910148
1.915987
1.923441
1.932482
1.943057
1.955088
1.968467
1.983062
1.998716
2.015246
2.032446
2.050092
2.067940
2.085732
2.103201
2.120072
2.136067
2.150910
2.164334
2.176081
2.185907
2.193593
2.198940
2.201780
2.201974
2.199421
2.194056
2.185855
2.174832
2.161046
2.144597
2.125627
2.104319
2.080892
2.055606
2.028753
2.000653
1.971656
1.942132
1.912473
1.883081
1.854370
1.826758
1.800665
1.776506
1.754688
1.735607
1.719642
1.707151
1.698465
1.693882
1.693665
1.698029
1.707139
1.721099
1.739947
1.763647
1.792085
1.825061
1.862290
1.903400
1.947934
1.995353
2.045046
2.096334
2.148483
2.200715
2.252219
2.302169
2.349734
2.394097
2.434464
2.470084
2.500261
2.524364
2.541844
2.552245
2.555209
2.550489
2.537955
2.517597
2.489528
2.453986
2.411331
2.362040
2.306704
2.246016
2.180759
2.111797
2.040055
1.966503
1.892141
1.817974
1.744998
1.674180
1.606442
1.542647
1.483593
1.430009
1.382558
1.341846
1.308435
1.282861
1.265646
1.257311
1.258373
1.269333
1.290651
1.322705
1.365748
1.419862
1.484913
1.560527
1.646072
1.740656
1.843143
1.952168
2.066172
2.183433
2.302101
2.420240
2.535862
2.646968
2.751588
2.847812
2.933832
3.007974
3.068730
3.114790
3.145067
3.158727
3.155203
3.134220
3.095802
3.040284
2.968315
2.880854
2.779166
2.664802
2.539585
2.405577
2.265044
2.120412
1.974215
1.829027
1.687390
1.551729
1.424252
1.306853
1.201006
1.107678
1.027271
0.959612
0.904020
0.859438
0.824635
0.798442
0.779991
0.768920
0.765527
0.770841
0.786589
0.815042
0.858730
0.920065
1.000957
1.102508
1.224867
1.367219
1.527879
1.704433
1.893890
2.092822
2.297496
2.503977
2.708236
2.906238
3.094023
3.267787
3.423954
3.559243
3.670734
3.755924
3.812780
3.839787
3.835981
3.800989
3.735046
3.639011
3.514372
3.363241
3.188342
2.992978
2.781001
2.556754
2.325010
2.090888
1.859744
1.637039
1.428155
1.238155
1.071463
0.931438
0.819874
0.736539
0.678971
0.642804
0.622611
0.612914
0.608941
0.606988
0.604490
0.599954
0.592893
0.583825
0.574377
0.567484
0.567620
0.580881
0.614592
0.676177
0.771498
0.903574
1.072341
1.275186
1.507682
1.764222
2.038465
2.323663
2.612890
2.899231
3.175931
3.436528
3.674973
3.885738
4.063915
4.205306
4.306495
4.364923
4.378937
4.347837
4.271902
4.152407
3.991625
3.792812
3.560178
3.298844
3.014785
2.714746
2.406156
2.097003
1.795687
1.510829
1.250987
1.024246
0.837543
0.695587
0.599340
0.544633
0.522490
0.521966
0.533241
0.549008
0.564457
0.576687
0.584085
0.585853
0.581703
0.571727
0.556435
0.536965
0.515506
0.495957
0.484770
0.491640
0.529032
0.609275
0.740084
0.922696
1.153298
1.424985
1.729227
2.056665
2.397655
2.742547
3.081964
3.406949
3.709164
3.980987
4.215682
4.407461
4.551625
4.644592
4.684010
4.668750
4.598983
4.476138
4.302945
4.083355
3.822542
3.526794
3.203472
2.860868
2.508127
2.155058
1.812005
1.489578
1.198385
0.948494
0.748612
0.604461
0.516288
0.476398
0.470684
0.484567
0.506931
0.530694
0.551845
0.568360
0.579346
0.584487
0.583700
0.576997
0.564477
0.546495
0.524011
0.499179
0.476256
0.462757
0.470442
0.514553
0.609307
0.761753
0.970870
1.230348
1.531088
1.862724
2.214403
2.575284
2.934803
3.282931
3.610316
3.908467
4.169847
4.388015
4.557686
4.674833
4.736712
4.741925
4.690409
4.583463
4.423690
4.214995
3.962490
3.672446
3.352172
3.009932
2.654785
2.296470
1.945200
1.611486
1.305833
1.038370
0.818147
0.651965
0.542268
0.484534
0.466749
0.474079
0.494028
0.518074
0.541126
0.560410
0.574557
0.582951
0.585364
0.581757
0.572281
0.557410
0.538272
0.517175
0.498386
0.489041
0.499767
0.543777
0.633237
0.774602
0.967526
1.206801
1.484469
1.791253
2.117346
2.452910
2.788358
3.114588
3.423133
3.706305
3.957293
4.170264
4.340427
4.464092
4.538703
4.562865
4.536338
4.460036
4.335985
4.167290
3.958064
3.713365
3.439096
3.141918
2.829122
2.508516
2.188275
1.876786
1.582446
1.313426
1.077310
0.880572
0.727728
0.620134
0.554715
0.523827
0.517281
0.525286
0.540140
0.556518
0.571037
0.581730
0.587614
0.588459
0.584710
0.577584
0.569288
0.563368
0.565023
0.581196
0.619985
0.689141
0.794078
0.936673
1.115376
1.326085
1.563080
1.819740
2.089038
2.363876
2.637316
2.902751
3.154030
3.385563
3.592400
3.770293
3.915746
4.026047
4.099292
4.134391
4.131062
4.089821
4.011950
3.899459
3.755041
3.582014
3.384254
3.166121
2.932380
2.688109
2.438609
2.189292
1.945572
1.712731
1.495765
1.299194
1.126819
0.981430
0.864448
0.775604
0.712789
0.672268
0.649323
0.639093
0.637301
0.640684
0.647160
0.655824
0.666887
0.681577
0.702020
0.731034
0.771835
0.827602
0.901007
0.993790
1.106521
1.238561
1.388192
1.552836
1.729288
1.913939
2.102962
2.292463
2.478611
2.657731
2.826392
2.981463
3.120171
3.240137
3.339407
3.416471
3.470273
3.500214
3.506152
3.488384
3.447631
3.385016
3.302030
3.200498
3.082544
2.950541
2.807072
2.654872
2.496783
2.335692
2.174482
2.015962
1.862813
1.717516
1.582291
1.459025
1.349208
1.253880
1.173599
1.108438
1.058032
1.021664
0.998404
0.987248
0.987261
0.997669
1.017916
1.047650
1.086683
1.134904
1.192200
1.258367
1.333044
1.415669
1.505460
1.601415
1.702335
1.806855
1.913483
2.020644
2.126728
2.230126
2.329273
2.422681
2.508975
2.586911
2.655407
2.713554
2.760632
2.796116
2.819684
2.831216
2.830791
2.818680
2.795342
2.761401
2.717646
2.665000
2.604510
2.537325
2.464672
2.387833
2.308124
2.226871
2.145381
2.064923
1.986706
1.911850
1.841376
1.776178
1.717021
1.664520
1.619146
1.581216
1.550908
1.528266
1.513218
1.505585
1.505107
1.511453
1.524237
1.543023
1.567343
1.596692
1.630538
1.668321
1.709456
1.753336
1.799337
1.846819
1.895135
1.943636
1.991683
2.038648
2.083930
2.126959
2.167205
2.204188
2.237483
2.266724
2.291615
2.311925
2.327500
2.338253
2.344177
2.345332
2.341849
2.333923
2.321813
2.305829
2.286335
2.263731
2.238458
2.210977
2.181770
2.151328
2.120143
2.088698
2.057464
2.026886
1.997385
1.969342
1.943102
1.918964
1.897181
1.877958
1.861452
1.847769
1.836970
1.829069
1.824040
1.821813
1.822287
1.825327
1.830770
1.838429
1.848097
1.859551
1.872555
1.886862
1.902223
1.918383
1.935090
1.952091
1.969147
1.986020
2.002491
2.018348
2.033401
2.047476
2.060417
2.072093
2.082392
2.091227
2.098535
2.104274
2.108429
2.111005
2.112031
2.111555
2.109647
2.106392
2.101894
2.096266
2.089638
2.082145
2.073931
2.065142
2.055930
2.046440
2.036822
2.027215
2.017755
2.008566
1.999767
1.991461
1.983742
1.976688
1.970366
1.964827
1.960110
1.956239
1.953226
1.951067
1.949751
1.949250
1.949532
1.950550
1.952253
1.954581
1.957470
1.960849
1.964647
1.968789
1.973199
1.977802
1.982524
1.987291
1.992037
1.996693
2.001201
2.005503
2.009551
2.013299
2.016711
2.019753
2.022403
2.024642
2.026460
2.027850
2.028815
2.029363
2.029506
2.029261
2.028653
2.027707
2.026454
2.024926
2.023159
2.021188
2.019053
2.016790
2.014439
2.012036
2.009618
2.007218
2.004870
2.002601
2.000442
1.998413
1.996538
1.994833
1.993313
1.991988
1.990867
1.989951
1.989245
1.988743
1.988443
1.988336
1.988414
1.988663
1.989072
1.989623
1.990303
1.991092
1.991974
1.992930
1.993944
1.994996
1.996070
1.997149
1.998218
1.999260
2.000265
2.001218
2.002110
2.002930
2.003673
2.004331
2.004900
2.005376
2.005759
2.006047
2.006244
2.006349
2.006369
2.006306
2.006168
2.005958
2.005687
2.005358
2.004983
2.004566
2.004119
2.003647
2.003159
2.002663
2.002166
2.001674
2.001195
2.000733
2.000294
1.999883
1.999503
1.999157
1.998849
1.998577
1.998347
1.998155
1.998004
1.997891
1.997816
1.997776
1.997770
1.997794
1.997847
1.997924
1.998024
1.998141
1.998273
1.998417
1.998569
1.998725
1.998884
1.999041
1.999195
1.999341
1.999480
1.999607
1.999724
1.999826
1.999915
1.999988
2.000046
2.000088
2.000117
2.000129
2.000129
2.000117
2.000088
