1.999945
1.999951
1.999956
1.999956
1.999951
1.999945
1.999937
1.999932
1.999930
1.999933
1.999940
1.999955
1.999976
2.000006
2.000042
2.000086
2.000136
2.000194
2.000257
2.000326
2.000398
2.000473
2.000549
2.000626
2.000700
2.000772
2.000838
2.000899
2.000951
2.000995
2.001026
2.001046
2.001052
2.001044
2.001020
2.000980
2.000922
2.000849
2.000758
2.000651
2.000527
2.000390
2.000237
2.000073
1.999898
1.999715
1.999526
1.999333
1.999139
1.998947
1.998761
1.998583
1.998417
1.998267
1.998135
1.998025
1.997939
1.997882
1.997855
1.997862
1.997903
1.997982
1.998098
1.998253
1.998446
1.998679
1.998948
1.999253
1.999591
1.999959
2.000354
2.000772
2.001206
2.001653
2.002106
2.002558
2.003003
2.003434
2.003843
2.004223
2.004566
2.004865
2.005114
2.005305
2.005432
2.005490
2.005473
2.005379
2.005203
2.004944
2.004601
2.004176
2.003668
2.003081
2.002421
2.001692
2.000902
2.000060
1.999174
1.998256
1.997319
1.996374
1.995436
1.994520
1.993639
1.992810
1.992047
1.991367
1.990783
1.990311
1.989963
1.989752
1.989689
1.989784
1.990044
1.990475
1.991080
1.991861
1.992816
1.993940
1.995227
1.996667
1.998247
1.999951
2.001760
2.003654
2.005609
2.007598
2.009593
2.011565
2.013482
2.015314
2.017026
2.018589
2.019970
2.021138
2.022067
2.022729
2.023102
2.023166
2.022905
2.022308
2.021368
2.020082
2.018454
2.016493
2.014212
2.011631
2.008773
2.005668
2.002351
1.998860
1.995238
1.991531
1.987789
1.984064
1.980409
1.976880
1.973534
1.970425
1.967611
1.965144
1.963078
1.961461
1.960339
1.959754
1.959743
1.960335
1.961554
1.963418
1.965933
1.969100
1.972906
1.977332
1.982345
1.987904
1.993952
2.000427
2.007250
2.014336
2.021590
2.028906
2.036173
2.043276
2.050094
2.056505
2.062391
2.067633
2.072121
2.075751
2.078431
2.080081
2.080634
2.080042
2.078272
2.075310
2.071162
2.065852
2.059424
2.051939
2.043477
2.034133
2.024017
2.013253
2.001972
1.990317
1.978438
1.966486
1.954619
1.942992
1.931764
1.921088
1.911117
1.901998
1.893876
1.886888
1.881169
1.876844
1.874033
1.872846
1.873383
1.875732
1.879966
1.886140
1.894287
1.904415
1.916501
1.930491
1.946293
1.963774
1.982760
2.003036
2.024344
2.046384
2.068823
2.091297
2.113416
2.134776
2.154966
2.173577
2.190217
2.204514
2.216130
2.224772
2.230196
2.232217
2.230714
2.225631
2.216983
2.204854
2.189394
2.170817
2.149393
2.125443
2.099331
2.071449
2.042214
2.012051
1.981387
1.950638
1.920203
1.890454
1.861736
1.834358
1.808598
1.784702
1.762888
1.743356
1.726288
1.711866
1.700272
1.691701
1.686363
1.684491
1.686338
1.692170
1.702261
1.716877
1.736255
1.760577
1.789952
1.824381
1.863738
1.907749
1.955979
2.007827
2.062530
2.119178
2.176733
2.234060
2.289956
2.343190
2.392540
2.436829
2.474964
2.505968
2.529011
2.543434
2.548773
2.544772
2.531393
2.508819
2.477451
2.437897
2.390958
2.337599
2.278927
2.216148
2.150534
2.083375
2.015937
1.949413
1.884887
1.823291
1.765384
1.711731
1.662700
1.618469
1.579051
1.544324
1.514071
1.488027
1.465927
1.447550
1.432770
1.421591
1.414186
1.410918
1.412363
1.419301
1.432695
1.453646
1.483306
1.522780
1.572996
1.634575
1.707715
1.792106
1.886887
1.990649
2.101487
2.217072
2.334758
2.451688
2.564908
2.671473
2.768550
2.853509
2.924003
2.978036
3.014025
3.030845
3.027863
3.004965
2.962562
2.901592
2.823498
2.730199
2.624046
2.507749
2.384305
2.256890
2.128745
2.003038
1.882721
1.770378
1.668085
1.577293
1.498763
1.432557
1.378104
1.334319
1.299768
1.272845
1.251928
1.235511
1.222289
1.211224
1.201580
1.192955
1.185316
1.179040
1.174967
1.174454
1.179414
1.192308
1.216055
1.253824
1.308701
1.383261
1.479140
1.596716
1.734968
1.891526
2.062865
2.244572
2.431634
2.618711
2.800375
2.971324
3.126558
3.261525
3.372251
3.455442
3.508571
3.529938
3.518724
3.475016
3.399822
3.295057
3.163520
3.008837
2.835387
2.648196
2.452797
2.255052
2.060927
1.876212
1.706185
1.555233
1.426469
1.321417
1.239860
1.179965
1.138668
1.112235
1.096830
1.088942
1.085629
1.084590
1.084127
1.083061
1.080633
1.076431
1.070365
1.062684
1.054053
1.045686
1.039516
1.038367
1.046075
1.067433
1.107858
1.172696
1.266274
1.390993
1.546799
1.731174
1.939516
2.165694
2.402610
2.642682
2.878242
3.101848
3.306530
3.485995
3.634780
3.748381
3.823356
3.857398
3.849387
3.799421
3.708822
3.580117
3.417004
3.224278
3.007738
2.774063
2.530636
2.285333
2.046227
1.821226
1.617579
1.441289
1.296436
1.184575
1.104443
1.052238
1.022490
1.009199
1.006799
1.010717
1.017528
1.024858
1.031173
1.035547
1.037471
1.036712
1.033249
1.027273
1.019263
1.010137
1.001457
0.995686
0.996421
1.008513
1.037902
1.091011
1.173668
1.289855
1.440774
1.624608
1.836885
2.071167
2.319761
2.574346
2.826461
3.067883
3.290912
3.488600
3.654915
3.784878
3.874664
3.921672
3.924573
3.883330
3.799195
3.674686
3.513534
3.320608
3.101814
2.863960
2.614589
2.361767
2.113803
1.878898
1.664690
1.477671
1.322522
1.201441
1.113745
1.055990
1.022766
1.007860
1.005348
1.010261
1.018825
1.028395
1.037254
1.044374
1.049213
1.051574
1.051520
1.049364
1.045726
1.041645
1.038733
1.039349
1.046739
1.065054
1.099149
1.154075
1.234286
1.342765
1.480373
1.645634
1.834935
2.043002
2.263439
2.489234
2.713189
2.928255
3.127804
3.305826
3.457095
3.577282
3.663046
3.712091
3.723205
3.696266
3.632238
3.533139
3.401987
3.242730
3.060152
2.859756
2.647615
2.430203
2.214174
2.006102
1.812161
1.637749
1.487064
1.362701
1.265350
1.193752
1.144981
1.115029
1.099498
1.094206
1.095573
1.100780
1.107776
1.115192
1.122233
1.128580
1.134321
1.139920
1.146209
1.154410
1.166154
1.183481
1.208785
1.244686
1.293801
1.358440
1.440269
1.540015
1.657288
1.790540
1.937169
2.093716
2.256102
2.419883
2.580484
2.733401
2.874378
2.999543
3.105528
3.189550
3.249476
3.283868
3.292002
3.273878
3.230206
3.162380
3.072438
2.963003
2.837211
2.698623
2.551123
2.398795
2.245785
2.096146
1.953663
1.821673
1.702885
1.599224
1.511726
1.440513
1.384861
1.343371
1.314199
1.295306
1.284684
1.280532
1.281357
1.286034
1.293809
1.304289
1.317403
1.333368
1.352638
1.375860
1.403809
1.437324
1.477224
1.524229
1.578862
1.641376
1.711687
1.789327
1.873443
1.962807
2.055864
2.150800
2.245614
2.338208
2.426466
2.508339
2.581913
2.645474
2.697562
2.737011
2.762978
2.774969
2.772843
2.756813
2.727438
2.685600
2.632480
2.569519
2.498372
2.420862
2.338918
2.254514
2.169604
2.086055
2.005579
1.929679
1.859596
1.796278
1.740358
1.692166
1.651746
1.618906
1.593269
1.574335
1.561542
1.554320
1.552132
1.554506
1.561052
1.571465
1.585525
1.603080
1.624032
1.648316
1.675871
1.706626
1.740467
1.777228
1.816667
1.858461
1.902198
1.947380
1.993428
2.039694
2.085475
2.130038
2.172633
2.212524
2.249006
2.281428
2.309216
2.331884
2.349054
2.360464
2.365976
2.365578
2.359386
2.347637
2.330684
2.308983
2.283081
2.253597
2.221206
2.186619
2.150563
2.113758
2.076903
2.040653
2.005606
1.972290
1.941157
1.912573
1.886822
1.864103
1.844542
1.828194
1.815056
1.805077
1.798168
1.794210
1.793066
1.794583
1.798603
1.804961
1.813487
1.824009
1.836352
1.850334
1.865767
1.882455
1.900191
1.918758
1.937930
1.957470
1.977132
1.996667
2.015823
2.034349
2.052001
2.068544
2.083760
2.097451
2.109441
2.119584
2.127766
2.133904
2.137955
2.139908
2.139792
2.137669
2.133636
2.127821
2.120377
2.111485
2.101341
2.090158
2.078157
2.065563
2.052601
2.039492
2.026445
2.013659
2.001316
1.989578
1.978589
1.968471
1.959324
1.951226
1.944236
1.938390
1.933708
1.930191
1.927824
1.926580
1.926418
1.927284
1.929119
1.931852
1.935407
1.939700
1.944645
1.950150
1.956121
1.962463
1.969077
1.975868
1.982738
1.989595
1.996345
2.002904
2.009187
2.015120
2.020632
2.025663
2.030159
2.034077
2.037383
2.040052
2.042070
2.043434
2.044150
2.044233
2.043708
2.042608
2.040973
2.038851
2.036293
2.033358
2.030104
2.026595
2.022894
2.019064
2.015167
2.011264
2.007410
2.003659
2.000060
1.996657
1.993488
1.990587
1.987980
1.985690
1.983731
1.982114
1.980843
1.979919
1.979336
1.979083
1.979148
1.979513
1.980157
1.981057
1.982187
1.983520
1.985027
1.986679
1.988445
1.990295
1.992199
1.994127
1.996052
1.997947
1.999786
2.001548
2.003209
2.004752
2.006161
2.007423
2.008526
2.009463
2.010228
2.010820
2.011237
2.011483
2.011563
2.011485
2.011255
2.010888
2.010393
2.009785
2.009078
2.008288
2.007429
2.006519
2.005572
2.004604
2.003630
2.002664
2.001719
2.000809
1.999942
1.999130
1.998380
1.997701
1.997097
1.996573
1.996131
1.995774
1.995501
1.995313
1.995204
1.995175
1.995219
1.995333
1.995510
1.995744
1.996029
1.996358
1.996723
1.997117
1.997533
1.997963
1.998401
1.998840
1.999272
1.999694
2.000098
2.000481
2.000838
2.001165
2.001459
2.001718
2.001940
2.002124
2.002270
2.002377
2.002446
2.002480
2.002477
2.002443
2.002377
2.002284
2.002166
2.002026
2.001867
2.001694
2.001509
2.001315
2.001116
2.000916
2.000715
2.000519
2.000329
2.000149
1.999978
1.999821
1.999676
1.999548
1.999435
1.999340
1.999261
1.999200
1.999154
1.999126
1.999112
1.999115
1.999129
1.999157
1.999195
1.999244
1.999298
1.999361
1.999427
1.999497
1.999567
1.999638
1.999707
1.999774
1.999835
1.999893
1.999943
1.999988
2.000025
2.000055
2.000077
2.000094
2.000102
2.000106
2.000104
2.000099
2.000092
2.000086
2.000080
2.000080
2.000086
2.000092
