1.999949
1.999956
1.999962
1.999962
1.999956
1.999949
1.999940
1.999934
1.999929
1.999929
1.999932
1.999943
1.999958
1.999982
2.000011
2.000048
2.000090
2.000139
2.000193
2.000252
2.000314
2.000379
2.000446
2.000513
2.000578
2.000642
2.000701
2.000755
2.000802
2.000842
2.000872
2.000892
2.000900
2.000896
2.000879
2.000848
2.000802
2.000743
2.000668
2.000579
2.000477
2.000361
2.000233
2.000095
1.999947
1.999792
1.999630
1.999466
1.999300
1.999135
1.998974
1.998821
1.998676
1.998544
1.998427
1.998329
1.998250
1.998196
1.998167
1.998166
1.998194
1.998254
1.998346
1.998471
1.998629
1.998820
1.999043
1.999298
1.999580
1.999890
2.000223
2.000576
2.000944
2.001325
2.001711
2.002098
2.002481
2.002852
2.003206
2.003537
2.003838
2.004103
2.004325
2.004499
2.004620
2.004683
2.004682
2.004616
2.004480
2.004274
2.003995
2.003646
2.003225
2.002738
2.002185
2.001573
2.000907
2.000195
1.999444
1.998664
1.997864
1.997056
1.996251
1.995462
1.994701
1.993982
1.993317
1.992720
1.992203
1.991778
1.991458
1.991253
1.991173
1.991226
1.991419
1.991757
1.992244
1.992882
1.993668
1.994601
1.995674
1.996880
1.998207
1.999645
2.001175
2.002782
2.004445
2.006142
2.007850
2.009543
2.011195
2.012779
2.014267
2.015632
2.016846
2.017884
2.018720
2.019333
2.019702
2.019809
2.019639
2.019184
2.018434
2.017389
2.016050
2.014423
2.012519
2.010354
2.007948
2.005326
2.002516
1.999552
1.996468
1.993304
1.990103
1.986908
1.983765
1.980723
1.977828
1.975128
1.972672
1.970506
1.968674
1.967220
1.966182
1.965597
1.965496
1.965907
1.966850
1.968341
1.970388
1.972992
1.976144
1.979829
1.984022
1.988689
1.993784
1.999255
2.005038
2.011062
2.017246
2.023502
2.029737
2.035852
2.041744
2.047310
2.052446
2.057050
2.061026
2.064283
2.066740
2.068324
2.068977
2.068652
2.067319
2.064963
2.061586
2.057204
2.051853
2.045584
2.038462
2.030568
2.021994
2.012845
2.003234
1.993282
1.983119
1.972874
1.962682
1.952678
1.942997
1.933772
1.925133
1.917207
1.910117
1.903982
1.898915
1.895023
1.892408
1.891164
1.891375
1.893118
1.896456
1.901436
1.908090
1.916430
1.926441
1.938084
1.951289
1.965953
1.981937
1.999067
2.017133
2.035890
2.055061
2.074338
2.093395
2.111885
2.129456
2.145753
2.160432
2.173165
2.183651
2.191625
2.196863
2.199194
2.198498
2.194714
2.187842
2.177944
2.165139
2.149603
2.131563
2.111292
2.089097
2.065318
2.040311
2.014444
1.988088
1.961603
1.935337
1.909616
1.884741
1.860984
1.838591
1.817778
1.798739
1.781647
1.766662
1.753937
1.743626
1.735890
1.730899
1.728841
1.729918
1.734346
1.742351
1.754151
1.769949
1.789915
1.814158
1.842712
1.875510
1.912367
1.952964
1.996842
2.043396
2.091890
2.141462
2.191153
2.239930
2.286719
2.330437
2.370030
2.404504
2.432960
2.454621
2.468862
2.475225
2.473441
2.463436
2.445334
2.419458
2.386320
2.346604
2.301143
2.250899
2.196921
2.140316
2.082206
2.023692
1.965810
1.909502
1.855581
1.804710
1.757391
1.713963
1.674608
1.639370
1.608181
1.580893
1.557314
1.537247
1.520521
1.507034
1.496781
1.489882
1.486607
1.487389
1.492828
1.503680
1.520824
1.545212
1.577789
1.619401
1.670685
1.731965
1.803165
1.883744
1.972676
2.068469
2.169207
2.272637
2.376255
2.477416
2.573434
2.661685
2.739698
2.805242
2.856397
2.891617
2.909777
2.910214
2.892750
2.857701
2.805876
2.738560
2.657477
2.564748
2.462821
2.354390
2.242298
2.129422
2.018550
1.912251
1.812745
1.721793
1.640612
1.569837
1.509525
1.459226
1.418080
1.384954
1.358576
1.337651
1.320970
1.307474
1.296304
1.286838
1.278717
1.271875
1.266575
1.263454
1.263566
1.268419
1.279978
1.300614
1.332963
1.379686
1.443153
1.525073
1.626185
1.746051
1.883010
2.034272
2.196112
2.364119
2.533451
2.699083
2.856022
2.999500
3.125138
3.229077
3.308097
3.359702
3.382194
3.374720
3.337308
3.270869
3.177192
3.058912
2.919447
2.762917
2.594031
2.417934
2.240026
2.065721
1.900183
1.748001
1.612870
1.497283
1.402327
1.327636
1.271558
1.231501
1.204385
1.187064
1.176652
1.170704
1.167282
1.164932
1.162618
1.159658
1.155668
1.150535
1.144445
1.137939
1.132020
1.128289
1.129085
1.137575
1.157734
1.194111
1.251332
1.333380
1.442825
1.580250
1.744062
1.930659
2.134837
2.350283
2.570041
2.786927
2.993863
3.184153
3.351699
3.491180
3.598190
3.669343
3.702362
3.696126
3.650708
3.567375
3.448573
3.297880
3.119933
2.920322
2.705450
2.482344
2.258413
2.041144
1.837703
1.654458
1.496432
1.366749
1.266235
1.193348
1.144574
1.115192
1.100166
1.094861
1.095446
1.099020
1.103539
1.107659
1.110552
1.111748
1.111030
1.108372
1.103943
1.098171
1.091864
1.086380
1.083828
1.087247
1.100700
1.129151
1.178028
1.252426
1.356121
1.490724
1.655272
1.846345
2.058531
2.285033
2.518254
2.750300
2.973379
3.180122
3.363822
3.518633
3.639709
3.723319
3.766926
3.769234
3.730215
3.651105
3.534377
3.383685
3.203786
3.000425
2.780193
2.550334
2.318515
2.092519
1.879863
1.687329
1.520405
1.382707
1.275506
1.197574
1.145501
1.114460
1.099157
1.094632
1.096743
1.102329
1.109160
1.115772
1.121287
1.125243
1.127481
1.128077
1.127329
1.125806
1.124436
1.124625
1.128392
1.138470
1.158314
1.191943
1.243563
1.316980
1.414911
1.538408
1.686572
1.856592
2.044055
2.243375
2.448249
2.652067
2.848261
3.030581
3.193323
3.331498
3.440962
3.518517
3.561974
3.570194
3.543101
3.481676
3.387923
3.264817
3.116223
2.946800
2.761868
2.567253
2.369090
2.173593
1.986774
1.814109
1.660181
1.528305
1.420231
1.335999
1.274034
1.231504
1.204855
1.190358
1.184554
1.184518
1.187967
1.193245
1.199259
1.205389
1.211409
1.217434
1.223886
1.231492
1.241294
1.254653
1.273252
1.299041
1.334139
1.380664
1.440496
1.515023
1.604892
1.709850
1.828669
1.959198
2.098494
2.243013
2.388822
2.531813
2.667897
2.793178
2.904093
2.997528
3.070917
3.122300
3.150375
3.154523
3.134814
3.091997
3.027471
2.943245
2.841871
2.726371
2.600143
2.466847
2.330281
2.194231
2.062319
1.937829
1.823544
1.721600
1.633375
1.559447
1.499617
1.453026
1.418329
1.393891
1.377998
1.369012
1.365502
1.366304
1.370555
1.377692
1.387435
1.399757
1.414852
1.433097
1.455008
1.481199
1.512323
1.549015
1.591821
1.641131
1.697114
1.759665
1.828368
1.902481
1.980946
2.062425
2.145344
2.227963
2.308445
2.384931
2.455612
2.518797
2.572975
2.616859
2.649434
2.669983
2.678106
2.673732
2.657116
2.628828
2.589735
2.540966
2.483882
2.420026
2.351069
2.278760
2.204858
2.131076
2.059013
1.990106
1.925575
1.866393
1.813265
1.766624
1.726649
1.693294
1.666333
1.645407
1.630080
1.619881
1.614344
1.613043
1.615607
1.621733
1.631187
1.643796
1.659441
1.678040
1.699530
1.723853
1.750929
1.780649
1.812851
1.847312
1.883741
1.921770
1.960960
2.000803
2.040735
2.080146
2.118396
2.154839
2.188837
2.219782
2.247118
2.270352
2.289075
2.302974
2.311838
2.315569
2.314179
2.307796
2.296651
2.281078
2.261499
2.238410
2.212370
2.183979
2.153860
2.122647
2.090959
2.059388
2.028484
1.998742
1.970594
1.944402
1.920454
1.898968
1.880094
1.863919
1.850476
1.839753
1.831697
1.826230
1.823251
1.822643
1.824280
1.828029
1.833754
1.841312
1.850560
1.861349
1.873525
1.886925
1.901382
1.916717
1.932742
1.949261
1.966067
1.982949
1.999690
2.016073
2.031881
2.046905
2.060942
2.073807
2.085331
2.095366
2.103791
2.110511
2.115461
2.118609
2.119953
2.119523
2.117381
2.113615
2.108342
2.101700
2.093848
2.084960
2.075220
2.064821
2.053956
2.042818
2.031594
2.020462
2.009589
1.999124
1.989205
1.979948
1.971454
1.963802
1.957057
1.951263
1.946450
1.942629
1.939800
1.937948
1.937048
1.937063
1.937948
1.939651
1.942110
1.945259
1.949029
1.953344
1.958127
1.963295
1.968768
1.974462
1.980294
1.986181
1.992044
1.997804
2.003388
2.008725
2.013750
2.018406
2.022640
2.026408
2.029675
2.032411
2.034598
2.036225
2.037292
2.037803
2.037776
2.037231
2.036199
2.034717
2.032825
2.030569
2.027999
2.025168
2.022128
2.018935
2.015643
2.012303
2.008968
2.005685
2.002499
1.999451
1.996578
1.993910
1.991477
1.989299
1.987395
1.985776
1.984451
1.983421
1.982688
1.982244
1.982081
1.982187
1.982546
1.983140
1.983950
1.984951
1.986122
1.987437
1.988871
1.990398
1.991992
1.993627
1.995279
1.996923
1.998537
2.000100
2.001593
2.002996
2.004296
2.005478
2.006532
2.007449
2.008222
2.008848
2.009325
2.009652
2.009835
2.009875
2.009781
2.009560
2.009223
2.008779
2.008240
2.007620
2.006931
2.006186
2.005400
2.004585
2.003755
2.002923
2.002100
2.001297
2.000525
1.999793
1.999109
1.998480
1.997913
1.997411
1.996978
1.996615
1.996326
1.996108
1.995961
1.995883
1.995872
1.995923
1.996033
1.996195
1.996406
1.996658
1.996946
1.997264
1.997606
1.997965
1.998335
1.998710
1.999085
1.999453
1.999812
2.000153
2.000477
2.000776
2.001050
2.001295
2.001510
2.001692
2.001843
2.001960
2.002045
2.002097
2.002119
2.002111
2.002075
2.002013
2.001929
2.001823
2.001700
2.001561
2.001411
2.001250
2.001084
2.000912
2.000741
2.000570
2.000403
2.000242
2.000089
1.999945
1.999813
1.999693
1.999586
1.999493
1.999415
1.999350
1.999301
1.999266
1.999245
1.999237
1.999242
1.999258
1.999285
1.999320
1.999364
1.999414
1.999470
1.999528
1.999591
1.999652
1.999715
1.999774
1.999832
1.999885
1.999935
1.999977
2.000015
2.000045
2.000070
2.000086
2.000098
2.000103
2.000104
2.000099
2.000093
2.000084
2.000077
2.000071
2.000071
2.000077
2.000084
