1.999939
1.999943
1.999947
1.999947
1.999943
1.999939
1.999935
1.999935
1.999939
1.999950
1.999967
1.999993
2.000026
2.000068
2.000119
2.000179
2.000246
2.000321
2.000402
2.000488
2.000578
2.000672
2.000765
2.000858
2.000947
2.001033
2.001111
2.001180
2.001239
2.001285
2.001317
2.001333
2.001330
2.001310
2.001270
2.001209
2.001127
2.001024
2.000899
2.000755
2.000591
2.000409
2.000209
1.999996
1.999770
1.999535
1.999293
1.999049
1.998804
1.998565
1.998334
1.998116
1.997914
1.997734
1.997579
1.997453
1.997361
1.997305
1.997290
1.997317
1.997390
1.997511
1.997679
1.997897
1.998163
1.998479
1.998839
1.999245
1.999690
2.000172
2.000685
2.001224
2.001782
2.002352
2.002926
2.003496
2.004053
2.004588
2.005091
2.005554
2.005967
2.006320
2.006605
2.006815
2.006940
2.006976
2.006915
2.006754
2.006488
2.006118
2.005641
2.005060
2.004377
2.003597
2.002725
2.001771
2.000744
1.999655
1.998517
1.997344
1.996152
1.994959
1.993781
1.992637
1.991547
1.990529
1.989603
1.988789
1.988105
1.987568
1.987195
1.987002
1.987000
1.987203
1.987617
1.988250
1.989105
1.990181
1.991476
1.992983
1.994690
1.996585
1.998649
2.000861
2.003197
2.005627
2.008121
2.010645
2.013162
2.015635
2.018023
2.020286
2.022384
2.024277
2.025925
2.027292
2.028343
2.029047
2.029376
2.029308
2.028824
2.027912
2.026565
2.024783
2.022573
2.019948
2.016927
2.013537
2.009810
2.005786
2.001510
1.997032
1.992408
1.987698
1.982965
1.978277
1.973701
1.969309
1.965172
1.961361
1.957946
1.954995
1.952574
1.950744
1.949562
1.949078
1.949336
1.950373
1.952214
1.954877
1.958368
1.962681
1.967797
1.973684
1.980295
1.987571
1.995437
2.003804
2.012571
2.021623
2.030834
2.040070
2.049188
2.058038
2.066470
2.074333
2.081476
2.087756
2.093039
2.097200
2.100129
2.101733
2.101936
2.100685
2.097948
2.093715
2.088000
2.080842
2.072301
2.062462
2.051429
2.039327
2.026298
2.012499
1.998100
1.983281
1.968232
1.953146
1.938222
1.923657
1.909650
1.896397
1.884091
1.872921
1.863070
1.854715
1.848024
1.843160
1.840274
1.839504
1.840976
1.844797
1.851051
1.859798
1.871066
1.884848
1.901094
1.919710
1.940553
1.963427
1.988083
2.014219
2.041483
2.069476
2.097761
2.125865
2.153297
2.179549
2.204116
2.226504
2.246238
2.262884
2.276049
2.285400
2.290667
2.291652
2.288236
2.280380
2.268131
2.251614
2.231037
2.206680
2.178893
2.148083
2.114705
2.079254
2.042246
2.004212
1.965678
1.927162
1.889156
1.852122
1.816482
1.782621
1.750880
1.721563
1.694944
1.671271
1.650781
1.633709
1.620299
1.610816
1.605547
1.604809
1.608942
1.618299
1.633230
1.654054
1.681034
1.714342
1.754022
1.799966
1.851883
1.909290
1.971500
2.037633
2.106632
2.177283
2.248255
2.318134
2.385461
2.448779
2.506671
2.557800
2.600947
2.635045
2.659206
2.672752
2.675226
2.666413
2.646348
2.615315
2.573845
2.522706
2.462881
2.395549
2.322048
2.243839
2.162463
2.079489
1.996461
1.914844
1.835974
1.761006
1.690874
1.626270
1.567626
1.515129
1.468739
1.428240
1.393290
1.363490
1.338453
1.317870
1.301576
1.289609
1.282253
1.280070
1.283910
1.294895
1.314361
1.343764
1.384548
1.437976
1.504963
1.585922
1.680654
1.788305
1.907373
2.035773
2.170935
2.309916
2.449525
2.586446
2.717342
2.838971
2.948267
3.042435
3.119017
3.175957
3.211658
3.225019
3.215475
3.183014
3.128190
3.052118
2.956467
2.843424
2.715656
2.576244
2.428613
2.276428
2.123472
1.973511
1.830121
1.696511
1.575332
1.468507
1.377095
1.301240
1.240206
1.192531
1.156245
1.129131
1.108961
1.093688
1.081574
1.071270
1.061855
1.052875
1.044376
1.036959
1.031849
1.030962
1.036950
1.053158
1.083449
1.131827
1.201911
1.296338
1.416287
1.561250
1.729085
1.916250
2.118134
2.329392
2.544258
2.756800
2.961139
3.151640
3.323057
3.470672
3.590399
3.678882
3.733571
3.752781
3.735737
3.682609
3.594515
3.473524
3.322627
3.145696
2.947418
2.733205
2.509069
2.281472
2.057112
1.842668
1.644453
1.467994
1.317535
1.195534
1.102281
1.035842
0.992443
0.967233
0.955142
0.951552
0.952663
0.955581
0.958240
0.959255
0.957775
0.953373
0.946000
0.936008
0.924256
0.912286
0.902563
0.898727
0.905756
0.929856
0.977882
1.056220
1.169416
1.319160
1.504030
1.719908
1.960684
2.218964
2.486664
2.755461
3.017141
3.263865
3.488375
3.684174
3.845654
3.968218
4.048364
4.083759
4.073286
4.017072
3.916496
3.774174
3.593927
3.380719
3.140576
2.880478
2.608210
2.332182
2.061183
1.804057
1.569264
1.364276
1.194794
1.063852
0.971065
0.912512
0.881620
0.870751
0.872721
0.881681
0.893350
0.904850
0.914386
0.920919
0.923902
0.923097
0.918492
0.910298
0.899051
0.885804
0.872408
0.861871
0.858700
0.869094
0.900682
0.961541
1.058516
1.195508
1.372614
1.586367
1.830595
2.097376
2.377842
2.662779
2.943066
3.209993
3.455505
3.672390
3.854426
3.996495
4.094674
4.146299
4.150003
4.105741
4.014783
3.879690
3.704269
3.493506
3.253470
2.991200
2.714560
2.432050
2.152585
1.885186
1.638585
1.420678
1.237798
1.093838
0.989404
0.921450
0.883874
0.869007
0.869268
0.878270
0.891214
0.904798
0.916923
0.926352
0.932440
0.934932
0.933868
0.929565
0.922692
0.914427
0.906673
0.902322
0.905474
0.921490
0.956699
1.017595
1.109609
1.235887
1.396623
1.589114
1.808335
2.047658
2.299524
2.555976
2.809070
3.051179
3.275227
3.474858
3.644579
3.779853
3.877183
3.934155
3.949472
3.922961
3.855562
3.749297
3.607226
3.433374
3.232650
3.010742
2.773985
2.529214
2.283579
2.044317
1.818469
1.612530
1.432005
1.280898
1.161202
1.072547
1.012221
0.975714
0.957605
0.952496
0.955659
0.963344
0.972809
0.982214
0.990463
0.997068
1.002059
1.005939
1.009693
1.014826
1.023413
1.038115
1.062118
1.098947
1.152118
1.224671
1.318680
1.434875
1.572478
1.729268
1.901811
2.085769
2.276223
2.467967
2.655759
2.834526
2.999532
3.146509
3.271755
3.372216
3.445539
3.490106
3.505056
3.490290
3.446452
3.374910
3.277711
3.157534
3.017618
2.861687
2.693858
2.518529
2.340263
2.163639
1.993091
1.832728
1.686130
1.556143
1.444689
1.352633
1.279741
1.224778
1.185734
1.160135
1.145378
1.139011
1.138938
1.143527
1.151651
1.162677
1.176435
1.193165
1.213461
1.238199
1.268457
1.305418
1.350250
1.403986
1.467387
1.540838
1.624260
1.717069
1.818176
1.926031
2.038695
2.153930
2.269307
2.382303
2.490402
2.591180
2.682388
2.762010
2.828323
2.879936
2.915818
2.935321
2.938189
2.924554
2.894932
2.850200
2.791572
2.720568
2.638966
2.548759
2.452101
2.351241
2.248462
2.146011
2.046025
1.950458
1.861020
1.779113
1.705792
1.641741
1.587273
1.542365
1.506703
1.479758
1.460864
1.449294
1.444333
1.445326
1.451718
1.463069
1.479057
1.499461
1.524146
1.553026
1.586041
1.623115
1.664130
1.708898
1.757139
1.808467
1.862383
1.918276
1.975437
2.033067
2.090302
2.146237
2.199952
2.250539
2.297128
2.338913
2.375177
2.405307
2.428814
2.445345
2.454689
2.456783
2.451716
2.439717
2.421156
2.396530
2.366447
2.331613
2.292810
2.250877
2.206686
2.161119
2.115048
2.069307
2.024679
1.981871
1.941507
1.904111
1.870107
1.839811
1.813442
1.791124
1.772896
1.758728
1.748529
1.742165
1.739468
1.740248
1.744298
1.751404
1.761345
1.773896
1.788829
1.805910
1.824897
1.845539
1.867576
1.890734
1.914728
1.939260
1.964026
1.988711
2.013000
2.036580
2.059142
2.080392
2.100053
2.117871
2.133622
2.147115
2.158196
2.166751
2.172712
2.176053
2.176793
2.174994
2.170760
2.164237
2.155601
2.145064
2.132861
2.119249
2.104497
2.088886
2.072696
2.056206
2.039684
2.023389
2.007557
1.992406
1.978129
1.964892
1.952836
1.942074
1.932689
1.924743
1.918267
1.913275
1.909755
1.907677
1.906996
1.907648
1.909560
1.912646
1.916808
1.921945
1.927945
1.934693
1.942071
1.949955
1.958224
1.966754
1.975421
1.984107
1.992695
2.001073
2.009136
2.016785
2.023931
2.030494
2.036403
2.041601
2.046040
2.049687
2.052519
2.054528
2.055716
2.056100
2.055706
2.054572
2.052745
2.050281
2.047244
2.043704
2.039733
2.035410
2.030814
2.026026
2.021122
2.016180
2.011274
2.006473
2.001840
1.997434
1.993305
1.989500
1.986054
1.983000
1.980358
1.978145
1.976369
1.975033
1.974131
1.973655
1.973587
1.973908
1.974593
1.975614
1.976938
1.978533
1.980362
1.982388
1.984572
1.986877
1.989264
1.991696
1.994136
1.996551
1.998907
2.001175
2.003326
2.005336
2.007184
2.008852
2.010324
2.011590
2.012640
2.013473
2.014085
2.014480
2.014661
2.014639
2.014422
2.014024
2.013458
2.012744
2.011897
2.010937
2.009882
2.008754
2.007572
2.006356
2.005123
2.003895
2.002685
2.001513
2.000391
1.999333
1.998350
1.997452
1.996646
1.995941
1.995337
1.994841
1.994450
1.994167
1.993987
1.993909
1.993926
1.994034
1.994224
1.994492
1.994826
1.995220
1.995663
1.996148
1.996663
1.997201
1.997751
1.998307
1.998859
1.999400
1.999921
2.000418
2.000883
2.001314
2.001704
2.002051
2.002352
2.002606
2.002811
2.002968
2.003076
2.003138
2.003154
2.003128
2.003061
2.002959
2.002822
2.002657
2.002466
2.002255
2.002026
2.001786
2.001536
2.001283
2.001029
2.000779
2.000534
2.000301
2.000079
1.999873
1.999682
1.999511
1.999359
1.999229
1.999118
1.999030
1.998962
1.998916
1.998889
1.998882
1.998890
1.998916
1.998955
1.999008
1.999070
1.999142
1.999220
1.999303
1.999387
1.999474
1.999558
1.999642
1.999719
1.999793
1.999858
1.999918
1.999968
2.000012
2.000046
2.000072
2.000090
2.000102
2.000106
2.000107
2.000103
2.000099
2.000095
2.000095
2.000099
2.000103
