1.999953
1.999937
1.999930
1.999930
1.999937
1.999953
1.999979
2.000017
2.000066
2.000128
2.000202
2.000290
2.000390
2.000502
2.000625
2.000758
2.000898
2.001046
2.001196
2.001350
2.001502
2.001651
2.001794
2.001927
2.002048
2.002154
2.002241
2.002307
2.002348
2.002364
2.002349
2.002305
2.002226
2.002115
2.001968
2.001787
2.001571
2.001321
2.001039
2.000727
2.000387
2.000024
1.999640
1.999240
1.998830
1.998415
1.998001
1.997595
1.997202
1.996832
1.996489
1.996183
1.995918
1.995704
1.995544
1.995448
1.995419
1.995464
1.995584
1.995786
1.996069
1.996436
1.996886
1.997418
1.998030
1.998717
1.999473
2.000292
2.001166
2.002085
2.003038
2.004014
2.004999
2.005979
2.006939
2.007865
2.008740
2.009549
2.010274
2.010903
2.011418
2.011808
2.012056
2.012154
2.012091
2.011858
2.011449
2.010862
2.010094
2.009147
2.008025
2.006735
2.005287
2.003694
2.001972
2.000139
1.998216
1.996227
1.994198
1.992158
1.990136
1.988164
1.986274
1.984499
1.982871
1.981425
1.980192
1.979203
1.978487
1.978070
1.977975
1.978224
1.978831
1.979810
1.981165
1.982901
1.985010
1.987485
1.990308
1.993459
1.996907
2.000619
2.004554
2.008666
2.012904
2.017212
2.021530
2.025794
2.029938
2.033896
2.037598
2.040978
2.043969
2.046508
2.048535
2.049995
2.050839
2.051025
2.050519
2.049296
2.047339
2.044644
2.041213
2.037065
2.032225
2.026733
2.020637
2.014000
2.006890
1.999391
1.991592
1.983591
1.975496
1.967418
1.959474
1.951787
1.944478
1.937674
1.931495
1.926065
1.921497
1.917905
1.915388
1.914041
1.913943
1.915161
1.917748
1.921737
1.927143
1.933962
1.942165
1.951703
1.962503
1.974469
1.987478
2.001389
2.016035
2.031232
2.046775
2.062445
2.078010
2.093231
2.107859
2.121648
2.134352
2.145734
2.155568
2.163642
2.169765
2.173771
2.175517
2.174894
2.171824
2.166264
2.158207
2.147684
2.134763
2.119550
2.102186
2.082849
2.061748
2.039123
2.015241
1.990393
1.964890
1.939061
1.913245
1.887793
1.863060
1.839403
1.817176
1.796732
1.778412
1.762551
1.749467
1.739462
1.732815
1.729784
1.730591
1.735426
1.744431
1.757700
1.775270
1.797110
1.823120
1.853125
1.886866
1.924007
1.964130
2.006741
2.051275
2.097105
2.143550
2.189887
2.235367
2.279225
2.320696
2.359032
2.393512
2.423461
2.448260
2.467362
2.480300
2.486702
2.486294
2.478912
2.464502
2.443127
2.414966
2.380312
2.339566
2.293237
2.241925
2.186315
2.127163
2.065280
2.001516
1.936743
1.871836
1.807659
1.745041
1.684774
1.627589
1.574162
1.525103
1.480967
1.442260
1.409456
1.383010
1.363376
1.351022
1.346435
1.350114
1.362558
1.384236
1.415543
1.456756
1.507988
1.569143
1.639884
1.719621
1.807500
1.902419
2.003052
2.107873
2.215199
2.323224
2.430066
2.533804
2.632524
2.724353
2.807505
2.880312
2.941261
2.989025
3.022493
3.040795
3.043321
3.029742
3.000023
2.954429
2.893527
2.818186
2.729567
2.629103
2.518484
2.399619
2.274603
2.145668
2.015129
1.885316
1.758506
1.636839
1.522231
1.416294
1.320251
1.234882
1.160494
1.096937
1.043668
0.999868
0.964591
0.936942
0.916251
0.902225
0.895073
0.895578
0.905105
0.925520
0.959018
1.007857
1.074040
1.159005
1.263409
1.387010
1.528684
1.686509
1.857897
2.039733
2.228521
2.420503
2.611775
2.798391
2.976452
3.142194
3.292065
3.422797
3.531470
3.615576
3.673068
3.702412
3.702620
3.673286
3.614607
3.527397
3.413090
3.273735
3.111976
2.931023
2.734613
2.526947
2.312618
2.096519
1.883718
1.679305
1.488194
1.314866
1.163053
1.035372
0.932947
0.855158
0.799647
0.762685
0.739821
0.726582
0.719001
0.713915
0.709052
0.703034
0.695356
0.686405
0.677548
0.671278
0.671376
0.682963
0.712245
0.765760
0.849165
0.966054
1.117383
1.301591
1.515123
1.753012
2.009365
2.277739
2.551416
2.823622
3.087697
3.337247
3.566268
3.769263
3.941345
4.078328
4.176804
4.234215
4.248906
4.220169
4.148274
4.034480
3.881039
3.691179
3.469076
3.219803
2.949271
2.664143
2.371729
2.079851
1.796673
1.530463
1.289265
1.080400
0.909730
0.780620
0.692770
0.641585
0.619029
0.615865
0.623770
0.636350
0.649200
0.659523
0.665673
0.666777
0.662487
0.652872
0.638448
0.620368
0.600774
0.583328
0.573844
0.580752
0.614731
0.686704
0.804557
0.970951
1.183628
1.436884
1.722966
2.033015
2.357689
2.687539
3.013308
3.326128
3.617711
3.880481
4.107721
4.293670
4.433632
4.524042
4.562543
4.548016
4.480619
4.361787
4.194231
3.981895
3.729928
3.444596
3.133217
2.804034
2.466106
2.129132
1.803265
1.498837
1.225986
0.994032
0.810481
0.679387
0.599297
0.562155
0.555525
0.566953
0.586722
0.608354
0.627982
0.643512
0.653928
0.658802
0.657992
0.651502
0.639490
0.622412
0.601348
0.578506
0.557982
0.546628
0.554726
0.595325
0.681132
0.819851
1.012279
1.253745
1.536272
1.850180
2.185040
2.530257
2.875436
3.210643
3.526604
3.814865
4.067931
4.279377
4.443939
4.557596
4.617616
4.622599
4.572490
4.468577
4.313467
4.111048
3.866422
3.585838
3.276579
2.946861
2.605689
2.262703
1.927979
1.611798
1.324310
1.075037
0.872068
0.720730
0.621689
0.569295
0.552378
0.558171
0.575864
0.597835
0.619301
0.637521
0.651049
0.659193
0.661681
0.658488
0.649827
0.636278
0.619068
0.600527
0.584697
0.578008
0.589643
0.630820
0.712279
0.840807
1.017564
1.238904
1.498049
1.786497
2.094943
2.413865
2.733886
3.046041
3.341957
3.614012
3.855443
4.060453
4.224275
4.343237
4.414797
4.437568
4.411317
4.336958
4.216516
4.053091
3.850785
3.614638
3.350532
3.065088
2.765549
2.459647
2.155445
1.861161
1.584941
1.334558
1.116995
0.937830
0.800359
0.704587
0.646543
0.618822
0.612499
0.619216
0.632338
0.647156
0.660600
0.670847
0.676992
0.678861
0.676942
0.672450
0.667495
0.665304
0.670426
0.688721
0.726916
0.791563
0.887645
1.017493
1.180533
1.373719
1.592235
1.830158
2.080977
2.337965
2.594455
2.844038
3.080712
3.298997
3.494031
3.661632
3.798357
3.901539
3.969305
4.000592
3.995143
3.953487
3.876918
3.767452
3.627784
3.461225
3.271639
3.063361
2.841120
2.609942
2.375046
2.141730
1.915247
1.700644
1.502594
1.325166
1.171573
1.043870
0.942674
0.866988
0.814277
0.780849
0.762480
0.755065
0.755115
0.760025
0.768174
0.778903
0.792454
0.809875
0.832908
0.863815
0.905146
0.959435
1.028858
1.114917
1.218221
1.338405
1.474164
1.623391
1.783349
1.950857
2.122465
2.294601
2.463704
2.626328
2.779231
2.919445
3.044332
3.151630
3.239483
3.306466
3.351596
3.374341
3.374611
3.352750
3.309522
3.246079
3.163938
3.064941
2.951220
2.825145
2.689283
2.546338
2.399101
2.250385
2.102966
1.959511
1.822514
1.694220
1.576554
1.471057
1.378825
1.300481
1.236174
1.185612
1.148152
1.122908
1.108889
1.105118
1.110738
1.125072
1.147637
1.178134
1.216392
1.262309
1.315780
1.376625
1.444541
1.519054
1.599508
1.685051
1.774657
1.867145
1.961210
2.055467
2.148482
2.238819
2.325073
2.405903
2.480068
2.546449
2.604075
2.652136
2.690001
2.717226
2.733560
2.738940
2.733499
2.717551
2.691586
2.656254
2.612355
2.560817
2.502679
2.439066
2.371172
2.300228
2.227485
2.154180
2.081521
2.010652
1.942639
1.878444
1.818909
1.764743
1.716512
1.674638
1.639398
1.610936
1.589273
1.574321
1.565906
1.563780
1.567641
1.577144
1.591912
1.611545
1.635621
1.663699
1.695320
1.730005
1.767260
1.806569
1.847403
1.889220
1.931470
1.973600
2.015066
2.055332
2.093884
2.130237
2.163941
2.194590
2.221828
2.245352
2.264924
2.280364
2.291563
2.298474
2.301120
2.299587
2.294025
2.284641
2.271697
2.255503
2.236410
2.214805
2.191100
2.165727
2.139131
2.111755
2.084040
2.056414
2.029285
2.003032
1.978007
1.954520
1.932847
1.913216
1.895815
1.880784
1.868223
1.858187
1.850693
1.845719
1.843209
1.843076
1.845207
1.849462
1.855684
1.863696
1.873308
1.884318
1.896519
1.909692
1.923622
1.938089
1.952878
1.967775
1.982576
1.997084
2.011116
2.024496
2.037071
2.048696
2.059250
2.068629
2.076749
2.083544
2.088975
2.093017
2.095670
2.096952
2.096901
2.095571
2.093035
2.089378
2.084701
2.079112
2.072731
2.065684
2.058101
2.050112
2.041852
2.033449
2.025030
2.016716
2.008619
2.000844
1.993486
1.986627
1.980341
1.974686
1.969712
1.965453
1.961932
1.959161
1.957140
1.955858
1.955296
1.955423
1.956202
1.957588
1.959532
1.961974
1.964859
1.968120
1.971694
1.975515
1.979517
1.983634
1.987805
1.991966
1.996061
2.000035
2.003839
2.007427
2.010761
2.013804
2.016531
2.018916
2.020944
2.022603
2.023890
2.024802
2.025347
2.025533
2.025378
2.024900
2.024122
2.023068
2.021770
2.020255
2.018559
2.016712
2.014750
2.012704
2.010609
2.008495
2.006395
2.004335
2.002344
2.000444
1.998659
1.997004
1.995499
1.994153
1.992978
1.991980
1.991165
1.990530
1.990078
1.989802
1.989697
1.989753
1.989962
1.990310
1.990786
1.991374
1.992061
1.992829
1.993666
1.994552
1.995474
1.996415
1.997363
1.998301
1.999219
2.000102
2.000943
2.001728
2.002453
2.003108
2.003690
2.004193
2.004616
2.004955
2.005213
2.005388
2.005485
2.005504
2.005453
2.005333
2.005152
2.004915
2.004630
2.004302
2.003939
2.003547
2.003136
2.002710
2.002277
2.001843
2.001415
2.000997
2.000596
2.000215
1.999859
1.999530
1.999232
1.998966
1.998735
1.998538
1.998377
1.998249
1.998157
1.998097
1.998069
1.998068
1.998096
1.998146
1.998219
1.998309
1.998415
1.998532
1.998660
1.998793
1.998930
1.999067
1.999203
1.999333
1.999459
1.999575
1.999683
1.999778
1.999864
1.999936
1.999998
2.000045
2.000082
2.000107
2.000123
2.000129
2.000129
2.000123
2.000107
