1.999947
1.999953
1.999959
1.999959
1.999953
1.999947
1.999938
1.999933
1.999929
1.999930
1.999936
1.999948
1.999967
1.999993
2.000025
2.000066
2.000112
2.000166
2.000224
2.000288
2.000355
2.000426
2.000497
2.000569
2.000639
2.000707
2.000770
2.000827
2.000877
2.000919
2.000950
2.000970
2.000977
2.000971
2.000951
2.000915
2.000864
2.000797
2.000715
2.000617
2.000504
2.000377
2.000237
2.000086
1.999924
1.999755
1.999579
1.999400
1.999220
1.999042
1.998868
1.998702
1.998546
1.998405
1.998280
1.998175
1.998093
1.998037
1.998009
1.998011
1.998046
1.998115
1.998219
1.998359
1.998534
1.998746
1.998992
1.999272
1.999582
1.999921
2.000285
2.000671
2.001073
2.001487
2.001907
2.002327
2.002741
2.003143
2.003525
2.003881
2.004204
2.004487
2.004723
2.004906
2.005031
2.005092
2.005084
2.005004
2.004848
2.004616
2.004306
2.003918
2.003454
2.002917
2.002310
2.001640
2.000911
2.000133
1.999314
1.998465
1.997595
1.996718
1.995845
1.994991
1.994169
1.993394
1.992679
1.992038
1.991487
1.991037
1.990701
1.990492
1.990419
1.990492
1.990718
1.991102
1.991647
1.992356
1.993226
1.994255
1.995435
1.996758
1.998213
1.999784
2.001456
2.003208
2.005018
2.006863
2.008717
2.010552
2.012339
2.014050
2.015653
2.017119
2.018419
2.019526
2.020411
2.021051
2.021424
2.021512
2.021299
2.020774
2.019930
2.018765
2.017282
2.015488
2.013395
2.011021
2.008388
2.005523
2.002457
1.999226
1.995870
1.992431
1.988956
1.985491
1.982088
1.978798
1.975672
1.972764
1.970123
1.967802
1.965848
1.964307
1.963223
1.962633
1.962573
1.963071
1.964149
1.965823
1.968103
1.970986
1.974465
1.978521
1.983126
1.988241
1.993816
1.999793
2.006102
2.012664
2.019390
2.026185
2.032946
2.039564
2.045929
2.051929
2.057450
2.062384
2.066626
2.070080
2.072657
2.074282
2.074892
2.074440
2.072892
2.070237
2.066475
2.061629
2.055738
2.048858
2.041062
2.032437
2.023085
2.013119
2.002664
1.991851
1.980818
1.969707
1.958665
1.947837
1.937369
1.927405
1.918085
1.909549
1.901928
1.895353
1.889945
1.885823
1.883096
1.881867
1.882229
1.884263
1.888038
1.893606
1.901000
1.910229
1.921275
1.934093
1.948601
1.964681
1.982179
2.000899
2.020607
2.041031
2.061865
2.082774
2.103397
2.123359
2.142278
2.159771
2.175468
2.189018
2.200103
2.208440
2.213797
2.215994
2.214909
2.210485
2.202729
2.191714
2.177574
2.160505
2.140755
2.118623
2.094445
2.068586
2.041435
2.013389
1.984846
1.956196
1.927811
1.900043
1.873213
1.847613
1.823504
1.801118
1.780660
1.762316
1.746258
1.732653
1.721669
1.713483
1.708286
1.706287
1.707715
1.712812
1.721828
1.735007
1.752570
1.774695
1.801493
1.832986
1.869078
1.909542
1.954002
2.001929
2.052640
2.105308
2.158983
2.212614
2.265079
2.315221
2.361885
2.403950
2.440368
2.470199
2.492635
2.507034
2.512931
2.510064
2.498376
2.478023
2.449365
2.412967
2.369570
2.320079
2.265529
2.207052
2.145840
2.083101
2.020022
1.957719
1.897206
1.839358
1.784884
1.734320
1.688017
1.646157
1.608766
1.575748
1.546922
1.522058
1.500923
1.483322
1.469140
1.458375
1.451172
1.447849
1.448910
1.455044
1.467113
1.486109
1.513090
1.549088
1.594996
1.651456
1.718735
1.796647
1.884494
1.981059
2.084634
2.193090
2.303966
2.414569
2.522086
2.623690
2.716642
2.798382
2.866613
2.919371
2.955089
2.972638
2.971371
2.951141
2.912316
2.855771
2.782877
2.695461
2.595767
2.486382
2.370161
2.250122
2.129334
2.010783
1.897236
1.791100
1.694294
1.608152
1.533371
1.470006
1.417542
1.375004
1.341107
1.314408
1.293447
1.276863
1.263473
1.252325
1.242738
1.234330
1.227051
1.221220
1.217576
1.217326
1.222183
1.234364
1.256521
1.291567
1.342391
1.411483
1.500534
1.610116
1.739503
1.886671
2.048448
2.220741
2.398814
2.577554
2.751712
2.916124
3.065891
3.196536
3.304135
3.385426
3.437893
3.459836
3.450419
3.409703
3.338651
3.239122
3.113839
2.966336
2.800874
2.622335
2.436074
2.247742
2.063047
1.887485
1.726007
1.582662
1.460259
1.360094
1.281867
1.223823
1.183121
1.156348
1.140004
1.130885
1.126290
1.124095
1.122717
1.121045
1.118355
1.114247
1.108619
1.101689
1.094063
1.086853
1.081832
1.081590
1.089635
1.110364
1.148771
1.209865
1.297825
1.415159
1.562143
1.736714
1.934751
2.150556
2.377389
2.607954
2.834797
3.050638
3.248629
3.422560
3.567032
3.677581
3.750791
3.784367
3.777188
3.729342
3.642124
3.518029
3.360699
3.174860
2.966221
2.741336
2.507430
2.272169
2.043359
1.828567
1.634631
1.467085
1.329542
1.223184
1.146592
1.096081
1.066540
1.052435
1.048655
1.050987
1.056260
1.062257
1.067533
1.071207
1.072787
1.072047
1.068963
1.063715
1.056762
1.048968
1.041801
1.037554
1.039555
1.052271
1.081167
1.132185
1.210810
1.320944
1.464016
1.638637
1.840847
2.064694
2.302900
2.547474
2.790211
3.023081
3.238529
3.429715
3.590687
3.716525
3.803446
3.848876
3.851501
3.811287
3.729479
3.608577
3.452277
3.265401
3.053783
2.824137
2.583874
2.340881
2.103233
1.878820
1.674885
1.497450
1.350681
1.236316
1.153381
1.098425
1.066303
1.051245
1.047795
1.051387
1.058543
1.066819
1.074617
1.080979
1.085404
1.087709
1.087965
1.086481
1.083853
1.081068
1.079641
1.081770
1.090450
1.109495
1.143350
1.196655
1.273555
1.376918
1.507719
1.664775
1.844870
2.043145
2.253586
2.469510
2.683989
2.890193
3.081664
3.252530
3.397670
3.512838
3.594757
3.641178
3.650921
3.623886
3.561046
3.464411
3.336983
3.182674
3.006213
2.813024
2.609072
2.400681
2.194308
1.996272
1.812430
1.647796
1.506150
1.389671
1.298718
1.231856
1.186184
1.157900
1.142925
1.137429
1.138151
1.142535
1.148723
1.155480
1.162098
1.168303
1.174198
1.180228
1.187176
1.196177
1.208732
1.226706
1.252277
1.287817
1.335698
1.398023
1.476323
1.571295
1.682621
1.808918
1.947806
2.096079
2.249913
2.405108
2.557309
2.702204
2.835705
2.954081
3.054083
3.133026
3.188858
3.220202
3.226383
3.207435
3.164086
3.097736
3.010411
2.904704
2.783702
2.650896
2.510070
2.365181
2.220213
2.079020
1.945156
1.821697
1.711076
1.614949
1.534120
1.468542
1.417409
1.379336
1.352570
1.335225
1.325474
1.321694
1.322558
1.327070
1.334574
1.344731
1.357496
1.373073
1.391880
1.414500
1.441629
1.474013
1.512381
1.557366
1.609427
1.668777
1.735322
1.808621
1.887876
1.971946
2.059381
2.148483
2.237379
2.324096
2.406641
2.483080
2.551605
2.610597
2.658680
2.694758
2.718049
2.728104
2.724815
2.708418
2.679479
2.638874
2.587762
2.527549
2.459841
2.386391
2.309045
2.229679
2.150132
2.072146
1.997299
1.926959
1.862234
1.803949
1.752636
1.708544
1.671669
1.641796
1.618552
1.601465
1.590015
1.583683
1.581985
1.584500
1.590880
1.600856
1.614233
1.630875
1.650692
1.673622
1.699605
1.728566
1.760393
1.794923
1.831924
1.871089
1.912027
1.954270
1.997274
2.040431
2.083085
2.124547
2.164119
2.201111
2.234867
2.264781
2.290318
2.311031
2.326572
2.336704
2.341309
2.340388
2.334062
2.322568
2.306249
2.285546
2.260982
2.233149
2.202685
2.170261
2.136558
2.102247
2.067977
2.034350
2.001914
1.971150
1.942463
1.916182
1.892556
1.871759
1.853897
1.839012
1.827095
1.818095
1.811925
1.808477
1.807622
1.809222
1.813128
1.819191
1.827256
1.837163
1.848750
1.861851
1.876290
1.891884
1.908440
1.925758
1.943623
1.961817
1.980109
1.998266
2.016053
2.033237
2.049590
2.064893
2.078945
2.091560
2.102579
2.111866
2.119318
2.124860
2.128454
2.130094
2.129810
2.127664
2.123749
2.118188
2.111126
2.102734
2.093198
2.082716
2.071496
2.059747
2.047679
2.035496
2.023392
2.011549
2.000134
1.989297
1.979167
1.969856
1.961454
1.954032
1.947640
1.942313
1.938065
1.934897
1.932794
1.931728
1.931662
1.932546
1.934323
1.936927
1.940288
1.944328
1.948967
1.954120
1.959698
1.965613
1.971776
1.978094
1.984481
1.990847
1.997108
2.003185
2.009000
2.014483
2.019570
2.024205
2.028339
2.031932
2.034953
2.037380
2.039201
2.040414
2.041025
2.041049
2.040510
2.039440
2.037876
2.035863
2.033451
2.030693
2.027645
2.024365
2.020913
2.017347
2.013724
2.010100
2.006528
2.003056
1.999730
1.996590
1.993670
1.991001
1.988608
1.986511
1.984722
1.983252
1.982103
1.981276
1.980764
1.980558
1.980646
1.981010
1.981632
1.982489
1.983558
1.984813
1.986227
1.987772
1.989421
1.991145
1.992917
1.994709
1.996496
1.998252
1.999955
2.001583
2.003116
2.004539
2.005835
2.006993
2.008003
2.008858
2.009553
2.010087
2.010458
2.010672
2.010731
2.010644
2.010417
2.010063
2.009592
2.009018
2.008352
2.007612
2.006809
2.005959
2.005077
2.004177
2.003273
2.002377
2.001503
2.000661
1.999860
1.999112
1.998423
1.997799
1.997246
1.996768
1.996366
1.996043
1.995798
1.995630
1.995538
1.995518
1.995566
1.995679
1.995849
1.996072
1.996341
1.996651
1.996993
1.997362
1.997749
1.998150
1.998557
1.998964
1.999365
1.999756
2.000129
2.000482
2.000810
2.001111
2.001380
2.001618
2.001820
2.001987
2.002118
2.002214
2.002275
2.002302
2.002296
2.002261
2.002197
2.002108
2.001996
2.001864
2.001715
2.001553
2.001379
2.001199
2.001013
2.000827
2.000641
2.000460
2.000284
2.000117
1.999960
1.999815
1.999683
1.999566
1.999462
1.999376
1.999304
1.999249
1.999209
1.999184
1.999174
1.999178
1.999193
1.999221
1.999257
1.999304
1.999356
1.999416
1.999478
1.999544
1.999610
1.999677
1.999741
1.999804
1.999861
1.999914
1.999961
2.000002
2.000035
2.000063
2.000082
2.000097
2.000103
2.000105
2.000102
2.000097
2.000088
2.000082
2.000075
2.000075
2.000082
2.000088
