1.999952
1.999959
1.999965
1.999965
1.999959
1.999952
1.999942
1.999935
1.999929
1.999928
1.999930
1.999938
1.999952
1.999972
1.999998
2.000031
2.000069
2.000114
2.000163
2.000217
2.000274
2.000334
2.000395
2.000457
2.000518
2.000577
2.000631
2.000682
2.000726
2.000764
2.000792
2.000812
2.000821
2.000819
2.000804
2.000778
2.000737
2.000684
2.000618
2.000538
2.000446
2.000342
2.000227
2.000102
1.999967
1.999826
1.999680
1.999530
1.999378
1.999228
1.999081
1.998940
1.998807
1.998685
1.998577
1.998485
1.998411
1.998359
1.998330
1.998326
1.998349
1.998400
1.998480
1.998591
1.998731
1.998902
1.999102
1.999331
1.999586
1.999865
2.000167
2.000487
2.000821
2.001167
2.001519
2.001872
2.002221
2.002561
2.002886
2.003190
2.003468
2.003713
2.003920
2.004084
2.004200
2.004263
2.004269
2.004215
2.004098
2.003916
2.003670
2.003358
2.002981
2.002542
2.002044
2.001492
2.000889
2.000244
1.999562
1.998853
1.998125
1.997388
1.996654
1.995932
1.995235
1.994574
1.993962
1.993411
1.992931
1.992535
1.992233
1.992035
1.991949
1.991985
1.992148
1.992443
1.992873
1.993440
1.994143
1.994980
1.995945
1.997033
1.998232
1.999533
2.000920
2.002379
2.003891
2.005436
2.006993
2.008540
2.010051
2.011503
2.012870
2.014127
2.015249
2.016213
2.016995
2.017576
2.017935
2.018056
2.017927
2.017537
2.016879
2.015952
2.014755
2.013295
2.011581
2.009628
2.007452
2.005077
2.002528
1.999834
1.997029
1.994147
1.991228
1.988311
1.985438
1.982652
1.979998
1.977518
1.975257
1.973256
1.971557
1.970199
1.969217
1.968645
1.968513
1.968845
1.969660
1.970973
1.972792
1.975118
1.977945
1.981259
1.985038
1.989252
1.993860
1.998816
2.004062
2.009535
2.015161
2.020863
2.026554
2.032145
2.037543
2.042653
2.047381
2.051633
2.055321
2.058362
2.060678
2.062205
2.062885
2.062676
2.061548
2.059485
2.056487
2.052569
2.047762
2.042110
2.035671
2.028519
2.020738
2.012422
2.003675
1.994607
1.985336
1.975981
1.966665
1.957512
1.948645
1.940187
1.932256
1.924970
1.918439
1.912773
1.908075
1.904443
1.901968
1.900735
1.900823
1.902299
1.905220
1.909632
1.915564
1.923025
1.932008
1.942477
1.954373
1.967605
1.982052
1.997561
2.013945
2.030985
2.048434
2.066015
2.083434
2.100376
2.116519
2.131540
2.145120
2.156958
2.166774
2.174319
2.179384
2.181803
2.181460
2.178294
2.172296
2.163517
2.152061
2.138083
2.121787
2.103420
2.083261
2.061618
2.038818
2.015198
1.991097
1.966848
1.942770
1.919166
1.896315
1.874470
1.853858
1.834684
1.817127
1.801349
1.787498
1.775716
1.766142
1.758919
1.754200
1.752149
1.752943
1.756773
1.763833
1.774318
1.788411
1.806264
1.827983
1.853610
1.883099
1.916302
1.952955
1.992665
2.034907
2.079034
2.124280
2.169782
2.214603
2.257760
2.298254
2.335105
2.367382
2.394236
2.414928
2.428856
2.435572
2.434803
2.426458
2.410631
2.387603
2.357830
2.321933
2.280672
2.234924
2.185652
2.133870
2.080610
2.026880
1.973633
1.921734
1.871932
1.824844
1.780939
1.740541
1.703836
1.670885
1.641649
1.616017
1.593835
1.574941
1.559192
1.546502
1.536861
1.530368
1.527248
1.527864
1.532727
1.542483
1.557896
1.579802
1.609046
1.646407
1.692499
1.747682
1.811971
1.884972
1.965850
2.053331
2.145734
2.241033
2.336944
2.431016
2.520734
2.603615
2.677302
2.739647
2.788791
2.823220
2.841820
2.843916
2.829295
2.798219
2.751419
2.690084
2.615822
2.530611
2.436740
2.336722
2.233201
2.128846
2.026226
1.927699
1.835290
1.750596
1.674721
1.608241
1.551224
1.503291
1.463705
1.431492
1.405551
1.384761
1.368066
1.354538
1.343417
1.334144
1.326388
1.320069
1.315398
1.312906
1.313495
1.318464
1.329518
1.348734
1.378450
1.421070
1.478800
1.553323
1.645508
1.755187
1.881068
2.020773
2.170992
2.327692
2.486363
2.642252
2.790586
2.926767
3.046542
3.146144
3.222409
3.272873
3.295842
3.290449
3.256680
3.195387
3.108273
2.997862
2.867432
2.720931
2.562859
2.398110
2.231786
2.068966
1.914434
1.772389
1.646147
1.537888
1.448502
1.377585
1.323615
1.284274
1.256830
1.238505
1.226746
1.219378
1.214662
1.211282
1.208291
1.205057
1.201212
1.196638
1.191487
1.186228
1.181750
1.179469
1.181459
1.190528
1.210207
1.244566
1.297810
1.373666
1.474708
1.601790
1.753786
1.927657
2.118757
2.321273
2.528666
2.734087
2.930717
3.112056
3.272153
3.405793
3.508640
3.577359
3.609691
3.604521
3.561900
3.483059
3.370384
3.227367
3.058531
2.869317
2.665933
2.455156
2.244083
2.039810
1.849035
1.677593
1.529949
1.408728
1.314421
1.245419
1.198421
1.169146
1.153083
1.146094
1.144754
1.146453
1.149336
1.152172
1.154194
1.154963
1.154271
1.152091
1.148578
1.144127
1.139478
1.135868
1.135203
1.140214
1.154534
1.182603
1.229297
1.299274
1.396124
1.521586
1.675104
1.853820
2.052923
2.266169
2.486433
2.706201
2.917982
3.114639
3.289643
3.437279
3.552802
3.632551
3.674034
3.675981
3.638371
3.562425
3.450582
3.306440
3.134671
2.940902
2.731562
2.513684
2.294653
2.081891
1.882464
1.702614
1.547231
1.419346
1.319775
1.247082
1.197961
1.167957
1.152291
1.146530
1.146977
1.150811
1.156029
1.161318
1.165883
1.169313
1.171470
1.172434
1.172493
1.172179
1.172349
1.174290
1.179827
1.191411
1.212121
1.245531
1.295390
1.365130
1.457276
1.572923
1.711428
1.870392
2.045878
2.232778
2.425225
2.616987
2.801809
2.973701
3.127165
3.257376
3.360322
3.432904
3.473006
3.479542
3.452465
3.392765
3.302434
3.184409
3.042492
2.881245
2.705854
2.521961
2.335465
2.152276
1.978026
1.817749
1.675532
1.554192
1.455043
1.377830
1.320887
1.281507
1.256426
1.242299
1.236058
1.235131
1.237517
1.241772
1.246949
1.252519
1.258305
1.264427
1.271284
1.279540
1.290131
1.304274
1.323455
1.349393
1.383944
1.428959
1.486090
1.556561
1.640959
1.739076
1.849836
1.971317
2.100854
2.235202
2.370725
2.503595
2.629978
2.746201
2.848895
2.935113
3.002423
3.048979
3.073564
3.075624
3.055271
3.013271
2.951021
2.870497
2.774197
2.665054
2.546346
2.421575
2.294340
2.168189
2.046467
1.932148
1.827693
1.734922
1.654935
1.588093
1.534078
1.492007
1.460606
1.438387
1.423822
1.415480
1.412121
1.412748
1.416632
1.423303
1.432533
1.444314
1.458825
1.476397
1.497481
1.522605
1.552327
1.587185
1.627634
1.673995
1.726390
1.784700
1.848529
1.917192
1.989719
2.064883
2.141242
2.217198
2.291061
2.361117
2.425697
2.483238
2.532346
2.571837
2.600783
2.618538
2.624757
2.619405
2.602756
2.575382
2.538129
2.492090
2.438566
2.379023
2.315035
2.248235
2.180250
2.112646
2.046870
1.984203
1.925715
1.872242
1.824369
1.782439
1.746571
1.716689
1.692566
1.673870
1.660205
1.651155
1.646315
1.645315
1.647837
1.653621
1.662466
1.674224
1.688788
1.706083
1.726048
1.748621
1.773721
1.801235
1.831007
1.862821
1.896402
1.931405
1.967422
2.003984
2.040568
2.076613
2.111534
2.144738
2.175641
2.203690
2.228376
2.249255
2.265959
2.278209
2.285821
2.288718
2.286924
2.280569
2.269880
2.255177
2.236858
2.215392
2.191297
2.165130
2.137466
2.108883
2.079946
2.051188
2.023104
1.996135
1.970664
1.947007
1.925416
1.906079
1.889123
1.874621
1.862596
1.853034
1.845886
1.841082
1.838529
1.838125
1.839756
1.843304
1.848646
1.855654
1.864200
1.874146
1.885353
1.897672
1.910949
1.925018
1.939708
1.954835
1.970212
1.985644
2.000930
2.015871
2.030270
2.043932
2.056677
2.068332
2.078747
2.087787
2.095343
2.101331
2.105697
2.108411
2.109477
2.108926
2.106816
2.103233
2.098285
2.092102
2.084832
2.076634
2.067678
2.058141
2.048199
2.038028
2.027797
2.017668
2.007788
1.998296
1.989312
1.980940
1.973271
1.966374
1.960307
1.955108
1.950803
1.947401
1.944900
1.943288
1.942539
1.942621
1.943492
1.945102
1.947398
1.950320
1.953801
1.957775
1.962169
1.966911
1.971924
1.977133
1.982463
1.987837
1.993183
1.998430
2.003510
2.008359
2.012919
2.017136
2.020964
2.024364
2.027302
2.029753
2.031702
2.033139
2.034064
2.034483
2.034411
2.033870
2.032888
2.031497
2.029736
2.027648
2.025278
2.022675
2.019887
2.016964
2.013955
2.010909
2.007871
2.004884
2.001991
1.999226
1.996624
1.994212
1.992016
1.990054
1.988343
1.986893
1.985711
1.984799
1.984156
1.983777
1.983652
1.983772
1.984120
1.984682
1.985437
1.986367
1.987448
1.988659
1.989976
1.991375
1.992833
1.994327
1.995834
1.997332
1.998801
2.000221
2.001576
2.002847
2.004023
2.005090
2.006040
2.006863
2.007555
2.008112
2.008533
2.008819
2.008972
2.008996
2.008898
2.008685
2.008367
2.007952
2.007453
2.006880
2.006246
2.005562
2.004842
2.004097
2.003340
2.002581
2.001832
2.001103
2.000403
1.999739
1.999121
1.998554
1.998043
1.997591
1.997204
1.996880
1.996623
1.996432
1.996305
1.996241
1.996237
1.996289
1.996395
1.996548
1.996744
1.996978
1.997245
1.997537
1.997851
1.998179
1.998518
1.998860
1.999201
1.999536
1.999862
2.000172
2.000464
2.000735
2.000982
2.001202
2.001395
2.001558
2.001692
2.001795
2.001870
2.001914
2.001931
2.001920
2.001885
2.001826
2.001747
2.001649
2.001535
2.001407
2.001269
2.001121
2.000969
2.000812
2.000656
2.000500
2.000349
2.000203
2.000065
1.999934
1.999815
1.999706
1.999611
1.999527
1.999457
1.999399
1.999357
1.999326
1.999309
1.999302
1.999309
1.999324
1.999351
1.999384
1.999426
1.999472
1.999524
1.999579
1.999636
1.999693
1.999751
1.999806
1.999859
1.999908
1.999953
1.999992
2.000026
2.000053
2.000075
2.000089
2.000099
2.000102
2.000102
2.000096
2.000089
2.000080
2.000072
2.000066
2.000066
2.000072
2.000080
