1.999965
1.999943
1.999933
1.999933
1.999943
1.999965
1.999999
2.000048
2.000109
2.000186
2.000276
2.000380
2.000497
2.000626
2.000766
2.000916
2.001072
2.001235
2.001399
2.001565
2.001727
2.001884
2.002032
2.002169
2.002290
2.002393
2.002474
2.002531
2.002561
2.002560
2.002528
2.002461
2.002358
2.002219
2.002043
2.001830
2.001579
2.001294
2.000975
2.000626
2.000248
1.999848
1.999427
1.998993
1.998550
1.998106
1.997665
1.997237
1.996827
1.996444
1.996094
1.995786
1.995527
1.995325
1.995186
1.995116
1.995121
1.995207
1.995376
1.995632
1.995977
1.996412
1.996934
1.997545
1.998237
1.999008
1.999851
2.000757
2.001717
2.002721
2.003756
2.004809
2.005865
2.006909
2.007925
2.008898
2.009808
2.010640
2.011376
2.012001
2.012499
2.012856
2.013056
2.013091
2.012949
2.012623
2.012106
2.011397
2.010495
2.009403
2.008126
2.006674
2.005057
2.003292
2.001395
1.999389
1.997297
1.995146
1.992963
1.990781
1.988632
1.986551
1.984571
1.982729
1.981060
1.979599
1.978380
1.977436
1.976795
1.976486
1.976532
1.976953
1.977765
1.978977
1.980595
1.982618
1.985040
1.987846
1.991017
1.994527
1.998342
2.002424
2.006726
2.011196
2.015779
2.020412
2.025029
2.029562
2.033940
2.038091
2.041940
2.045419
2.048455
2.050983
2.052940
2.054271
2.054925
2.054861
2.054045
2.052453
2.050072
2.046900
2.042945
2.038230
2.032787
2.026662
2.019911
2.012604
2.004821
1.996652
1.988198
1.979567
1.970875
1.962247
1.953808
1.945692
1.938031
1.930959
1.924608
1.919106
1.914575
1.911133
1.908884
1.907925
1.908335
1.910180
1.913509
1.918351
1.924711
1.932576
1.941907
1.952641
1.964687
1.977935
1.992243
2.007451
2.023373
2.039804
2.056521
2.073285
2.089846
2.105946
2.121322
2.135711
2.148856
2.160508
2.170432
2.178410
2.184247
2.187774
2.188849
2.187365
2.183251
2.176470
2.167026
2.154962
2.140361
2.123346
2.104078
2.082754
2.059608
2.034904
2.008935
1.982021
1.954501
1.926735
1.899093
1.871956
1.845710
1.820743
1.797441
1.776184
1.757340
1.741267
1.728306
1.718773
1.712963
1.711137
1.713518
1.720288
1.731573
1.747447
1.767912
1.792902
1.822269
1.855787
1.893142
1.933940
1.977703
2.023878
2.071841
2.120910
2.170353
2.219402
2.267264
2.313139
2.356233
2.395773
2.431018
2.461280
2.485933
2.504425
2.516294
2.521171
2.518796
2.509019
2.491807
2.467248
2.435547
2.397033
2.352143
2.301425
2.245527
2.185182
2.121198
2.054444
1.985828
1.916287
1.846758
1.778170
1.711420
1.647361
1.586792
1.530444
1.478988
1.433030
1.393124
1.359790
1.333522
1.314813
1.304159
1.302069
1.309053
1.325601
1.352148
1.389032
1.436446
1.494390
1.562634
1.640699
1.727843
1.823066
1.925131
2.032585
2.143797
2.256993
2.370292
2.481754
2.589413
2.691318
2.785577
2.870387
2.944075
3.005127
3.052224
3.084265
3.100397
3.100032
3.082868
3.048900
2.998428
2.932061
2.850715
2.755604
2.648223
2.530329
2.403910
2.271150
2.134378
1.996020
1.858531
1.724319
1.595665
1.474628
1.362956
1.261991
1.172600
1.095132
1.029424
0.974866
0.930529
0.895334
0.868262
0.848551
0.835875
0.830486
0.833280
0.845795
0.870093
0.908538
0.963478
1.036890
1.130065
1.243419
1.376426
1.527677
1.694993
1.875571
2.066130
2.263041
2.462450
2.660385
2.852848
3.035908
3.205776
3.358887
3.491965
3.602090
3.686757
3.743926
3.772071
3.770219
3.737982
3.675577
3.583843
3.464242
3.318859
3.150381
2.962067
2.757717
2.541609
2.318432
2.093199
1.871130
1.657509
1.457492
1.275854
1.116670
0.982913
0.876017
0.795520
0.738992
0.702388
0.680791
0.669252
0.663418
0.659860
0.656160
0.650878
0.643517
0.634528
0.625408
0.618871
0.619038
0.631498
0.662999
0.720516
0.809835
0.934306
1.094398
1.288025
1.511186
1.758576
2.024064
2.301042
2.582679
2.862125
3.132667
3.387874
3.621718
3.828684
4.003875
4.143097
4.242939
4.300841
4.315151
4.285166
4.211159
4.094399
3.937150
3.742656
3.515111
3.259617
2.982118
2.689324
2.388609
2.087888
1.795453
1.519762
1.269134
1.051290
0.872641
0.737212
0.645287
0.592423
0.570103
0.568269
0.577877
0.592085
0.606278
0.617596
0.624401
0.625851
0.621627
0.611811
0.596919
0.578105
0.557546
0.539034
0.528707
0.535611
0.571281
0.647333
0.771624
0.946153
1.167892
1.430518
1.725869
2.044816
2.377853
2.715423
3.048202
3.367274
3.664322
3.931746
4.162818
4.351762
4.493879
4.585598
4.624561
4.609646
4.541018
4.420108
4.249638
4.033556
3.777025
3.486322
3.168791
2.832702
2.487159
2.141925
1.807255
1.493635
1.211455
0.970433
0.778696
0.641135
0.557091
0.518617
0.512455
0.525132
0.546245
0.569006
0.589462
0.605544
0.616289
0.621318
0.620518
0.613897
0.601587
0.583997
0.562156
0.538258
0.516493
0.504052
0.511941
0.554258
0.644461
0.790005
0.990822
1.241414
1.533219
1.856190
2.199669
2.552927
2.905478
3.247332
3.569175
3.862531
4.119882
4.334794
4.501992
4.617451
4.678432
4.683536
4.632705
4.527231
4.369721
4.164071
3.915389
3.629935
3.315009
2.978851
2.630498
2.279642
1.936436
1.611286
1.314535
1.056029
0.844361
0.685611
0.581307
0.526290
0.508939
0.515499
0.534343
0.557398
0.579714
0.598521
0.612402
0.620696
0.623149
0.619730
0.610623
0.596359
0.578125
0.558250
0.540901
0.532866
0.544028
0.586563
0.671918
0.806782
0.991617
1.221999
1.490545
1.788341
2.105816
2.433272
2.761220
3.080618
3.383041
3.660832
3.907199
4.116327
4.283434
4.404838
4.477990
4.501498
4.475125
4.399784
4.277502
4.111381
3.905529
3.664996
3.395674
3.104208
2.797867
2.484425
2.172004
1.868918
1.583445
1.323575
1.096610
0.908592
0.763436
0.661800
0.600107
0.570800
0.564337
0.571670
0.585646
0.601246
0.615236
0.625712
0.631726
0.633075
0.630227
0.624404
0.617773
0.613724
0.617129
0.634370
0.672827
0.739634
0.840013
0.976117
1.146923
1.348871
1.576690
1.824096
2.084306
2.350396
2.615554
2.873262
3.117437
3.342538
3.543656
3.716571
3.857812
3.964686
4.035304
4.068586
4.064263
4.022855
3.945650
3.834662
3.692582
3.522727
3.328966
3.115649
2.887524
2.649646
2.407278
2.165783
1.930499
1.706602
1.498938
1.311815
1.148754
1.012185
0.903123
0.820915
0.763208
0.726266
0.705610
0.696766
0.695868
0.700000
0.707321
0.717056
0.729436
0.745596
0.767459
0.797553
0.838738
0.893853
0.965309
1.054732
1.162724
1.288798
1.431460
1.588377
1.756583
1.932684
2.113038
2.293912
2.471602
2.642545
2.803400
2.951112
3.082974
3.196661
3.290265
3.362316
3.411794
3.438130
3.441207
3.421345
3.379286
3.316166
3.233491
3.133094
3.017105
2.887897
2.748046
2.600278
2.447412
2.292305
2.137794
1.986625
1.841396
1.704482
1.577966
1.463571
1.362599
1.275882
1.203770
1.146142
1.102479
1.071962
1.053616
1.046439
1.049526
1.062149
1.083785
1.114108
1.152935
1.200161
1.255673
1.319280
1.390652
1.469273
1.554425
1.645186
1.740446
1.838931
1.939249
2.039917
2.139416
2.236223
2.328851
2.415888
2.496023
2.568076
2.631018
2.683990
2.726317
2.757513
2.777292
2.785563
2.782433
2.768196
2.743326
2.708464
2.664405
2.612078
2.552529
2.486898
2.416400
2.342295
2.265873
2.188419
2.111196
2.035417
1.962224
1.892661
1.827664
1.768035
1.714442
1.667399
1.627278
1.594304
1.568569
1.550043
1.538594
1.534001
1.535976
1.544174
1.558208
1.577656
1.602070
1.630975
1.663876
1.700251
1.739562
1.781249
1.824735
1.869430
1.914738
1.960059
2.004802
2.048386
2.090256
2.129884
2.166782
2.200508
2.230672
2.256942
2.279050
2.296794
2.310042
2.318730
2.322866
2.322525
2.317849
2.309041
2.296363
2.280127
2.260692
2.238454
2.213841
2.187301
2.159300
2.130306
2.100788
2.071201
2.041987
2.013558
1.986301
1.960561
1.936648
1.914824
1.895309
1.878273
1.863843
1.852097
1.843072
1.836761
1.833121
1.832070
1.833500
1.837270
1.843220
1.851165
1.860907
1.872230
1.884913
1.898724
1.913428
1.928788
1.944572
1.960546
1.976488
1.992183
2.007427
2.022031
2.035820
2.048638
2.060347
2.070829
2.079988
2.087748
2.094058
2.098886
2.102226
2.104090
2.104512
2.103544
2.101259
2.097741
2.093095
2.087432
2.080877
2.073561
2.065623
2.057199
2.048435
2.039467
2.030433
2.021464
2.012683
2.004206
1.996137
1.988571
1.981590
1.975262
1.969644
1.964779
1.960698
1.957416
1.954940
1.953262
1.952365
1.952221
1.952792
1.954034
1.955895
1.958315
1.961234
1.964584
1.968296
1.972300
1.976525
1.980900
1.985358
1.989830
1.994254
1.998570
2.002724
2.006663
2.010346
2.013730
2.016786
2.019484
2.021806
2.023737
2.025269
2.026400
2.027134
2.027480
2.027454
2.027072
2.026359
2.025341
2.024048
2.022510
2.020764
2.018842
2.016783
2.014619
2.012389
2.010125
2.007863
2.005631
2.003462
2.001379
1.999410
1.997574
1.995891
1.994373
1.993035
1.991883
1.990925
1.990161
1.989593
1.989216
1.989025
1.989011
1.989166
1.989475
1.989928
1.990507
1.991199
1.991986
1.992852
1.993779
1.994753
1.995753
1.996767
1.997778
1.998772
1.999735
2.000657
2.001525
2.002331
2.003066
2.003725
2.004301
2.004792
2.005195
2.005510
2.005737
2.005878
2.005935
2.005914
2.005818
2.005653
2.005425
2.005143
2.004810
2.004438
2.004031
2.003599
2.003147
2.002686
2.002219
2.001756
2.001301
2.000861
2.000440
2.000044
1.999675
1.999338
1.999034
1.998767
1.998535
1.998342
1.998185
1.998066
1.997981
1.997933
1.997915
1.997928
1.997967
1.998032
1.998118
1.998222
1.998341
1.998472
1.998611
1.998757
1.998904
1.999051
1.999195
1.999334
1.999465
1.999588
1.999699
1.999799
1.999886
1.999960
2.000020
2.000067
2.000100
2.000122
2.000131
2.000131
2.000122
2.000100
