1.999946
1.999934
1.999930
1.999930
1.999934
1.999946
1.999965
1.999994
2.000032
2.000083
2.000145
2.000219
2.000305
2.000403
2.000511
2.000629
2.000755
2.000889
2.001028
2.001170
2.001312
2.001453
2.001589
2.001718
2.001837
2.001943
2.002033
2.002104
2.002154
2.002180
2.002179
2.002151
2.002092
2.002002
2.001880
2.001725
2.001537
2.001318
2.001067
2.000788
2.000481
2.000150
1.999799
1.999432
1.999052
1.998666
1.998278
1.997896
1.997523
1.997169
1.996837
1.996537
1.996273
1.996054
1.995885
1.995771
1.995719
1.995733
1.995818
1.995976
1.996210
1.996523
1.996913
1.997380
1.997922
1.998537
1.999218
1.999961
2.000757
2.001600
2.002478
2.003381
2.004297
2.005214
2.006116
2.006993
2.007826
2.008604
2.009309
2.009929
2.010447
2.010853
2.011131
2.011273
2.011266
2.011104
2.010780
2.010290
2.009631
2.008805
2.007813
2.006663
2.005361
2.003920
2.002352
2.000675
1.998907
1.997071
1.995188
1.993286
1.991390
1.989532
1.987739
1.986043
1.984474
1.983065
1.981844
1.980841
1.980083
1.979597
1.979404
1.979526
1.979977
1.980772
1.981916
1.983415
1.985265
1.987459
1.989984
1.992822
1.995948
1.999331
2.002935
2.006719
2.010637
2.014637
2.018665
2.022663
2.026568
2.030320
2.033853
2.037106
2.040013
2.042518
2.044560
2.046089
2.047056
2.047420
2.047146
2.046210
2.044591
2.042284
2.039289
2.035618
2.031293
2.026349
2.020827
2.014781
2.008276
2.001384
1.994187
1.986775
1.979245
1.971699
1.964246
1.956997
1.950067
1.943571
1.937624
1.932339
1.927825
1.924188
1.921523
1.919922
1.919462
1.920211
1.922221
1.925530
1.930157
1.936106
1.943357
1.951872
1.961589
1.972426
1.984277
1.997016
2.010494
2.024543
2.038978
2.053598
2.068187
2.082522
2.096372
2.109506
2.121689
2.132698
2.142314
2.150336
2.156577
2.160875
2.163089
2.163109
2.160853
2.156274
2.149357
2.140123
2.128629
2.114966
2.099259
2.081668
2.062382
2.041621
2.019627
1.996668
1.973029
1.949012
1.924930
1.901105
1.877864
1.855537
1.834451
1.814931
1.797295
1.781852
1.768899
1.758722
1.751586
1.747736
1.747391
1.750741
1.757936
1.769085
1.784245
1.803415
1.826530
1.853455
1.883980
1.917818
1.954606
1.993905
2.035203
2.077926
2.121444
2.165082
2.208134
2.249873
2.289567
2.326497
2.359963
2.389309
2.413927
2.433277
2.446896
2.454407
2.455530
2.450088
2.438010
2.419340
2.394231
2.362946
2.325854
2.283425
2.236219
2.184877
2.130103
2.072659
2.013340
1.952961
1.892340
1.832280
1.773554
1.716892
1.662975
1.612421
1.565793
1.523600
1.486304
1.454337
1.428118
1.408064
1.394610
1.388214
1.389356
1.398529
1.416209
1.442825
1.478712
1.524065
1.578895
1.642992
1.715897
1.796898
1.885028
1.979086
2.077662
2.179170
2.281889
2.384007
2.483659
2.578970
2.668102
2.749289
2.820875
2.881354
2.929395
2.963881
2.983927
2.988905
2.978463
2.952535
2.911351
2.855439
2.785621
2.703004
2.608964
2.505120
2.393306
2.275529
2.153926
2.030703
1.908076
1.788197
1.673076
1.564501
1.463963
1.372585
1.291074
1.219708
1.158347
1.106509
1.063465
1.028379
1.000459
0.979106
0.964054
0.955479
0.954068
0.961037
0.978078
1.007224
1.050628
1.110282
1.187728
1.283814
1.398555
1.531099
1.679781
1.842236
2.015535
2.196325
2.380957
2.565609
2.746393
2.919454
3.081055
3.227661
3.356014
3.463199
3.546703
3.604476
3.634969
3.637182
3.610691
3.555670
3.472905
3.363800
3.230363
3.075193
2.901445
2.712787
2.513339
2.307591
2.100308
1.896402
1.700766
1.518076
1.352532
1.207555
1.085452
0.987105
0.911793
0.857253
0.820047
0.796125
0.781424
0.772316
0.765874
0.759967
0.753279
0.745301
0.736363
0.727709
0.721627
0.721592
0.732307
0.759504
0.809309
0.887218
0.996991
1.139989
1.315136
1.519318
1.747913
1.995285
2.255169
2.520974
2.786010
3.043678
3.287624
3.511874
3.710949
3.879976
4.014774
4.111942
4.168921
4.184054
4.156629
4.086906
3.976137
3.826557
3.641378
3.424751
3.181720
2.918154
2.640663
2.356481
2.073330
1.799229
1.542242
1.310118
1.109774
0.946542
0.823196
0.738974
0.689232
0.666403
0.661966
0.668235
0.679227
0.690744
0.700065
0.705549
0.706303
0.701959
0.692569
0.678644
0.661320
0.642691
0.626276
0.617578
0.624472
0.656881
0.725099
0.836953
0.995630
1.199579
1.443704
1.720681
2.021939
2.338317
2.660489
2.979275
3.285860
3.571990
3.830115
4.053534
4.236499
4.374319
4.463438
4.501497
4.487381
4.421243
4.304518
4.139906
3.931346
3.683971
3.404033
3.098821
2.776546
2.446214
2.117450
1.800295
1.504906
1.241148
1.017921
0.842112
0.717000
0.640483
0.604517
0.597416
0.607624
0.626042
0.646501
0.665232
0.680141
0.690174
0.694865
0.694046
0.687722
0.676068
0.659577
0.639360
0.617620
0.598338
0.588041
0.596351
0.635402
0.717196
0.849552
1.033995
1.266635
1.540087
1.845061
2.171376
2.508592
2.846415
3.174976
3.485044
3.768198
4.016960
4.224922
4.386832
4.498674
4.557722
4.562577
4.513186
4.410834
4.258126
4.058943
3.818379
3.542669
3.239078
2.915795
2.581786
2.246631
1.920320
1.612995
1.334590
1.094285
0.899645
0.755277
0.661088
0.611090
0.594572
0.599636
0.616204
0.637073
0.657640
0.675212
0.688333
0.696293
0.698806
0.695856
0.687682
0.674897
0.658756
0.641565
0.627236
0.621856
0.633978
0.673983
0.751952
0.874664
1.043834
1.256525
1.506554
1.785848
2.085390
2.395848
2.707974
3.012889
3.302283
3.568574
3.805032
4.005880
4.166371
4.282843
4.352765
4.374755
4.348585
4.275168
4.156532
3.995769
3.796979
3.565189
3.306267
3.026811
2.734033
2.435617
2.139557
1.853969
1.586845
1.345730
1.137269
0.966567
0.836339
0.746018
0.691349
0.665125
0.658976
0.665153
0.677488
0.691567
0.704483
0.714502
0.720767
0.723134
0.722104
0.718878
0.715499
0.715035
0.721736
0.741003
0.778996
0.841750
0.933989
1.058142
1.213987
1.398926
1.608574
1.837363
2.079059
2.327145
2.575112
2.816668
3.045901
3.257401
3.446358
3.608635
3.740821
3.840276
3.905149
3.934397
3.927773
3.885819
3.809835
3.701843
3.564537
3.401226
3.215764
3.012472
2.796056
2.571507
2.343994
2.118745
1.900911
1.695402
1.506699
1.338623
1.194071
1.074736
0.980873
0.911204
0.863074
0.832871
0.816621
0.810550
0.811497
0.817129
0.826011
0.837580
0.852084
0.870497
0.894399
0.925831
0.967081
1.020426
1.087835
1.170695
1.269605
1.384286
1.513591
1.655605
1.807798
1.967185
2.130498
2.294326
2.455245
2.609930
2.755241
2.888294
3.006528
3.107742
3.190137
3.252332
3.293388
3.312803
3.310520
3.286907
3.242746
3.179206
3.097815
3.000419
2.889149
2.766369
2.634627
2.496602
2.355045
2.212717
2.072319
1.936427
1.807418
1.687393
1.578112
1.480926
1.396738
1.325974
1.268609
1.224219
1.192072
1.171250
1.160771
1.159700
1.167235
1.182749
1.205802
1.236119
1.273545
1.317983
1.369332
1.427426
1.491984
1.562570
1.638577
1.719219
1.803543
1.890447
1.978714
2.067039
2.154074
2.238463
2.318874
2.394038
2.462779
2.524037
2.576894
2.620588
2.654531
2.678316
2.691723
2.694717
2.687454
2.670262
2.643643
2.608255
2.564896
2.514489
2.458058
2.396710
2.331610
2.263954
2.194946
2.125774
2.057580
1.991439
1.928340
1.869158
1.814649
1.765431
1.721981
1.684637
1.653602
1.628952
1.610654
1.598583
1.592538
1.592256
1.597436
1.607741
1.622811
1.642268
1.665720
1.692758
1.722959
1.755882
1.791071
1.828053
1.866341
1.905432
1.944822
1.983998
2.022456
2.059701
2.095257
2.128675
2.159540
2.187477
2.212160
2.233314
2.250723
2.264229
2.273739
2.279223
2.280714
2.278306
2.272154
2.262465
2.249501
2.233563
2.214996
2.194171
2.171488
2.147357
2.122200
2.096437
2.070482
2.044732
2.019566
1.995332
1.972347
1.950893
1.931213
1.913506
1.897932
1.884609
1.873615
1.864986
1.858724
1.854798
1.853144
1.853672
1.856269
1.860798
1.867107
1.875028
1.884383
1.894981
1.906627
1.919121
1.932260
1.945843
1.959670
1.973545
1.987280
2.000695
2.013622
2.025902
2.037394
2.047969
2.057517
2.065946
2.073182
2.079170
2.083875
2.087282
2.089394
2.090232
2.089838
2.088267
2.085589
2.081890
2.077265
2.071820
2.065670
2.058933
2.051731
2.044189
2.036431
2.028576
2.020743
2.013041
2.005574
1.998437
1.991715
1.985482
1.979804
1.974730
1.970303
1.966551
1.963493
1.961135
1.959475
1.958499
1.958186
1.958504
1.959418
1.960882
1.962850
1.965265
1.968074
1.971214
1.974628
1.978251
1.982024
1.985884
1.989777
1.993643
1.997431
2.001091
2.004579
2.007853
2.010880
2.013626
2.016070
2.018189
2.019972
2.021407
2.022495
2.023234
2.023634
2.023703
2.023459
2.022919
2.022107
2.021047
2.019768
2.018297
2.016666
2.014904
2.013046
2.011120
2.009159
2.007190
2.005243
2.003343
2.001514
1.999778
1.998155
1.996660
1.995308
1.994108
1.993072
1.992201
1.991502
1.990971
1.990609
1.990409
1.990366
1.990471
1.990715
1.991084
1.991568
1.992151
1.992822
1.993564
1.994363
1.995203
1.996073
1.996954
1.997838
1.998707
1.999554
2.000364
2.001131
2.001843
2.002497
2.003083
2.003600
2.004041
2.004407
2.004695
2.004907
2.005043
2.005106
2.005099
2.005026
2.004892
2.004704
2.004464
2.004183
2.003863
2.003514
2.003140
2.002751
2.002350
2.001947
2.001543
2.001148
2.000764
2.000398
2.000052
1.999731
1.999437
1.999173
1.998938
1.998738
1.998569
1.998434
1.998330
1.998259
1.998216
1.998204
1.998216
1.998253
1.998310
1.998388
1.998479
1.998585
1.998700
1.998823
1.998949
1.999078
1.999204
1.999329
1.999448
1.999561
1.999664
1.999759
1.999842
1.999915
1.999976
2.000026
2.000064
2.000093
2.000111
2.000123
2.000126
2.000126
2.000123
2.000111
