1.999948
1.999935
1.999930
1.999930
1.999935
1.999948
1.999968
1.999999
2.000040
2.000094
2.000159
2.000237
2.000326
2.000428
2.000539
2.000661
2.000791
2.000929
2.001070
2.001215
2.001360
2.001504
2.001641
2.001772
2.001891
2.001997
2.002087
2.002157
2.002205
2.002228
2.002224
2.002192
2.002128
2.002033
2.001904
2.001743
2.001548
2.001321
2.001062
2.000775
2.000459
2.000120
1.999760
1.999385
1.998997
1.998603
1.998208
1.997820
1.997441
1.997082
1.996748
1.996445
1.996181
1.995963
1.995795
1.995686
1.995639
1.995660
1.995753
1.995923
1.996169
1.996495
1.996900
1.997384
1.997944
1.998577
1.999277
2.000040
2.000856
2.001719
2.002616
2.003538
2.004472
2.005406
2.006325
2.007214
2.008059
2.008846
2.009557
2.010180
2.010699
2.011101
2.011373
2.011505
2.011484
2.011305
2.010960
2.010446
2.009759
2.008903
2.007878
2.006692
2.005353
2.003873
2.002265
2.000548
1.998739
1.996863
1.994942
1.993003
1.991073
1.989184
1.987365
1.985647
1.984061
1.982640
1.981414
1.980413
1.979663
1.979193
1.979023
1.979176
1.979665
1.980505
1.981702
1.983260
1.985176
1.987441
1.990043
1.992961
1.996169
1.999637
2.003327
2.007197
2.011198
2.015280
2.019385
2.023453
2.027423
2.031231
2.034811
2.038100
2.041033
2.043550
2.045592
2.047107
2.048046
2.048368
2.048038
2.047031
2.045329
2.042924
2.039819
2.036027
2.031571
2.026486
2.020817
2.014619
2.007957
2.000907
1.993553
1.985987
1.978307
1.970620
1.963036
1.955669
1.948636
1.942054
1.936041
1.930711
1.926176
1.922543
1.919909
1.918366
1.917992
1.918855
1.921006
1.924484
1.929307
1.935475
1.942968
1.951744
1.961738
1.972866
1.985017
1.998060
2.011842
2.026192
2.040919
2.055817
2.070666
2.085239
2.099300
2.112613
2.124943
2.136059
2.145744
2.153791
2.160014
2.164247
2.166352
2.166216
2.163760
2.158936
2.151732
2.142172
2.130315
2.116256
2.100124
2.082083
2.062328
2.041084
2.018599
1.995147
1.971021
1.946527
1.921988
1.897732
1.874092
1.851407
1.830011
1.810235
1.792403
1.776832
1.763825
1.753671
1.746640
1.742979
1.742911
1.746624
1.754267
1.765947
1.781715
1.801563
1.825418
1.853134
1.884490
1.919186
1.956844
1.997011
2.039162
2.082708
2.127006
2.171368
2.215075
2.257391
2.297575
2.334898
2.368657
2.398188
2.422882
2.442195
2.455663
2.462909
2.463656
2.457729
2.445063
2.425704
2.399814
2.367663
2.329629
2.286191
2.237920
2.185468
2.129554
2.070951
2.010470
1.948940
1.887194
1.826051
1.766298
1.708683
1.653897
1.602574
1.555291
1.512566
1.474874
1.442658
1.416345
1.396364
1.383157
1.377192
1.378954
1.388938
1.407620
1.435423
1.472669
1.519533
1.575998
1.641824
1.716517
1.799328
1.889254
1.985060
2.085304
2.188374
2.292525
2.395925
2.496692
2.592942
2.682825
2.764569
2.836515
2.897153
2.945155
2.979403
2.999017
3.003373
2.992125
2.965215
2.922883
2.865668
2.794403
2.710211
2.614482
2.508854
2.395182
2.275497
2.151961
2.026808
1.902286
1.780579
1.663730
1.553562
1.451597
1.358982
1.276445
1.204269
1.142312
1.090076
1.046809
1.011648
0.983775
0.962572
0.947768
0.939546
0.938618
0.946238
0.964143
0.994409
1.039219
1.100571
1.179983
1.278255
1.395337
1.530303
1.681421
1.846264
2.021851
2.204790
2.391401
2.577839
2.760198
2.934612
3.097335
3.244827
3.373828
3.481420
3.565093
3.622795
3.652985
3.654663
3.627411
3.571410
3.487453
3.376952
3.241928
3.084991
2.909313
2.718579
2.516932
2.308892
2.099258
1.892983
1.695016
1.510095
1.342496
1.195720
1.072153
0.972738
0.896775
0.841976
0.804825
0.781170
0.766841
0.758126
0.752033
0.746397
0.739883
0.731984
0.723044
0.714339
0.708212
0.708218
0.719167
0.746914
0.797695
0.877050
0.988703
1.133912
1.311474
1.518156
1.749243
1.999028
2.261196
2.529121
2.796089
3.055484
3.300940
3.526475
3.726605
3.896454
4.031838
4.129354
4.186444
4.201452
4.173667
4.103352
3.991759
3.841131
3.654682
3.436572
3.191852
2.926404
2.646851
2.360451
2.074953
1.798416
1.538962
1.304420
1.101816
0.936625
0.811771
0.726608
0.676497
0.653745
0.649647
0.656351
0.667768
0.679644
0.689235
0.694900
0.695749
0.691418
0.681965
0.667902
0.650373
0.631483
0.614793
0.605888
0.612786
0.645608
0.714812
0.828248
0.988971
1.195248
1.441818
1.721240
2.024865
2.343479
2.667723
2.988394
3.296664
3.584267
3.843647
4.068099
4.251869
4.390267
4.479733
4.517910
4.503680
4.437200
4.319901
4.154490
3.944907
3.696287
3.414888
3.108007
2.783865
2.451481
2.120502
1.801000
1.503183
1.236990
1.011437
0.833577
0.706893
0.629445
0.593175
0.586202
0.596737
0.615521
0.636300
0.655279
0.670362
0.680503
0.685246
0.684429
0.678057
0.666301
0.649646
0.629193
0.607152
0.587534
0.576955
0.585207
0.624661
0.707504
0.841538
1.028101
1.263097
1.538983
1.846360
2.174978
2.514354
2.854164
3.184522
3.496184
3.780720
4.030648
4.239554
4.402183
4.514517
4.573828
4.578719
4.529134
4.426361
4.273003
4.072944
3.831282
3.554252
3.249129
2.924107
2.588163
2.250894
1.922315
1.612607
1.331764
1.089060
0.892203
0.745992
0.650529
0.599905
0.583282
0.588540
0.605410
0.626578
0.647392
0.665144
0.678379
0.686392
0.688899
0.685882
0.677573
0.664578
0.648145
0.630588
0.615855
0.610125
0.622113
0.662419
0.741295
0.865531
1.036705
1.251696
1.504161
1.785910
2.087848
2.400587
2.714844
3.021715
3.312874
3.580726
3.818532
4.020510
4.181905
4.299056
4.369425
4.391631
4.365442
4.291775
4.172654
4.011174
3.811436
3.578471
3.318150
3.037079
2.742477
2.442041
2.143788
1.855860
1.586291
1.342692
1.131800
0.958847
0.826702
0.734945
0.679389
0.652770
0.646571
0.652887
0.665429
0.679704
0.692762
0.702842
0.709076
0.711311
0.710045
0.706483
0.702688
0.701770
0.708057
0.727070
0.765113
0.828356
0.921594
1.047236
1.204973
1.392093
1.604097
1.835321
2.079456
2.329928
2.580184
2.823899
3.055136
3.268467
3.459065
3.622780
3.756194
3.856658
3.922317
3.952119
3.945816
3.903946
3.827807
3.719421
3.581480
3.417294
3.230721
3.026085
2.808100
2.581765
2.352264
2.124845
1.904688
1.696741
1.505537
1.334967
1.188013
1.066465
0.970671
0.899424
0.850095
0.819049
0.802244
0.795819
0.796531
0.801975
0.810669
0.822026
0.836293
0.854462
0.878157
0.909472
0.950764
1.004375
1.072327
1.156036
1.256109
1.372242
1.503250
1.647169
1.801415
1.962953
2.128464
2.294496
2.457588
2.614382
2.761709
2.896664
3.016664
3.119492
3.203333
3.266794
3.308923
3.329212
3.327594
3.304430
3.260497
3.196961
3.115346
3.017498
2.905549
2.781863
2.648996
2.509633
2.366538
2.222486
2.080200
1.942282
1.811141
1.688918
1.577420
1.478047
1.391753
1.319018
1.259859
1.213884
1.180383
1.158442
1.147077
1.145338
1.152410
1.167650
1.190609
1.221004
1.258676
1.303526
1.355453
1.414287
1.479741
1.551370
1.628553
1.710489
1.796204
1.884577
1.974368
2.064250
2.152854
2.238801
2.320740
2.397385
2.467541
2.530133
2.584228
2.629052
2.664006
2.688672
2.702823
2.706418
2.699603
2.682707
2.656226
2.620818
2.577282
2.526541
2.469626
2.407648
2.341781
2.273230
2.203213
2.132931
2.063545
1.996149
1.931752
1.871253
1.815431
1.764926
1.720241
1.681733
1.649624
1.624008
1.604864
1.592075
1.585446
1.584719
1.589590
1.599718
1.614741
1.634273
1.657915
1.685248
1.715840
1.749242
1.784986
1.822588
1.861550
1.901361
1.941503
1.981453
2.020698
2.058730
2.095065
2.129244
2.160843
2.189479
2.214819
2.236580
2.254540
2.268536
2.278471
2.284310
2.286085
2.283887
2.277870
2.268241
2.255263
2.239240
2.220517
2.199471
2.176505
2.152035
2.126489
2.100294
2.073871
2.047625
2.021942
1.997179
1.973662
1.951681
1.931486
1.913284
1.897243
1.883485
1.872094
1.863111
1.856543
1.852357
1.850495
1.850866
1.853356
1.857827
1.864127
1.872085
1.881518
1.892234
1.904034
1.916713
1.930065
1.943884
1.957966
1.972110
1.986126
1.999826
2.013041
2.025606
2.037378
2.048223
2.058030
2.066702
2.074163
2.080355
2.085243
2.088809
2.091055
2.092001
2.091689
2.090173
2.087525
2.083830
2.079185
2.073696
2.067480
2.060656
2.053350
2.045688
2.037795
2.029795
2.021807
2.013944
2.006313
1.999010
1.992124
1.985729
1.979895
1.974672
1.970106
1.966225
1.963051
1.960590
1.958840
1.957789
1.957416
1.957689
1.958572
1.960020
1.961986
1.964412
1.967244
1.970419
1.973878
1.977554
1.981389
1.985319
1.989285
1.993228
1.997097
2.000839
2.004409
2.007765
2.010870
2.013693
2.016209
2.018396
2.020240
2.021732
2.022870
2.023652
2.024087
2.024184
2.023961
2.023435
2.022630
2.021569
2.020283
2.018799
2.017149
2.015364
2.013478
2.011520
2.009523
2.007516
2.005528
2.003586
2.001715
1.999936
1.998271
1.996735
1.995344
1.994107
1.993036
1.992133
1.991404
1.990848
1.990464
1.990245
1.990187
1.990281
1.990517
1.990881
1.991365
1.991950
1.992626
1.993375
1.994185
1.995038
1.995922
1.996819
1.997720
1.998607
1.999473
2.000302
2.001088
2.001819
2.002491
2.003095
2.003628
2.004085
2.004465
2.004766
2.004990
2.005135
2.005206
2.005205
2.005138
2.005007
2.004820
2.004580
2.004297
2.003975
2.003622
2.003244
2.002848
2.002441
2.002029
2.001618
2.001214
2.000821
2.000446
2.000091
1.999761
1.999458
1.999185
1.998943
1.998734
1.998558
1.998417
1.998307
1.998231
1.998184
1.998168
1.998177
1.998212
1.998267
1.998344
1.998435
1.998542
1.998657
1.998781
1.998909
1.999040
1.999169
1.999297
1.999419
1.999535
1.999642
1.999740
1.999826
1.999903
1.999966
2.000019
2.000060
2.000091
2.000110
2.000123
2.000127
2.000127
2.000123
2.000110
