1.999996
1.999962
1.999945
1.999945
1.999962
1.999996
2.000049
2.000119
2.000207
2.000312
2.000433
2.000569
2.000719
2.000882
2.001054
2.001235
2.001420
2.001608
2.001796
2.001980
2.002157
2.002324
2.002477
2.002613
2.002727
2.002817
2.002880
2.002912
2.002910
2.002873
2.002797
2.002682
2.002526
2.002330
2.002092
2.001814
2.001496
2.001143
2.000755
2.000337
1.999893
1.999428
1.998947
1.998457
1.997965
1.997477
1.997002
1.996548
1.996123
1.995735
1.995393
1.995105
1.994878
1.994722
1.994641
1.994643
1.994734
1.994917
1.995195
1.995573
1.996048
1.996622
1.997292
1.998055
1.998904
1.999833
2.000833
2.001895
2.003005
2.004152
2.005320
2.006494
2.007657
2.008791
2.009878
2.010900
2.011837
2.012672
2.013385
2.013961
2.014382
2.014634
2.014703
2.014578
2.014250
2.013714
2.012964
2.012001
2.010826
2.009446
2.007869
2.006109
2.004180
2.002103
1.999900
1.997598
1.995223
1.992810
1.990390
1.988000
1.985678
1.983463
1.981393
1.979508
1.977846
1.976447
1.975345
1.974575
1.974166
1.974147
1.974540
1.975363
1.976629
1.978344
1.980508
1.983116
1.986154
1.989601
1.993430
1.997605
2.002084
2.006819
2.011753
2.016825
2.021968
2.027111
2.032179
2.037094
2.041775
2.046144
2.050121
2.053627
2.056590
2.058939
2.060609
2.061545
2.061696
2.061023
2.059497
2.057100
2.053825
2.049679
2.044680
2.038861
2.032269
2.024962
2.017014
2.008509
1.999545
1.990230
1.980682
1.971029
1.961406
1.951956
1.942822
1.934155
1.926103
1.918815
1.912435
1.907103
1.902950
1.900096
1.898651
1.898709
1.900345
1.903619
1.908564
1.915196
1.923501
1.933442
1.944955
1.957947
1.972299
1.987865
2.004471
2.021922
2.039996
2.058455
2.077042
2.095487
2.113509
2.130825
2.147147
2.162192
2.175685
2.187364
2.196984
2.204322
2.209181
2.211394
2.210828
2.207386
2.201010
2.191685
2.179435
2.164333
2.146490
2.126065
2.103256
2.078301
2.051477
2.023098
1.993504
1.963068
1.932183
1.901262
1.870731
1.841029
1.812594
1.785870
1.761291
1.739284
1.720261
1.704613
1.692708
1.684882
1.681434
1.682620
1.688645
1.699656
1.715734
1.736888
1.763049
1.794064
1.829692
1.869606
1.913389
1.960541
2.010482
2.062561
2.116062
2.170220
2.224225
2.277245
2.328431
2.376937
2.421932
2.462614
2.498225
2.528068
2.551513
2.568016
2.577125
2.578494
2.571888
2.557192
2.534411
2.503681
2.465259
2.419533
2.367006
2.308300
2.244139
2.175346
2.102819
2.027526
1.950482
1.872732
1.795330
1.719320
1.645721
1.575503
1.509580
1.448797
1.393926
1.345672
1.304676
1.271533
1.246802
1.231024
1.224727
1.228425
1.242600
1.267673
1.303968
1.351661
1.410741
1.480972
1.561873
1.652704
1.752475
1.859957
1.973710
2.092108
2.213375
2.335621
2.456876
2.575130
2.688367
2.794606
2.891933
2.978539
3.052751
3.113068
3.158187
3.187034
3.198786
3.192894
3.169099
3.127446
3.068293
2.992315
2.900501
2.794148
2.674847
2.544462
2.405105
2.259099
2.108933
1.957215
1.806603
1.659733
1.519130
1.387114
1.265687
1.156425
1.060376
0.977985
0.909079
0.852920
0.808351
0.774016
0.748626
0.731226
0.721425
0.719561
0.726765
0.744916
0.776438
0.823975
0.889968
0.976250
1.083771
1.212480
1.361354
1.528526
1.711430
1.906957
2.111591
2.321533
2.532804
2.741341
2.943086
3.134065
3.310462
3.468698
3.605488
3.717913
3.803471
3.860134
3.886391
3.881288
3.844458
3.776147
3.677225
3.549198
3.394193
3.214956
3.014816
2.797656
2.567861
2.330255
2.090022
1.852605
1.623578
1.408472
1.212546
1.040471
0.895891
0.780892
0.695447
0.637107
0.601281
0.582152
0.573834
0.571233
0.570448
0.568810
0.564796
0.557930
0.548775
0.539048
0.531840
0.531885
0.545656
0.580917
0.645413
0.745022
0.882477
1.057308
1.266531
1.505441
1.768232
2.048435
2.339214
2.633587
2.924601
3.205472
3.469722
3.711290
3.924638
4.104855
4.247736
4.349865
4.408681
4.422533
4.390721
4.313528
4.192232
4.029110
3.827426
3.591398
3.326161
3.037703
2.732795
2.418892
2.104030
1.796672
1.505536
1.239333
1.006379
0.813962
0.667280
0.567828
0.511714
0.489663
0.490054
0.502479
0.519297
0.535573
0.548388
0.556163
0.558134
0.554040
0.543979
0.528449
0.508568
0.486519
0.466258
0.454454
0.461276
0.499902
0.583178
0.718640
0.906921
1.143658
1.421558
1.731859
2.065058
2.411428
2.761264
3.105159
3.434128
3.739823
4.014608
4.251744
4.445435
4.590980
4.684795
4.724527
4.709045
4.638523
4.514390
4.339380
4.117443
3.853764
3.554632
3.227424
2.880440
2.522851
2.164492
1.815760
1.487340
1.189975
0.933950
0.728351
0.579481
0.488284
0.447345
0.441943
0.456654
0.479842
0.504229
0.525781
0.542526
0.553627
0.558818
0.558042
0.551312
0.538701
0.520521
0.497668
0.472259
0.448570
0.434340
0.441877
0.487301
0.585365
0.742724
0.957640
1.223246
1.530092
1.867617
2.224846
2.590872
2.955086
3.307435
3.638544
3.939914
4.203996
4.424347
4.595675
4.713952
4.776430
4.781714
4.729735
4.621798
4.460505
4.249765
3.994689
3.701560
3.377689
3.031355
2.671630
2.308281
1.951553
1.612026
1.300299
1.026678
0.800504
0.629070
0.515482
0.455769
0.437683
0.445561
0.466263
0.490945
0.514443
0.533990
0.548271
0.556702
0.559084
0.555368
0.545684
0.530455
0.510761
0.488874
0.469119
0.458871
0.469303
0.514424
0.606911
0.752955
0.951585
1.197034
1.480971
1.793882
2.125822
2.466863
2.807363
3.138185
3.450834
3.737608
3.991682
4.207216
4.379410
4.504572
4.580142
4.604722
4.578071
4.501104
4.375846
4.205404
3.993895
3.746381
3.468771
3.167735
2.850579
2.525131
2.199596
1.882405
1.582029
1.306748
1.064325
0.861515
0.703245
0.591386
0.523283
0.491282
0.484719
0.493235
0.508723
0.525646
0.540526
0.551363
0.557156
0.557661
0.553301
0.545281
0.535829
0.528588
0.528994
0.544409
0.583487
0.654432
0.762759
0.910077
1.094422
1.311298
1.554678
1.817718
2.093238
2.374031
2.653083
2.923732
3.179789
3.415633
3.626291
3.807497
3.955743
4.068306
4.143271
4.179543
4.176836
4.135659
4.057293
3.943747
3.797714
3.622513
3.422023
3.200612
2.963053
2.714442
2.460097
2.205464
1.956001
1.717055
1.493713
1.290629
1.111788
0.960220
0.837634
0.744053
0.677576
0.634507
0.609968
0.598812
0.596448
0.599347
0.605239
0.613118
0.623176
0.636712
0.656001
0.684094
0.724483
0.780617
0.855360
0.950531
1.066656
1.202961
1.357554
1.527669
1.709929
1.900573
2.095646
2.291150
2.483166
2.667947
2.842004
3.002158
3.145594
3.269898
3.373089
3.453628
3.510438
3.542903
3.550863
3.534599
3.494823
3.432643
3.349545
3.247345
3.128163
2.994372
2.848553
2.693449
2.531910
2.366842
2.201150
2.037678
1.879156
1.728127
1.586892
1.457440
1.341384
1.239902
1.153699
1.082993
1.027541
0.986721
0.959652
0.945347
0.942858
0.951389
0.970363
0.999414
1.038351
1.087065
1.145442
1.213269
1.290164
1.375527
1.468529
1.568108
1.672999
1.781768
1.892854
2.004616
2.115377
2.223469
2.327272
2.425247
2.515972
2.598163
2.670698
2.732634
2.783221
2.821907
2.848344
2.862391
2.864108
2.853749
2.831758
2.798750
2.755504
2.702937
2.642096
2.574129
2.500268
2.421805
2.340072
2.256412
2.172160
2.088617
2.007031
1.928570
1.854307
1.785198
1.722074
1.665618
1.616374
1.574729
1.540928
1.515075
1.497149
1.487014
1.484441
1.489116
1.500661
1.518642
1.542578
1.571947
1.606196
1.644737
1.686954
1.732208
1.779839
1.829171
1.879522
1.930208
1.980553
2.029894
2.077599
2.123065
2.165733
2.205095
2.240698
2.272153
2.299141
2.321411
2.338790
2.351177
2.358549
2.360954
2.358514
2.351416
2.339915
2.324317
2.304986
2.282326
2.256779
2.228815
2.198926
2.167613
2.135385
2.102742
2.070173
2.038145
2.007101
1.977447
1.949553
1.923743
1.900297
1.879445
1.861366
1.846190
1.833998
1.824820
1.818647
1.815420
1.815048
1.817399
1.822315
1.829608
1.839070
1.850469
1.863566
1.878103
1.893820
1.910451
1.927730
1.945394
1.963187
1.980859
1.998175
2.014911
2.030864
2.045845
2.059689
2.072249
2.083405
2.093059
2.101139
2.107595
2.112405
2.115567
2.117106
2.117066
2.115514
2.112532
2.108225
2.102706
2.096105
2.088562
2.080222
2.071237
2.061763
2.051952
2.041959
2.031931
2.022012
2.012333
2.003020
1.994185
1.985930
1.978341
1.971492
1.965441
1.960234
1.955900
1.952457
1.949905
1.948237
1.947428
1.947447
1.948250
1.949786
1.951994
1.954811
1.958163
1.961978
1.966177
1.970683
1.975416
1.980299
1.985255
1.990211
1.995098
1.999850
2.004408
2.008718
2.012729
2.016404
2.019704
2.022604
2.025082
2.027124
2.028722
2.029878
2.030594
2.030885
2.030766
2.030261
2.029393
2.028195
2.026698
2.024940
2.022956
2.020788
2.018473
2.016052
2.013563
2.011045
2.008533
2.006062
2.003665
2.001370
1.999203
1.997188
1.995343
1.993685
1.992227
1.990978
1.989941
1.989123
1.988518
1.988126
1.987937
1.987945
1.988136
1.988498
1.989014
1.989671
1.990449
1.991330
1.992296
1.993329
1.994409
1.995519
1.996640
1.997757
1.998853
1.999915
2.000928
2.001882
2.002765
2.003570
2.004289
2.004918
2.005451
2.005888
2.006227
2.006469
2.006616
2.006672
2.006640
2.006527
2.006337
2.006080
2.005761
2.005389
2.004971
2.004518
2.004035
2.003533
2.003018
2.002499
2.001982
2.001476
2.000986
2.000517
2.000074
1.999663
1.999286
1.998946
1.998645
1.998385
1.998166
1.997989
1.997852
1.997755
1.997696
1.997673
1.997683
1.997725
1.997793
1.997887
1.998001
1.998132
1.998277
1.998433
1.998594
1.998760
1.998926
1.999090
1.999247
1.999397
1.999537
1.999665
1.999778
1.999878
1.999961
2.000028
2.000077
2.000110
2.000126
2.000126
2.000110
2.000077
