1.999937
1.999937
1.999940
1.999940
1.999937
1.999937
1.999938
1.999945
1.999957
1.999977
2.000005
2.000043
2.000089
2.000146
2.000212
2.000287
2.000371
2.000463
2.000560
2.000664
2.000770
2.000879
2.000987
2.001093
2.001194
2.001289
2.001375
2.001449
2.001510
2.001555
2.001582
2.001590
2.001576
2.001540
2.001480
2.001396
2.001287
2.001154
2.000995
2.000814
2.000609
2.000384
2.000140
1.999881
1.999608
1.999326
1.999037
1.998748
1.998461
1.998181
1.997913
1.997663
1.997434
1.997234
1.997064
1.996932
1.996841
1.996796
1.996799
1.996855
1.996965
1.997133
1.997358
1.997642
1.997982
1.998380
1.998831
1.999333
1.999880
2.000469
2.001092
2.001742
2.002412
2.003092
2.003773
2.004445
2.005096
2.005718
2.006297
2.006824
2.007286
2.007675
2.007978
2.008188
2.008295
2.008293
2.008174
2.007935
2.007571
2.007083
2.006468
2.005731
2.004875
2.003906
2.002833
2.001666
2.000417
1.999101
1.997733
1.996331
1.994914
1.993503
1.992119
1.990784
1.989522
1.988354
1.987305
1.986396
1.985649
1.985085
1.984723
1.984580
1.984671
1.985007
1.985599
1.986451
1.987567
1.988945
1.990579
1.992460
1.994574
1.996902
1.999421
2.002106
2.004923
2.007840
2.010817
2.013813
2.016784
2.019686
2.022469
2.025087
2.027491
2.029635
2.031474
2.032965
2.034068
2.034748
2.034973
2.034721
2.033970
2.032709
2.030933
2.028644
2.025853
2.022576
2.018841
2.014680
2.010135
2.005256
2.000096
1.994719
1.989191
1.983586
1.977979
1.972452
1.967087
1.961969
1.957183
1.952812
1.948940
1.945647
1.943010
1.941100
1.939982
1.939714
1.940345
1.941913
1.944447
1.947962
1.952458
1.957924
1.964330
1.971632
1.979768
1.988660
1.998213
2.008315
2.018840
2.029647
2.040584
2.051488
2.062187
2.072505
2.082264
2.091288
2.099403
2.106444
2.112258
2.116704
2.119659
2.121023
2.120714
2.118676
2.114881
2.109325
2.102033
2.093056
2.082475
2.070393
2.056940
2.042268
2.026548
2.009969
1.992737
1.975066
1.957183
1.939320
1.921713
1.904599
1.888216
1.872797
1.858575
1.845775
1.834615
1.825308
1.818054
1.813046
1.810460
1.810459
1.813183
1.818750
1.827248
1.838732
1.853213
1.870659
1.890984
1.914047
1.939646
1.967518
1.997338
2.028722
2.061230
2.094374
2.127624
2.160422
2.192189
2.222338
2.250292
2.275491
2.297406
2.315556
2.329515
2.338925
2.343504
2.343051
2.337458
2.326706
2.310871
2.290120
2.264709
2.234981
2.201349
2.164296
2.124357
2.082112
2.038165
1.993136
1.947643
1.902291
1.857657
1.814285
1.772673
1.733272
1.696489
1.662686
1.632188
1.605298
1.582304
1.563496
1.549178
1.539678
1.535353
1.536590
1.543796
1.557382
1.577735
1.605188
1.639977
1.682209
1.731819
1.788543
1.851902
1.921189
1.995479
2.073645
2.154383
2.236247
2.317689
2.397101
2.472855
2.543352
2.607059
2.662552
2.708546
2.743935
2.767813
2.779505
2.778580
2.764868
2.738467
2.699745
2.649336
2.588129
2.517247
2.438030
2.351992
2.260789
2.166171
2.069928
1.973830
1.879570
1.788700
1.702572
1.622285
1.548654
1.482184
1.423076
1.371256
1.326425
1.288130
1.255847
1.229077
1.207430
1.190713
1.178999
1.172688
1.172531
1.179636
1.195423
1.221529
1.259662
1.311414
1.378043
1.460293
1.558244
1.671245
1.797921
1.936235
2.083594
2.236970
2.393031
2.548267
2.699102
2.842004
2.973579
3.090658
3.190376
3.270235
3.328168
3.362588
3.372428
3.357177
3.316895
3.252231
3.164421
3.055273
2.927146
2.782909
2.625884
2.459778
2.288585
2.116470
1.947631
1.786122
1.635660
1.499400
1.379712
1.277988
1.194517
1.128491
1.078152
1.041065
1.014464
0.995572
0.981862
0.971222
0.962043
0.953264
0.944401
0.935583
0.927615
0.922060
0.921328
0.928715
0.948325
0.984782
1.042688
1.125900
1.236837
1.376054
1.542185
1.732172
1.941636
2.165268
2.397172
2.631161
2.860993
3.080562
3.284071
3.466161
3.622036
3.747564
3.839365
3.894884
3.912447
3.891309
3.831683
3.734749
3.602654
3.438495
3.246273
3.030842
2.797823
2.553502
2.304683
2.058513
1.822234
1.602868
1.406790
1.239187
1.103419
1.000423
0.928410
0.883149
0.858872
0.849438
0.849272
0.853861
0.859851
0.864915
0.867545
0.866847
0.862400
0.854191
0.842644
0.828745
0.814266
0.802068
0.796439
0.803297
0.830032
0.884652
0.974207
1.103084
1.272076
1.478522
1.717087
1.980652
2.261059
2.549666
2.837755
3.116832
3.378858
3.616438
3.822975
3.992794
4.121254
4.204825
4.241164
4.229153
4.168935
4.061916
3.910752
3.719325
3.492680
3.236954
2.959274
2.667630
2.370711
2.077694
1.797959
1.540704
1.314383
1.125921
0.979666
0.876269
0.812079
0.779808
0.770482
0.775537
0.788068
0.803130
0.817489
0.829196
0.837167
0.840854
0.840031
0.834692
0.825051
0.811658
0.795627
0.778988
0.765130
0.759272
0.768725
0.802544
0.870131
0.978918
1.132346
1.329316
1.564974
1.831922
2.121287
2.423508
2.728878
3.027927
3.311700
3.571963
3.801379
3.993633
4.143542
4.247137
4.301722
4.305917
4.259671
4.164261
4.022271
3.837542
3.615113
3.361134
3.082755
2.787992
2.485569
2.184712
1.894886
1.625453
1.385179
1.181543
1.019786
0.901788
0.825210
0.783686
0.768445
0.770530
0.782368
0.798342
0.814664
0.828978
0.839927
0.846812
0.849350
0.847560
0.841746
0.832584
0.821318
0.810039
0.802024
0.802053
0.816509
0.852989
0.919173
1.021137
1.161857
1.340682
1.553771
1.794974
2.056713
2.330679
2.608350
2.881359
3.141764
3.382250
3.596286
3.778241
3.923477
4.028417
4.090589
4.108654
4.082413
4.012791
3.901815
3.752557
3.569081
3.356351
3.120143
2.866917
2.603688
2.337856
2.077009
1.828673
1.599997
1.397336
1.225726
1.088265
0.985527
0.915297
0.872906
0.852223
0.846861
0.851131
0.860498
0.871658
0.882392
0.891369
0.897967
0.902157
0.904457
0.905948
0.908342
0.914063
0.926289
0.948897
0.986212
1.042534
1.121494
1.225409
1.354861
1.508603
1.683757
1.876171
2.080821
2.292173
2.504501
2.712129
2.909628
3.091972
3.254654
3.393780
3.506137
3.589245
3.641381
3.661605
3.649751
3.606422
3.532958
3.431402
3.304444
3.155363
2.987954
2.806436
2.615362
2.419500
2.223710
2.032791
1.851316
1.683434
1.532651
1.401607
1.291864
1.203769
1.136443
1.087944
1.055585
1.036337
1.027223
1.025614
1.029415
1.037145
1.047941
1.061525
1.078149
1.098524
1.123734
1.155137
1.194234
1.242516
1.301295
1.371536
1.453717
1.547732
1.652857
1.767772
1.890629
2.019153
2.150762
2.282684
2.412074
2.536116
2.652118
2.757591
2.850308
2.928363
2.990206
3.034673
3.061006
3.068857
3.058293
3.029780
2.984173
2.922685
2.846855
2.758514
2.659734
2.552782
2.440059
2.324037
2.207195
2.091945
1.980561
1.875100
1.777337
1.688702
1.610234
1.542558
1.485894
1.440087
1.404681
1.378996
1.362227
1.353536
1.352128
1.357308
1.368514
1.385326
1.407456
1.434727
1.467034
1.504305
1.546460
1.593370
1.644821
1.700492
1.759934
1.822563
1.887668
1.954419
2.021884
2.089061
2.154901
2.218339
2.278326
2.333860
2.384007
2.427936
2.464930
2.494409
2.515942
2.529256
2.534241
2.530951
2.519599
2.500554
2.474328
2.441562
2.403012
2.359527
2.312028
2.261489
2.208907
2.155282
2.101590
2.048760
1.997655
1.949050
1.903619
1.861922
1.824405
1.791392
1.763094
1.739618
1.720977
1.707103
1.697868
1.693092
1.692561
1.696037
1.703265
1.713981
1.727914
1.744787
1.764315
1.786207
1.810160
1.835861
1.862984
1.891186
1.920115
1.949408
1.978694
2.007599
2.035751
2.062785
2.088354
2.112126
2.133800
2.153106
2.169811
2.183728
2.194712
2.202671
2.207559
2.209386
2.208210
2.204136
2.197318
2.187950
2.176264
2.162523
2.147018
2.130056
2.111960
2.093057
2.073676
2.054135
2.034742
2.015787
1.997535
1.980228
1.964076
1.949258
1.935924
1.924187
1.914133
1.905814
1.899256
1.894456
1.891388
1.890006
1.890241
1.892009
1.895212
1.899739
1.905469
1.912271
1.920009
1.928542
1.937725
1.947410
1.957451
1.967700
1.978013
1.988251
1.998280
2.007972
2.017208
2.025878
2.033886
2.041144
2.047580
2.053135
2.057763
2.061435
2.064136
2.065864
2.066634
2.066473
2.065422
2.063531
2.060865
2.057495
2.053499
2.048964
2.043980
2.038638
2.033034
2.027260
2.021409
2.015568
2.009820
2.004245
1.998913
1.993888
1.989228
1.984978
1.981179
1.977860
1.975044
1.972744
1.970966
1.969706
1.968957
1.968700
1.968914
1.969572
1.970641
1.972085
1.973865
1.975939
1.978263
1.980791
1.983479
1.986280
1.989151
1.992046
1.994926
1.997750
2.000482
2.003087
2.005535
2.007799
2.009858
2.011690
2.013283
2.014623
2.015707
2.016529
2.017093
2.017401
2.017463
2.017290
2.016897
2.016299
2.015516
2.014568
2.013478
2.012267
2.010959
2.009578
2.008148
2.006690
2.005227
2.003780
2.002370
2.001012
1.999724
1.998520
1.997413
1.996411
1.995525
1.994759
1.994118
1.993603
1.993216
1.992953
1.992811
1.992785
1.992871
1.993057
1.993339
1.993703
1.994143
1.994646
1.995202
1.995799
1.996428
1.997076
1.997734
1.998391
1.999039
1.999668
2.000270
2.000838
2.001367
2.001850
2.002284
2.002663
2.002988
2.003255
2.003466
2.003618
2.003714
2.003755
2.003746
2.003686
2.003582
2.003437
2.003255
2.003041
2.002801
2.002537
2.002258
2.001966
2.001668
2.001366
2.001068
2.000774
2.000492
2.000221
1.999968
1.999733
1.999520
1.999329
1.999163
1.999019
1.998903
1.998810
1.998743
1.998698
1.998677
1.998676
1.998696
1.998732
1.998785
1.998850
1.998927
1.999012
1.999105
1.999201
1.999301
1.999399
1.999496
1.999589
1.999678
1.999758
1.999833
1.999898
1.999955
2.000001
2.000040
2.000068
2.000089
2.000101
2.000109
2.000110
2.000109
2.000106
2.000106
2.000109
2.000110
