1.999993
1.999960
1.999943
1.999943
1.999960
1.999993
2.000044
2.000112
2.000198
2.000301
2.000419
2.000553
2.000700
2.000860
2.001030
2.001208
2.001391
2.001577
2.001763
2.001946
2.002122
2.002289
2.002442
2.002578
2.002693
2.002785
2.002849
2.002883
2.002885
2.002851
2.002779
2.002668
2.002517
2.002325
2.002093
2.001820
2.001508
2.001160
2.000778
2.000366
1.999926
1.999466
1.998990
1.998504
1.998015
1.997530
1.997057
1.996604
1.996179
1.995791
1.995447
1.995156
1.994926
1.994764
1.994677
1.994673
1.994755
1.994929
1.995198
1.995564
1.996029
1.996591
1.997248
1.997998
1.998834
1.999751
2.000738
2.001788
2.002887
2.004023
2.005181
2.006347
2.007502
2.008631
2.009714
2.010734
2.011671
2.012508
2.013226
2.013808
2.014237
2.014500
2.014582
2.014472
2.014162
2.013644
2.012915
2.011973
2.010822
2.009466
2.007914
2.006179
2.004275
2.002222
2.000043
1.997763
1.995409
1.993014
1.990611
1.988235
1.985923
1.983715
1.981648
1.979762
1.978095
1.976686
1.975570
1.974780
1.974348
1.974301
1.974661
1.975448
1.976673
1.978344
1.980461
1.983019
1.986005
1.989400
1.993175
1.997297
2.001724
2.006408
2.011293
2.016321
2.021423
2.026530
2.031567
2.036458
2.041122
2.045481
2.049455
2.052968
2.055944
2.058316
2.060018
2.060994
2.061194
2.060578
2.059116
2.056790
2.053592
2.049529
2.044618
2.038891
2.032392
2.025181
2.017328
2.008918
2.000044
1.990816
1.981349
1.971771
1.962213
1.952818
1.943728
1.935092
1.927057
1.919772
1.913378
1.908016
1.903815
1.900898
1.899372
1.899332
1.900855
1.903999
1.908802
1.915279
1.923418
1.933186
1.944519
1.957327
1.971495
1.986877
2.003305
2.020583
2.038496
2.056805
2.075258
2.093586
2.111511
2.128750
2.145018
2.160034
2.173523
2.185225
2.194893
2.202307
2.207268
2.209609
2.209195
2.205930
2.199753
2.190647
2.178636
2.163788
2.146213
2.126067
2.103543
2.078878
2.052346
2.024253
1.994939
1.964770
1.934137
1.903447
1.873123
1.843598
1.815308
1.788690
1.764176
1.742190
1.723139
1.707415
1.695381
1.687375
1.683695
1.684599
1.690293
1.700930
1.716594
1.737301
1.762988
1.793509
1.828632
1.868038
1.911317
1.957979
2.007451
2.059089
2.112183
2.165975
2.219660
2.272410
2.323380
2.371727
2.416621
2.457262
2.492894
2.522818
2.546405
2.563110
2.572479
2.574165
2.567930
2.553655
2.531344
2.501127
2.463259
2.418121
2.366212
2.308148
2.244648
2.176524
2.104672
2.030050
1.953664
1.876550
1.799754
1.724312
1.651229
1.581470
1.515937
1.455467
1.400824
1.352704
1.311741
1.278526
1.253611
1.237537
1.230829
1.234003
1.247545
1.271886
1.307359
1.354158
1.412288
1.481534
1.561435
1.651271
1.750070
1.856621
1.969495
2.087080
2.207610
2.329200
2.449886
2.567663
2.680518
2.786470
2.883607
2.970119
3.044333
3.104747
3.150056
3.179185
3.191306
3.185869
3.162611
3.121574
3.063111
2.987892
2.896901
2.791429
2.673060
2.543650
2.405301
2.260326
2.111203
1.960526
1.810936
1.665053
1.525382
1.394222
1.273554
1.164935
1.069396
0.987374
0.918695
0.862632
0.818049
0.783613
0.758060
0.740452
0.730403
0.728243
0.735085
0.752775
0.783710
0.830513
0.895618
0.980877
1.087269
1.214780
1.362429
1.528380
1.710096
1.904490
2.108061
2.317021
2.527400
2.735140
2.936188
3.126572
3.302479
3.460329
3.596838
3.709088
3.794576
3.851274
3.877668
3.872804
3.836314
3.768441
3.670054
3.542655
3.388370
3.209939
3.010688
2.794494
2.565733
2.329222
2.090131
1.853890
1.626050
1.412116
1.217310
1.046257
0.902545
0.788205
0.703166
0.644976
0.609083
0.589749
0.581166
0.578303
0.577296
0.575495
0.571383
0.564481
0.555345
0.545674
0.538529
0.538597
0.552275
0.587244
0.651188
0.749984
0.886423
1.060113
1.268140
1.505850
1.767474
2.046565
2.336304
2.629719
2.919862
3.199956
3.463526
3.704511
3.917378
4.097214
4.239816
4.341768
4.400510
4.414390
4.382708
4.305746
4.184782
4.022093
3.820940
3.585541
3.321028
3.033386
2.729382
2.416467
2.102667
1.796437
1.506473
1.241462
1.009676
0.818339
0.672557
0.573720
0.517878
0.495812
0.496031
0.508240
0.524863
0.540987
0.553696
0.561403
0.563337
0.559232
0.549185
0.533698
0.513890
0.491949
0.471822
0.460135
0.466968
0.505359
0.588058
0.722637
0.909851
1.145437
1.422175
1.731346
2.063471
2.408840
2.757756
3.100818
3.429046
3.734094
4.008329
4.245011
4.438346
4.583635
4.677292
4.716965
4.701524
4.631141
4.507247
4.332574
4.111072
3.847925
3.549421
3.222934
2.876764
2.520076
2.162701
1.815028
1.487725
1.191514
0.936639
0.732117
0.584142
0.493523
0.452785
0.447324
0.461880
0.484917
0.509191
0.530674
0.547380
0.558463
0.563647
0.562869
0.556141
0.543544
0.525396
0.502607
0.477301
0.453753
0.439660
0.447226
0.492399
0.589831
0.746261
0.960085
1.224544
1.530250
1.866676
2.222872
2.587941
2.951282
3.302846
3.633264
3.934036
4.197616
4.417562
4.588582
4.706650
4.769017
4.774287
4.722395
4.614642
4.453631
4.243271
3.988673
3.696117
3.372915
3.027342
2.668468
2.306055
1.950344
1.611899
1.301306
1.028838
0.803782
0.633340
0.520492
0.461157
0.443127
0.450901
0.471463
0.496029
0.519448
0.538950
0.553209
0.561636
0.564023
0.560326
0.550679
0.535512
0.515918
0.494175
0.474599
0.464520
0.475008
0.519914
0.611821
0.756976
0.954530
1.198820
1.481584
1.793351
2.124203
2.464224
2.803785
3.133754
3.445642
3.731747
3.985249
4.200308
4.372127
4.497012
4.572405
4.596908
4.570282
4.493439
4.368406
4.198290
3.987206
3.740216
3.463227
3.162909
2.846564
2.522018
2.197468
1.881340
1.582090
1.307979
1.066737
0.865067
0.707822
0.596772
0.529180
0.497389
0.490826
0.499243
0.514611
0.531431
0.546244
0.557055
0.562865
0.563433
0.559186
0.551333
0.542098
0.535106
0.535748
0.551307
0.590326
0.660924
0.768600
0.915017
1.098293
1.314007
1.556187
1.818033
2.092390
2.372073
2.650081
2.919761
3.174930
3.409974
3.619924
3.800518
3.948247
4.060393
4.135042
4.171099
4.168280
4.127095
4.048823
3.935476
3.789746
3.614952
3.414972
3.194172
2.957326
2.709523
2.456081
2.202440
1.954048
1.716242
1.494092
1.292227
1.114600
0.964195
0.842667
0.749984
0.684201
0.641614
0.617374
0.606389
0.604128
0.607115
0.613115
0.621143
0.631396
0.645156
0.664672
0.692950
0.733426
0.789495
0.863987
0.958706
1.074186
1.209682
1.363336
1.532416
1.713581
1.903097
2.097033
2.291410
2.482325
2.666045
2.839092
2.998293
3.140844
3.264337
3.366793
3.446681
3.502927
3.534918
3.542497
3.525949
3.485986
3.423720
3.340637
3.238556
3.119597
2.986133
2.840745
2.686176
2.525274
2.360941
2.196079
2.033527
1.876005
1.726045
1.585935
1.457644
1.342763
1.242445
1.157368
1.087721
1.033238
0.993278
0.966949
0.953260
0.951264
0.960170
0.979402
1.008600
1.047571
1.096206
1.154392
1.221915
1.298399
1.383252
1.475652
1.574551
1.678695
1.786664
1.896909
2.007802
2.117680
2.224884
2.327806
2.424916
2.514800
2.596182
2.667948
2.729161
2.779077
2.817147
2.843032
2.856590
2.857888
2.847183
2.824921
2.791719
2.748357
2.695756
2.634961
2.567120
2.493465
2.415288
2.333917
2.250691
2.166942
2.083965
2.003000
1.925208
1.851652
1.783277
1.720900
1.665195
1.616688
1.575755
1.542629
1.517400
1.500038
1.490398
1.488243
1.493258
1.505061
1.523217
1.547248
1.576634
1.610827
1.649241
1.691270
1.736278
1.783613
1.832606
1.882581
1.932861
1.982776
2.031672
2.078921
2.123926
2.166135
2.205044
2.240206
2.271237
2.297821
2.319713
2.336741
2.348809
2.355896
2.358052
2.355402
2.348134
2.336504
2.320819
2.301443
2.278779
2.253270
2.225384
2.195611
2.164452
2.132410
2.099983
2.067658
2.035898
2.005140
1.975788
1.948205
1.922711
1.899581
1.879040
1.861264
1.846377
1.834456
1.825530
1.819583
1.816556
1.816354
1.818847
1.823875
1.831248
1.840760
1.852181
1.865270
1.879772
1.895431
1.911980
1.929158
1.946702
1.964360
1.981885
1.999044
2.015616
2.031400
2.046209
2.059881
2.072272
2.083265
2.092761
2.100691
2.107007
2.111688
2.114734
2.116171
2.116042
2.114417
2.111378
2.107028
2.101483
2.094871
2.087332
2.079011
2.070058
2.060629
2.050875
2.040949
2.030998
2.021163
2.011575
2.002359
1.993624
1.985470
1.977983
1.971235
1.965282
1.960170
1.955927
1.952567
1.950093
1.948495
1.947748
1.947821
1.948668
1.950240
1.952474
1.955308
1.958669
1.962485
1.966676
1.971167
1.975877
1.980732
1.985654
1.990572
1.995416
2.000124
2.004633
2.008894
2.012856
2.016480
2.019731
2.022583
2.025014
2.027012
2.028570
2.029688
2.030370
2.030632
2.030487
2.029960
2.029076
2.027865
2.026361
2.024599
2.022616
2.020453
2.018146
2.015737
2.013263
2.010763
2.008271
2.005824
2.003450
2.001181
1.999040
1.997051
1.995233
1.993602
1.992170
1.990945
1.989933
1.989136
1.988552
1.988178
1.988006
1.988028
1.988231
1.988603
1.989127
1.989789
1.990570
1.991453
1.992417
1.993447
1.994523
1.995626
1.996740
1.997848
1.998935
1.999986
2.000987
2.001930
2.002801
2.003594
2.004301
2.004919
2.005441
2.005867
2.006196
2.006429
2.006568
2.006617
2.006578
2.006460
2.006266
2.006006
2.005684
2.005311
2.004893
2.004441
2.003959
2.003460
2.002948
2.002433
2.001921
2.001420
2.000935
2.000472
2.000035
1.999630
1.999258
1.998925
1.998629
1.998375
1.998161
1.997989
1.997857
1.997765
1.997709
1.997690
1.997703
1.997747
1.997817
1.997912
1.998027
1.998159
1.998303
1.998459
1.998619
1.998784
1.998948
1.999110
1.999265
1.999413
1.999550
1.999676
1.999788
1.999885
1.999966
2.000032
2.000080
2.000112
2.000127
2.000127
2.000112
2.000080
