1.999937
1.999936
1.999938
1.999938
1.999936
1.999937
1.999939
1.999948
1.999962
1.999985
2.000016
2.000057
2.000107
2.000167
2.000237
2.000317
2.000404
2.000500
2.000602
2.000709
2.000819
2.000932
2.001043
2.001152
2.001255
2.001352
2.001439
2.001514
2.001574
2.001619
2.001644
2.001650
2.001632
2.001592
2.001527
2.001437
2.001321
2.001180
2.001012
2.000822
2.000607
2.000372
2.000117
1.999847
1.999563
1.999270
1.998971
1.998671
1.998374
1.998086
1.997810
1.997553
1.997319
1.997114
1.996942
1.996810
1.996720
1.996679
1.996688
1.996752
1.996872
1.997052
1.997292
1.997592
1.997952
1.998370
1.998843
1.999368
1.999940
2.000555
2.001203
2.001880
2.002576
2.003282
2.003987
2.004682
2.005355
2.005995
2.006591
2.007131
2.007603
2.007997
2.008303
2.008511
2.008611
2.008597
2.008462
2.008202
2.007812
2.007293
2.006644
2.005868
2.004969
2.003955
2.002833
2.001615
2.000313
1.998944
1.997522
1.996067
1.994598
1.993137
1.991706
1.990329
1.989029
1.987830
1.986754
1.985828
1.985071
1.984506
1.984151
1.984025
1.984143
1.984516
1.985154
1.986064
1.987246
1.988700
1.990418
1.992391
1.994603
1.997036
1.999664
2.002461
2.005392
2.008422
2.011511
2.014616
2.017691
2.020689
2.023560
2.026255
2.028725
2.030921
2.032796
2.034307
2.035413
2.036078
2.036270
2.035965
2.035142
2.033791
2.031905
2.029489
2.026552
2.023116
2.019206
2.014860
2.010119
2.005036
1.999667
1.994079
1.988340
1.982527
1.976720
1.971002
1.965460
1.960181
1.955252
1.950762
1.946797
1.943439
1.940767
1.938855
1.937770
1.937571
1.938309
1.940021
1.942736
1.946469
1.951219
1.956972
1.963695
1.971342
1.979846
1.989125
1.999077
2.009588
2.020524
2.031738
2.043071
2.054354
2.065409
2.076054
2.086105
2.095378
2.103696
2.110889
2.116798
2.121282
2.124215
2.125493
2.125035
2.122786
2.118716
2.112824
2.105139
2.095716
2.084637
2.072013
2.057980
2.042694
2.026336
2.009102
1.991204
1.972868
1.954328
1.935824
1.917602
1.899909
1.882991
1.867092
1.852452
1.839306
1.827879
1.818394
1.811057
1.806068
1.803608
1.803845
1.806922
1.812959
1.822043
1.834226
1.849513
1.867866
1.889188
1.913324
1.940060
1.969113
2.000142
2.032741
2.066451
2.100762
2.135126
2.168963
2.201676
2.232663
2.261329
2.287101
2.309441
2.327859
2.341921
2.351265
2.355608
2.354751
2.348587
2.337103
2.320382
2.298602
2.272031
2.241023
2.206008
2.167486
2.126011
2.082181
2.036621
1.989971
1.942870
1.895944
1.849791
1.804973
1.762005
1.721357
1.683449
1.648658
1.617324
1.589760
1.566269
1.547154
1.532732
1.523347
1.519370
1.521204
1.529269
1.543986
1.565746
1.594878
1.631607
1.676016
1.728007
1.787275
1.853292
1.925298
2.002313
2.083154
2.166465
2.250752
2.334421
2.415828
2.493314
2.565253
2.630092
2.686390
2.732854
2.768372
2.792038
2.803178
2.801370
2.786455
2.758544
2.718025
2.665553
2.602043
2.528649
2.446743
2.357878
2.263752
2.166159
2.066938
1.967908
1.870815
1.777257
1.688634
1.606085
1.530452
1.462261
1.401718
1.348741
1.303012
1.264051
1.231306
1.204248
1.182469
1.165769
1.154231
1.148281
1.148718
1.156709
1.173743
1.201521
1.241800
1.296187
1.365926
1.451699
1.553497
1.670560
1.801395
1.943852
2.095232
2.252423
2.412019
2.570451
2.724101
2.869402
3.002936
3.121519
3.222274
3.302699
3.360728
3.394776
3.403786
3.387256
3.345262
3.278472
3.188143
3.076113
2.944772
2.797028
2.636252
2.466204
2.290943
2.114713
1.941800
1.776360
1.622222
1.482653
1.360133
1.256137
1.171000
1.103906
1.053032
1.015840
0.989431
0.970901
0.957611
0.947361
0.938486
0.929894
0.921096
0.912241
0.904181
0.898558
0.897893
0.905633
0.926052
0.963944
1.024031
1.110196
1.224780
1.368177
1.538823
1.733467
1.947562
2.175666
2.411783
2.649651
2.882972
3.105605
3.311723
3.495948
3.653473
3.780159
3.872620
3.928302
3.945533
3.923574
3.862644
3.763935
3.629608
3.462777
3.267466
3.048559
2.811714
2.563264
2.310079
2.059385
1.818535
1.594690
1.394401
1.223058
1.084236
0.979042
0.905750
0.860047
0.835962
0.827105
0.827683
0.833023
0.839670
0.845246
0.848221
0.847694
0.843247
0.834877
0.823020
0.808688
0.793695
0.780988
0.774992
0.781839
0.809188
0.865298
0.957344
1.089640
1.262747
1.473725
1.716987
1.985218
2.270118
2.562944
2.854908
3.137467
3.402550
3.642738
3.851417
4.022902
4.152541
4.236803
4.273341
4.261040
4.200042
4.091757
3.938853
3.745216
3.515907
3.257082
2.975893
2.680364
2.379233
2.081745
1.797377
1.535463
1.304651
1.112118
0.962505
0.856725
0.791233
0.758608
0.749579
0.755268
0.768531
0.784280
0.799211
0.811347
0.819599
0.823423
0.822599
0.817120
0.807199
0.793386
0.776803
0.759510
0.744975
0.738570
0.747855
0.782212
0.851331
0.962744
1.119741
1.320936
1.561169
1.832796
2.126762
2.433380
2.742854
3.045654
3.332781
3.595974
3.827872
4.022146
4.173601
4.278262
4.333428
4.337715
4.291072
4.194778
4.051418
3.864842
3.640097
3.383345
3.101755
2.803371
2.496953
2.191780
1.897399
1.623283
1.378364
1.170346
1.004758
0.883776
0.805262
0.762828
0.747472
0.749923
0.762342
0.778930
0.795801
0.810548
0.821794
0.828830
0.831373
0.829435
0.823314
0.813687
0.801806
0.789796
0.781015
0.780391
0.794539
0.831346
0.898759
1.002972
1.146885
1.329626
1.547093
1.792898
2.059272
2.337764
2.619747
2.896777
3.160858
3.404633
3.621541
3.805926
3.953135
4.059576
4.122768
4.141365
4.115164
4.045087
3.933161
3.782462
3.597058
3.381925
3.142850
2.886318
2.619372
2.349456
2.084220
1.831275
1.597892
1.390590
1.214614
1.073300
0.967452
0.894997
0.851264
0.829978
0.824535
0.829025
0.838740
0.850248
0.861250
0.870365
0.876942
0.880939
0.882874
0.883848
0.885615
0.890672
0.902317
0.924584
0.961985
1.019002
1.099393
1.205518
1.337903
1.495178
1.674309
1.870982
2.080026
2.295783
2.512422
2.724183
2.925570
3.111502
3.277429
3.419421
3.534236
3.619370
3.673084
3.694419
3.683200
3.640020
3.566215
3.463824
3.335540
3.184647
3.014949
2.830684
2.636429
2.436987
2.237265
2.042130
1.856237
1.683843
1.528587
1.393258
1.279575
1.188027
1.117840
1.067111
1.033125
1.012769
1.002951
1.000920
1.004473
1.012043
1.022712
1.036175
1.052685
1.072979
1.098194
1.129752
1.169231
1.218200
1.278035
1.349749
1.433838
1.530184
1.638028
1.755991
1.882157
2.014173
2.149381
2.284934
2.417917
2.545455
2.664798
2.773408
2.869015
2.949677
3.013810
3.060225
3.088138
3.097186
3.087418
3.059291
3.013653
2.951711
2.875010
2.785384
2.684920
2.575901
2.460753
2.341983
2.222112
2.103604
1.988792
1.879807
1.778500
1.686385
1.604582
1.533795
1.474309
1.426018
1.388494
1.361067
1.342922
1.333202
1.331081
1.335833
1.346870
1.363748
1.386163
1.413929
1.446935
1.485106
1.528362
1.576568
1.629506
1.686842
1.748113
1.812716
1.879914
1.948849
2.018559
2.088011
2.156121
2.221793
2.283948
2.341551
2.393644
2.439368
2.477984
2.508891
2.531642
2.545949
2.551691
2.548911
2.537821
2.518786
2.492319
2.459066
2.419793
2.375359
2.326703
2.274816
2.220721
2.165441
2.109984
2.055310
2.002316
1.951811
1.904504
1.860990
1.821743
1.787117
1.757347
1.732558
1.712776
1.697944
1.687937
1.682576
1.681643
1.684895
1.692068
1.702888
1.717074
1.734338
1.754384
1.776907
1.801593
1.828117
1.856137
1.885300
1.915241
1.945580
1.975934
2.005915
2.035138
2.063225
2.089813
2.114562
2.137157
2.157318
2.174804
2.189415
2.201004
2.209468
2.214762
2.216889
2.215905
2.211917
2.205080
2.195590
2.183683
2.169629
2.153724
2.136286
2.117644
2.098138
2.078105
2.057877
2.037773
2.018093
1.999116
1.981093
1.964247
1.948765
1.934807
1.922493
1.911916
1.903134
1.896175
1.891041
1.887707
1.886126
1.886229
1.887931
1.891131
1.895715
1.901557
1.908523
1.916473
1.925258
1.934729
1.944733
1.955117
1.965729
1.976419
1.987041
1.997457
2.007532
2.017144
2.026179
2.034533
2.042117
2.048855
2.054684
2.059557
2.063441
2.066320
2.068191
2.069069
2.068979
2.067964
2.066075
2.063378
2.059944
2.055856
2.051202
2.046074
2.040567
2.034781
2.028809
2.022750
2.016692
2.010725
2.004928
1.999377
1.994139
1.989272
1.984827
1.980846
1.977361
1.974395
1.971962
1.970070
1.968716
1.967892
1.967580
1.967760
1.968401
1.969473
1.970936
1.972752
1.974875
1.977262
1.979865
1.982638
1.985533
1.988504
1.991504
1.994492
1.997425
2.000266
2.002979
2.005532
2.007897
2.010050
2.011970
2.013643
2.015057
2.016204
2.017080
2.017688
2.018031
2.018119
2.017962
2.017574
2.016973
2.016179
2.015211
2.014094
2.012849
2.011502
2.010077
2.008598
2.007089
2.005573
2.004070
2.002603
2.001190
1.999847
1.998590
1.997432
1.996383
1.995452
1.994646
1.993969
1.993422
1.993007
1.992721
1.992563
1.992524
1.992601
1.992784
1.993067
1.993436
1.993885
1.994399
1.994971
1.995586
1.996235
1.996905
1.997587
1.998268
1.998941
1.999594
2.000222
2.000815
2.001367
2.001872
2.002327
2.002726
2.003069
2.003352
2.003576
2.003740
2.003846
2.003894
2.003890
2.003833
2.003730
2.003583
2.003399
2.003180
2.002934
2.002663
2.002376
2.002074
2.001766
2.001453
2.001143
2.000838
2.000544
2.000262
1.999998
1.999752
1.999529
1.999328
1.999152
1.999001
1.998877
1.998777
1.998705
1.998655
1.998630
1.998626
1.998644
1.998678
1.998731
1.998796
1.998875
1.998961
1.999056
1.999154
1.999257
1.999358
1.999459
1.999555
1.999647
1.999732
1.999810
1.999878
1.999939
1.999988
2.000030
2.000061
2.000085
2.000099
2.000108
2.000111
2.000111
2.000109
2.000109
2.000111
2.000111
