1.999970
1.999977
1.999982
1.999982
1.999977
1.999970
1.999962
1.999954
1.999947
1.999942
1.999940
1.999941
1.999945
1.999953
1.999965
1.999981
1.999999
2.000021
2.000046
2.000073
2.000102
2.000132
2.000163
2.000195
2.000226
2.000256
2.000284
2.000311
2.000334
2.000354
2.000370
2.000382
2.000389
2.000391
2.000387
2.000378
2.000362
2.000340
2.000312
2.000278
2.000237
2.000191
2.000139
2.000082
2.000021
1.999956
1.999887
1.999817
1.999746
1.999674
1.999603
1.999535
1.999469
1.999408
1.999353
1.999305
1.999264
1.999234
1.999213
1.999204
1.999208
1.999224
1.999254
1.999298
1.999356
1.999429
1.999516
1.999616
1.999730
1.999856
1.999993
2.000139
2.000294
2.000455
2.000620
2.000787
2.000954
2.001118
2.001277
2.001427
2.001566
2.001691
2.001799
2.001889
2.001957
2.002001
2.002019
2.002009
2.001970
2.001901
2.001801
2.001670
2.001508
2.001315
2.001094
2.000845
2.000571
2.000275
1.999960
1.999629
1.999287
1.998938
1.998588
1.998241
1.997902
1.997579
1.997275
1.996997
1.996751
1.996541
1.996374
1.996254
1.996185
1.996172
1.996218
1.996325
1.996496
1.996732
1.997032
1.997396
1.997823
1.998309
1.998851
1.999443
2.000079
2.000754
2.001458
2.002183
2.002919
2.003655
2.004381
2.005085
2.005755
2.006380
2.006947
2.007444
2.007862
2.008189
2.008415
2.008533
2.008535
2.008414
2.008168
2.007793
2.007289
2.006657
2.005901
2.005027
2.004042
2.002955
2.001777
2.000524
1.999208
1.997847
1.996459
1.995063
1.993679
1.992327
1.991029
1.989805
1.988677
1.987665
1.986789
1.986069
1.985522
1.985165
1.985010
1.985072
1.985360
1.985881
1.986640
1.987638
1.988873
1.990340
1.992030
1.993930
1.996023
1.998289
2.000703
2.003237
2.005859
2.008535
2.011225
2.013890
2.016488
2.018974
2.021305
2.023436
2.025325
2.026931
2.028215
2.029143
2.029685
2.029815
2.029517
2.028775
2.027587
2.025952
2.023880
2.021388
2.018498
2.015243
2.011657
2.007785
2.003675
1.999377
1.994949
1.990449
1.985938
1.981477
1.977130
1.972957
1.969021
1.965379
1.962089
1.959206
1.956780
1.954861
1.953490
1.952710
1.952553
1.953051
1.954227
1.956099
1.958677
1.961965
1.965957
1.970636
1.975976
1.981940
1.988478
1.995525
2.003005
2.010829
2.018892
2.027080
2.035266
2.043315
2.051083
2.058425
2.065194
2.071246
2.076443
2.080658
2.083779
2.085711
2.086377
2.085728
2.083736
2.080401
2.075748
2.069828
2.062717
2.054514
2.045336
2.035317
2.024605
2.013357
2.001735
1.989904
1.978027
1.966262
1.954763
1.943674
1.933128
1.923250
1.914153
1.905940
1.898706
1.892535
1.887508
1.883696
1.881170
1.879996
1.880235
1.881951
1.885201
1.890038
1.896512
1.904659
1.914502
1.926047
1.939272
1.954123
1.970511
1.988301
2.007312
2.027309
2.048008
2.069077
2.090136
2.110771
2.130543
2.149000
2.165691
2.180184
2.192081
2.201034
2.206759
2.209044
2.207765
2.202884
2.194456
2.182625
2.167618
2.149738
2.129351
2.106870
2.082742
2.057432
2.031403
2.005106
1.978962
1.953355
1.928624
1.905056
1.882887
1.862303
1.843444
1.826408
1.811263
1.798050
1.786792
1.777508
1.770213
1.764934
1.761711
1.760606
1.761710
1.765143
1.771057
1.779639
1.791097
1.805659
1.823549
1.844974
1.870091
1.898983
1.931623
1.967847
2.007330
2.049568
2.093874
2.139390
2.185104
2.229884
2.272529
2.311811
2.346536
2.375598
2.398028
2.413041
2.420076
2.418818
2.409216
2.391487
2.366105
2.333781
2.295431
2.252129
2.205062
2.155470
2.104591
2.053606
2.003586
1.955455
1.909964
1.867672
1.828953
1.794004
1.762875
1.735494
1.711702
1.691285
1.674001
1.659608
1.647875
1.638606
1.631643
1.626881
1.624273
1.623846
1.625708
1.630065
1.637231
1.647635
1.661826
1.680457
1.704261
1.733996
1.770372
1.813966
1.865110
1.923800
1.989611
2.061646
2.138529
2.218444
2.299205
2.378370
2.453367
2.521627
2.580720
2.628476
2.663096
2.683235
2.688068
2.677330
2.651328
2.610933
2.557538
2.492997
2.419534
2.339635
2.255917
2.170990
2.087314
2.007064
1.932023
1.863501
1.802310
1.748776
1.702803
1.663963
1.631607
1.604968
1.583256
1.565719
1.551697
1.540632
1.532081
1.525702
1.521250
1.518566
1.517575
1.518291
1.520834
1.525455
1.532571
1.542794
1.556961
1.576144
1.601619
1.634805
1.677134
1.729883
1.793963
1.869714
1.956737
2.053793
2.158803
2.268936
2.380769
2.490497
2.594166
2.687893
2.768086
2.831616
2.875977
2.899393
2.900900
2.880391
2.838618
2.777166
2.698385
2.605282
2.501385
2.390560
2.276809
2.164030
2.055786
1.955079
1.864168
1.784460
1.716497
1.660037
1.614223
1.577788
1.549280
1.527245
1.510356
1.497497
1.487786
1.480564
1.475369
1.471893
1.469947
1.469436
1.470339
1.472715
1.476718
1.482625
1.490884
1.502152
1.517341
1.537635
1.564467
1.599450
1.644238
1.700320
1.768774
1.850029
1.943657
2.048272
2.161537
2.280277
2.400678
2.518533
2.629506
2.729386
2.814314
2.880977
2.926768
2.949896
2.949464
2.925508
2.878989
2.811760
2.726479
2.626494
2.515681
2.398256
2.278537
2.160698
2.048505
1.945078
1.852696
1.772693
1.705455
1.650527
1.606820
1.572844
1.546958
1.527563
1.513240
1.502820
1.495405
1.490346
1.487213
1.485743
1.485806
1.487371
1.490494
1.495310
1.502043
1.511032
1.522747
1.537821
1.557057
1.581427
1.612032
1.650026
1.696496
1.752315
1.817977
1.893435
1.977997
2.070270
2.168190
2.269110
2.369955
2.467396
2.558051
2.638670
2.706311
2.758484
2.793275
2.809424
2.806387
2.784353
2.744235
2.687628
2.616734
2.534256
2.443272
2.347074
2.248989
2.152202
2.059566
1.973448
1.895604
1.827124
1.768435
1.719374
1.679316
1.647324
1.622308
1.603156
1.588838
1.578463
1.571314
1.566850
1.564691
1.564602
1.566469
1.570278
1.576102
1.584092
1.594473
1.607540
1.623654
1.643234
1.666742
1.694658
1.727434
1.765449
1.808948
1.857975
1.912318
1.971467
2.034588
2.100532
2.167860
2.234908
2.299858
2.360831
2.415979
2.463580
2.502123
2.530382
2.547472
2.552892
2.546547
2.528750
2.500206
2.461978
2.415435
2.362188
2.304007
2.242737
2.180207
2.118141
2.058080
2.001314
1.948845
1.901363
1.859259
1.822647
1.791418
1.765296
1.743895
1.726776
1.713495
1.703634
1.696827
1.692776
1.691247
1.692079
1.695171
1.700477
1.707998
1.717773
1.729866
1.744359
1.761336
1.780874
1.803026
1.827806
1.855171
1.885007
1.917114
1.951198
1.986859
2.023599
2.060823
2.097854
2.133958
2.168364
2.200296
2.229005
2.253799
2.274077
2.289348
2.299259
2.303608
2.302352
2.295609
2.283653
2.266898
2.245884
2.221250
2.193708
2.164008
2.132915
2.101172
2.069478
2.038462
2.008669
1.980550
1.954453
1.930632
1.909249
1.890388
1.874068
1.860256
1.848886
1.839867
1.833096
1.828469
1.825882
1.825242
1.826461
1.829463
1.834178
1.840540
1.848486
1.857951
1.868863
1.881140
1.894686
1.909385
1.925104
1.941682
1.958939
1.976667
1.994639
2.012607
2.030307
2.047468
2.063813
2.079072
2.092987
2.105320
2.115859
2.124432
2.130902
2.135181
2.137229
2.137053
2.134713
2.130311
2.123994
2.115947
2.106382
2.095538
2.083666
2.071028
2.057883
2.044484
2.031070
2.017862
2.005059
1.992836
1.981340
1.970696
1.960999
1.952323
1.944720
1.938221
1.932844
1.928588
1.925443
1.923388
1.922393
1.922422
1.923430
1.925369
1.928186
1.931820
1.936208
1.941279
1.946960
1.953170
1.959826
1.966837
1.974110
1.981549
1.989054
1.996524
2.003860
2.010962
2.017734
2.024086
2.029934
2.035202
2.039825
2.043747
2.046927
2.049336
2.050959
2.051793
2.051853
2.051163
2.049761
2.047696
2.045027
2.041820
2.038149
2.034092
2.029728
2.025140
2.020409
2.015612
2.010825
2.006119
2.001558
1.997201
1.993100
1.989300
1.985838
1.982744
1.980043
1.977752
1.975879
1.974430
1.973404
1.972793
1.972587
1.972769
1.973320
1.974217
1.975433
1.976939
1.978704
1.980693
1.982872
1.985205
1.987654
1.990182
1.992752
1.995327
1.997872
2.000352
2.002736
2.004994
2.007098
2.009025
2.010754
2.012267
2.013551
2.014598
2.015401
2.015958
2.016272
2.016348
2.016196
2.015828
2.015258
2.014505
2.013588
2.012527
2.011345
2.010065
2.008710
2.007304
2.005870
2.004429
2.003002
2.001609
2.000269
1.998997
1.997809
1.996715
1.995728
1.994856
1.994104
1.993477
1.992977
1.992605
1.992360
1.992238
1.992234
1.992344
1.992559
1.992871
1.993271
1.993749
1.994295
1.994898
1.995545
1.996227
1.996931
1.997647
1.998364
1.999072
1.999761
2.000422
2.001048
2.001631
2.002164
2.002644
2.003064
2.003424
2.003719
2.003950
2.004116
2.004217
2.004257
2.004237
2.004161
2.004033
2.003856
2.003637
2.003381
2.003093
2.002779
2.002445
2.002097
2.001740
2.001380
2.001022
2.000672
2.000333
2.000011
1.999708
1.999428
1.999173
1.998946
1.998749
1.998581
1.998445
1.998341
1.998267
1.998223
1.998209
1.998222
1.998261
1.998324
1.998408
1.998512
1.998631
1.998765
1.998910
1.999063
1.999222
1.999384
1.999547
1.999708
1.999864
2.000015
2.000157
2.000291
2.000413
2.000523
2.000620
2.000704
2.000773
2.000828
2.000869
2.000896
2.000909
2.000910
2.000898
2.000875
2.000841
2.000798
2.000747
2.000690
2.000626
2.000558
2.000486
2.000413
2.000339
2.000265
2.000192
2.000122
2.000055
1.999992
1.999932
1.999879
1.999830
1.999788
1.999752
1.999722
1.999698
1.999681
1.999670
1.999665
1.999665
1.999671
1.999681
1.999696
1.999715
1.999737
1.999762
1.999790
1.999818
1.999848
1.999877
1.999907
1.999936
1.999963
1.999988
2.000011
2.000031
2.000048
2.000060
2.000070
2.000075
2.000078
2.000076
2.000073
2.000066
2.000059
2.000050
2.000043
2.000038
2.000038
2.000043
2.000050
