2.000003
1.999966
1.999948
1.999948
1.999966
2.000003
2.000058
2.000132
2.000224
2.000334
2.000460
2.000601
2.000757
2.000924
2.001102
2.001287
2.001476
2.001669
2.001859
2.002046
2.002225
2.002393
2.002545
2.002680
2.002792
2.002879
2.002938
2.002965
2.002957
2.002913
2.002829
2.002706
2.002541
2.002335
2.002087
2.001798
2.001470
2.001106
2.000707
2.000279
1.999825
1.999351
1.998862
1.998365
1.997866
1.997374
1.996896
1.996440
1.996015
1.995629
1.995291
1.995009
1.994791
1.994644
1.994576
1.994592
1.994699
1.994900
1.995198
1.995596
1.996094
1.996692
1.997386
1.998173
1.999046
2.000000
2.001024
2.002109
2.003241
2.004408
2.005594
2.006784
2.007959
2.009103
2.010197
2.011221
2.012157
2.012987
2.013691
2.014253
2.014656
2.014886
2.014929
2.014774
2.014412
2.013838
2.013048
2.012042
2.010822
2.009395
2.007770
2.005962
2.003985
2.001862
1.999614
1.997269
1.994855
1.992407
1.989957
1.987543
1.985203
1.982977
1.980903
1.979023
1.977374
1.975997
1.974925
1.974194
1.973834
1.973872
1.974330
1.975227
1.976573
1.978375
1.980631
1.983336
1.986474
1.990024
1.993955
1.998233
2.002812
2.007643
2.012668
2.017825
2.023044
2.028254
2.033377
2.038335
2.043046
2.047430
2.051406
2.054897
2.057827
2.060127
2.061732
2.062586
2.062639
2.061854
2.060200
2.057663
2.054235
2.049926
2.044756
2.038760
2.031986
2.024496
2.016365
2.007681
1.998543
1.989064
1.979363
1.969573
1.959830
1.950279
1.941068
1.932349
1.924272
1.916988
1.910643
1.905378
1.901324
1.898603
1.897323
1.897578
1.899441
1.902970
1.908197
1.915133
1.923761
1.934041
1.945902
1.959249
1.973956
1.989873
2.006820
2.024595
2.042975
2.061714
2.080550
2.099210
2.117410
2.134861
2.151273
2.166362
2.179849
2.191472
2.200985
2.208165
2.212816
2.214771
2.213900
2.210108
2.203340
2.193583
2.180869
2.165271
2.146909
2.125945
2.102584
2.077072
2.049692
2.020765
1.990639
1.959696
1.928336
1.896982
1.866068
1.836040
1.807346
1.780436
1.755752
1.733727
1.714779
1.699302
1.687668
1.680212
1.677233
1.678984
1.685665
1.697414
1.714303
1.736330
1.763412
1.795382
1.831983
1.872872
1.917617
1.965702
2.016532
2.069444
2.123708
2.178547
2.233146
2.286660
2.338237
2.387024
2.432186
2.472921
2.508468
2.538130
2.561278
2.577370
2.585958
2.586699
2.579363
2.563840
2.540142
2.508412
2.468916
2.422051
2.368329
2.308385
2.242953
2.172869
2.099047
2.022470
1.944166
1.865199
1.786640
1.709553
1.634971
1.563888
1.497232
1.435867
1.380583
1.332097
1.291064
1.258090
1.233743
1.218568
1.213095
1.217833
1.233254
1.259764
1.297660
1.347090
1.408007
1.480136
1.562956
1.655691
1.757314
1.866568
1.981986
2.101920
2.224578
2.348057
2.470376
2.589518
2.703464
2.810229
2.907898
2.994661
3.068849
3.128962
3.173701
3.201995
3.213026
3.206250
3.181416
3.138576
3.078094
3.000657
2.907262
2.799219
2.678131
2.545878
2.404589
2.256605
2.104441
1.950729
1.798157
1.649393
1.507003
1.373345
1.250463
1.139970
1.042947
0.959856
0.890525
0.834195
0.789669
0.755544
0.730482
0.713495
0.704180
0.702889
0.710797
0.729838
0.762497
0.811456
0.879160
0.967414
1.077106
1.208108
1.359328
1.528831
1.714000
1.911686
2.118345
2.330156
2.543124
2.753176
2.956247
3.148357
3.325689
3.484659
3.621985
3.734745
3.820439
3.877041
3.903040
3.897485
3.860013
3.790871
3.690937
3.561716
3.405347
3.224578
3.022750
2.803755
2.571991
2.332300
2.089887
1.850225
1.618927
1.401575
1.203498
1.029454
0.883195
0.766919
0.680682
0.622051
0.586353
0.567624
0.559819
0.557727
0.557370
0.556045
0.552218
0.545418
0.536224
0.526385
0.519049
0.519045
0.532988
0.568808
0.634370
0.735544
0.874950
1.051966
1.263475
1.504673
1.769689
2.052009
2.344768
2.640965
2.933633
3.215983
3.481528
3.724202
3.938469
4.119410
4.262823
4.365290
4.424251
4.438053
4.405998
4.328368
4.206443
4.042503
3.839813
3.602594
3.335984
3.045977
2.739351
2.423572
2.106689
1.797187
1.503816
1.235337
1.000146
0.805655
0.657237
0.556591
0.499945
0.477920
0.478641
0.491477
0.508665
0.525227
0.538241
0.546143
0.548183
0.544110
0.534024
0.518418
0.498400
0.476147
0.455633
0.443603
0.450402
0.489479
0.573872
0.711030
0.901360
1.140295
1.420410
1.732866
2.068107
2.416382
2.767966
3.113443
3.443820
3.750744
4.026575
4.264574
4.458940
4.604974
4.699089
4.738934
4.723375
4.652589
4.528003
4.352354
4.129592
3.864904
3.564579
3.236000
2.887471
2.528169
2.167940
1.817197
1.486649
1.187084
0.928862
0.721199
0.570605
0.478288
0.436959
0.431671
0.446677
0.470151
0.494745
0.516425
0.533236
0.544367
0.549570
0.548798
0.542065
0.529433
0.511198
0.488231
0.462629
0.438674
0.424182
0.431664
0.477574
0.576858
0.736007
0.953011
1.220809
1.529829
1.869444
2.228638
2.596484
2.962356
3.316195
3.648618
3.951123
4.216158
4.437279
4.609189
4.727865
4.790553
4.795861
4.743720
4.635433
4.473603
4.262141
4.006159
3.711941
3.386800
3.039021
2.677678
2.312548
1.953889
1.612299
1.298412
1.022592
0.794280
0.620940
0.505925
0.445481
0.427287
0.435365
0.456334
0.481233
0.504876
0.524502
0.538819
0.547257
0.549627
0.545877
0.536130
0.520786
0.500908
0.478752
0.458657
0.448085
0.458413
0.503951
0.597562
0.745320
0.946015
1.193680
1.479853
1.794942
2.128955
2.471933
2.814218
3.146658
3.460754
3.748795
4.003955
4.220388
4.393296
4.518982
4.594885
4.619608
4.592911
4.515705
4.390018
4.218957
4.006640
3.758129
3.479338
3.176938
2.858239
2.531078
2.203668
1.884456
1.581936
1.304425
1.059747
0.854753
0.694517
0.581099
0.512010
0.479607
0.473046
0.481756
0.497476
0.514595
0.529603
0.540490
0.546251
0.546636
0.542061
0.533724
0.523858
0.516140
0.516090
0.531232
0.570425
0.642049
0.751641
0.900700
1.087103
1.306208
1.551881
1.817201
2.094935
2.377841
2.658880
2.931371
3.189112
3.426472
3.638471
3.820839
3.970061
4.083412
4.158974
4.195650
4.193151
4.151987
4.073436
3.959508
3.812895
3.636917
3.435456
3.212880
2.973966
2.723813
2.467750
2.211230
1.959727
1.718609
1.492996
1.287583
1.106422
0.952625
0.828007
0.732701
0.664887
0.620891
0.595782
0.584305
0.581749
0.584485
0.590171
0.597762
0.607444
0.620538
0.639379
0.667106
0.707318
0.763567
0.838791
0.934835
1.052202
1.190067
1.346468
1.518569
1.702930
1.895735
2.092985
2.290643
2.484761
2.671568
2.847554
3.009523
3.154648
3.280502
3.385092
3.466874
3.524762
3.558133
3.566821
3.551104
3.511688
3.449679
3.366556
3.264138
3.144540
3.010133
2.863502
2.707388
2.544646
2.378185
2.210919
2.045703
1.885280
1.732216
1.588838
1.457167
1.338860
1.235141
1.146770
1.074016
1.016684
0.974189
0.945674
0.930159
0.926696
0.934482
0.952932
0.981679
1.020529
1.069376
1.128106
1.196501
1.274172
1.360506
1.454655
1.555535
1.661856
1.772159
1.884857
1.998284
2.110741
2.220538
2.326034
2.425674
2.518018
2.601766
2.675785
2.739119
2.791007
2.830885
2.858400
2.873400
2.875938
2.866265
2.844817
2.812206
2.769206
2.716733
2.655832
2.587650
2.513421
2.434440
2.352041
2.267574
2.182383
2.097778
2.015021
1.935293
1.859687
1.789180
1.724623
1.666728
1.616060
1.573035
1.537922
1.510849
1.491816
1.480703
1.477294
1.481286
1.492305
1.509917
1.533640
1.562948
1.597279
1.636036
1.678593
1.724297
1.772479
1.822447
1.873508
1.924963
1.976123
2.026315
2.074893
2.121242
2.164793
2.205026
2.241480
2.273757
2.301528
2.324536
2.342600
2.355614
2.363548
2.366446
2.364426
2.357674
2.346438
2.331028
2.311803
2.289168
2.263568
2.235473
2.205379
2.173790
2.141221
2.108175
2.075150
2.042619
2.011033
1.980807
1.952319
1.925903
1.901849
1.880394
1.861728
1.845989
1.833265
1.823596
1.816974
1.813350
1.812633
1.814697
1.819384
1.826506
1.835856
1.847201
1.860297
1.874886
1.890704
1.907480
1.924945
1.942829
1.960873
1.978822
1.996435
2.013484
2.029760
2.045069
2.059242
2.072128
2.083603
2.093565
2.101937
2.108667
2.113730
2.117122
2.118865
2.119002
2.117598
2.114736
2.110517
2.105057
2.098486
2.090942
2.082575
2.073535
2.063980
2.054066
2.043949
2.033778
2.023700
2.013849
2.004354
1.995329
1.986879
1.979094
1.972050
1.965807
1.960415
1.955904
1.952295
1.949590
1.947782
1.946849
1.946760
1.947472
1.948934
1.951087
1.953865
1.957196
1.961006
1.965215
1.969747
1.974518
1.979452
1.984470
1.989498
1.994463
1.999302
2.003950
2.008353
2.012461
2.016232
2.019628
2.022622
2.025189
2.027317
2.028996
2.030226
2.031010
2.031361
2.031293
2.030831
2.029998
2.028826
2.027347
2.025598
2.023615
2.021440
2.019110
2.016668
2.014152
2.011601
2.009050
2.006538
2.004095
2.001752
1.999534
1.997468
1.995572
1.993863
1.992354
1.991056
1.989974
1.989111
1.988466
1.988037
1.987815
1.987794
1.987960
1.988302
1.988803
1.989448
1.990218
1.991096
1.992063
1.993100
1.994188
1.995308
1.996443
1.997577
1.998691
1.999772
2.000806
2.001783
2.002688
2.003517
2.004258
2.004910
2.005465
2.005923
2.006281
2.006541
2.006704
2.006775
2.006756
2.006654
2.006473
2.006223
2.005908
2.005539
2.005122
2.004668
2.004182
2.003676
2.003155
2.002629
2.002104
2.001589
2.001088
2.000609
2.000155
1.999732
1.999343
1.998991
1.998679
1.998408
1.998178
1.997991
1.997845
1.997740
1.997673
1.997643
1.997648
1.997684
1.997749
1.997840
1.997952
1.998082
1.998227
1.998384
1.998547
1.998715
1.998884
1.999051
1.999212
1.999366
1.999510
1.999642
1.999760
1.999864
1.999950
2.000021
2.000073
2.000108
2.000124
2.000124
2.000108
2.000073
