1.999960
1.999940
1.999932
1.999932
1.999940
1.999960
1.999991
2.000035
2.000092
2.000162
2.000246
2.000344
2.000454
2.000577
2.000710
2.000853
2.001004
2.001160
2.001319
2.001480
2.001639
2.001793
2.001939
2.002075
2.002196
2.002301
2.002384
2.002446
2.002480
2.002486
2.002461
2.002403
2.002310
2.002182
2.002017
2.001817
2.001580
2.001309
2.001004
2.000669
2.000306
1.999920
1.999513
1.999093
1.998662
1.998229
1.997798
1.997377
1.996973
1.996594
1.996246
1.995938
1.995676
1.995468
1.995320
1.995240
1.995231
1.995299
1.995449
1.995683
1.996003
1.996411
1.996905
1.997485
1.998145
1.998884
1.999693
2.000566
2.001492
2.002464
2.003468
2.004492
2.005521
2.006542
2.007537
2.008493
2.009391
2.010216
2.010950
2.011578
2.012084
2.012455
2.012677
2.012738
2.012628
2.012339
2.011866
2.011206
2.010356
2.009322
2.008105
2.006717
2.005165
2.003467
2.001637
1.999697
1.997669
1.995580
1.993455
1.991326
1.989224
1.987182
1.985234
1.983415
1.981758
1.980300
1.979072
1.978106
1.977432
1.977078
1.977065
1.977416
1.978145
1.979264
1.980777
1.982687
1.984985
1.987662
1.990697
1.994068
1.997741
2.001681
2.005842
2.010176
2.014627
2.019138
2.023643
2.028077
2.032369
2.036451
2.040250
2.043696
2.046721
2.049260
2.051251
2.052639
2.053373
2.053412
2.052722
2.051278
2.049066
2.046083
2.042335
2.037842
2.032635
2.026756
2.020259
2.013210
2.005686
1.997773
1.989568
1.981176
1.972708
1.964286
1.956030
1.948071
1.940536
1.933556
1.927259
1.921772
1.917215
1.913701
1.911336
1.910213
1.910414
1.912005
1.915035
1.919537
1.925519
1.932972
1.941861
1.952129
1.963691
1.976443
1.990252
2.004963
2.020398
2.036361
2.052635
2.068990
2.085181
2.100957
2.116061
2.130237
2.143231
2.154799
2.164708
2.172744
2.178711
2.182442
2.183795
2.182661
2.178966
2.172671
2.163775
2.152317
2.138373
2.122060
2.103531
2.082977
2.060619
2.036714
2.011544
1.985419
1.958666
1.931633
1.904678
1.878172
1.852487
1.828000
1.805085
1.784111
1.765437
1.749412
1.736367
1.726615
1.720446
1.718118
1.719857
1.725846
1.736221
1.751063
1.770389
1.794147
1.822209
1.854367
1.890331
1.929728
1.972103
2.016925
2.063594
2.111448
2.159772
2.207817
2.254805
2.299949
2.342464
2.381587
2.416584
2.446771
2.471523
2.490292
2.502611
2.508111
2.506525
2.497698
2.481589
2.458276
2.427954
2.390938
2.347651
2.298627
2.244494
2.185968
2.123836
2.058946
1.992184
1.924460
1.856690
1.789776
1.724590
1.661960
1.602660
1.547399
1.496825
1.451524
1.412032
1.378850
1.352459
1.333336
1.321968
1.318857
1.324510
1.339424
1.364048
1.398746
1.443745
1.499091
1.564607
1.639869
1.724192
1.816632
1.916002
2.020895
2.129718
2.240730
2.352077
2.461838
2.568063
2.668815
2.762206
2.846440
2.919844
2.980905
3.028299
3.060923
3.077915
3.078680
3.062905
3.030574
2.981973
2.917697
2.838644
2.746007
2.641259
2.526132
2.402584
2.272766
2.138971
2.003583
1.869009
1.737608
1.611607
1.493011
1.383514
1.284411
1.196536
1.120220
1.055305
1.001207
0.957039
0.921778
0.894452
0.874335
0.861116
0.855030
0.856927
0.868278
0.891068
0.927600
0.980189
1.050826
1.140865
1.250814
1.380258
1.527895
1.691639
1.868768
2.056060
2.249934
2.446571
2.642021
2.832305
3.013503
3.181836
3.333743
3.465950
3.575537
3.659998
3.717290
3.745884
3.744803
3.713651
3.652639
3.562595
3.444973
3.301844
3.135880
2.950322
2.748948
2.536006
2.316152
2.094355
1.875779
1.665637
1.468992
1.290512
1.134139
1.002707
0.897527
0.818070
0.761928
0.725177
0.703083
0.690881
0.684371
0.680224
0.676077
0.670514
0.663033
0.654063
0.645050
0.638624
0.638774
0.650911
0.681571
0.737563
0.824629
0.946222
1.103000
1.293079
1.512624
1.756453
2.018523
2.292285
2.570949
2.847691
3.115819
3.368914
3.600956
3.806438
3.980465
4.118846
4.218173
4.275884
4.290329
4.260800
4.187572
4.071908
3.916070
3.723295
3.497770
3.244588
2.969682
2.679744
2.382126
2.084709
1.795739
1.523607
1.276531
1.062083
0.886469
0.753461
0.663110
0.610901
0.588498
0.586162
0.595129
0.608727
0.622420
0.633370
0.639933
0.641256
0.637006
0.627261
0.612539
0.593994
0.573794
0.555683
0.545677
0.552586
0.587611
0.662104
0.783944
0.955394
1.173721
1.432831
1.724713
2.040335
2.370251
2.704943
3.035109
3.351852
3.646865
3.912555
4.142199
4.330027
4.471341
4.562570
4.601359
4.586586
4.518413
4.398273
4.228884
4.014193
3.759357
3.470652
3.155409
2.821890
2.479184
2.137030
1.805647
1.495467
1.216786
0.979179
0.790543
0.655448
0.572924
0.534965
0.528629
0.540838
0.561451
0.583799
0.603956
0.619842
0.630472
0.635447
0.634644
0.628066
0.615859
0.598450
0.576888
0.553377
0.532073
0.520041
0.528007
0.569664
0.658182
0.801129
0.998775
1.245935
1.534263
1.853845
2.194108
2.544368
2.894172
3.233553
3.553207
3.844668
4.100426
4.314050
4.480268
4.595058
4.655682
4.660743
4.610181
4.505288
4.348671
4.144223
3.897050
3.613409
3.300592
2.966832
2.621154
2.273232
1.933191
1.611393
1.318111
1.063073
0.854687
0.698750
0.596456
0.542444
0.525259
0.531528
0.549941
0.572595
0.594602
0.613199
0.626955
0.635199
0.637665
0.634328
0.625382
0.611377
0.593517
0.574135
0.557354
0.549824
0.561161
0.603167
0.687020
0.819462
1.001231
1.228201
1.493215
1.787509
2.101610
2.425882
2.750876
3.067577
3.367580
3.643239
3.887774
4.095374
4.261264
4.381765
4.454329
4.477568
4.451246
4.376275
4.254682
4.089568
3.885040
3.646143
3.378766
3.089546
2.785742
2.475112
2.165760
1.865963
1.583952
1.327639
1.104209
0.919533
0.777292
0.677889
0.617589
0.588883
0.582467
0.589560
0.603209
0.618513
0.632298
0.642689
0.648753
0.650297
0.647799
0.642479
0.636482
0.633140
0.637201
0.654843
0.693194
0.759162
0.857882
0.991587
1.159432
1.358056
1.582361
1.826197
2.082881
2.345562
2.607478
2.862152
3.103529
3.326092
3.524946
3.695886
3.835451
3.940956
4.010519
4.043065
4.038330
3.996838
3.919877
3.809462
3.668287
3.499666
3.307466
3.096032
2.870105
2.634730
2.395153
2.156716
1.924725
1.704311
1.500255
1.316780
1.157293
1.024083
0.918011
0.838291
0.782494
0.746894
0.727107
0.718802
0.718260
0.722686
0.730325
0.740448
0.753290
0.769953
0.792290
0.822724
0.863992
0.918815
0.989512
1.077661
1.183871
1.307703
1.447741
1.601736
1.766814
1.939661
2.116706
2.294277
2.468725
2.636528
2.794382
2.939265
3.068495
3.179769
3.271200
3.341333
3.389162
3.414132
3.416136
3.395502
3.352981
3.289714
3.207213
3.107313
2.992146
2.864084
2.725701
2.579715
2.428935
2.276204
2.124337
1.976052
1.833912
1.700243
1.577072
1.466053
1.368414
1.284907
1.215802
1.160913
1.119669
1.091222
1.074585
1.068767
1.072877
1.086206
1.108248
1.138683
1.177335
1.224099
1.278865
1.341446
1.411523
1.488596
1.571971
1.660754
1.753866
1.850071
1.948008
2.046232
2.143259
2.237595
2.327787
2.412448
2.490295
2.560170
2.621066
2.672143
2.712743
2.742395
2.760826
2.767957
2.763905
2.748970
2.723634
2.688542
2.644492
2.592411
2.533345
2.468428
2.398869
2.325918
2.250850
2.174934
2.099414
2.025477
1.954237
1.886708
1.823792
1.766254
1.714724
1.669681
1.631460
1.600252
1.576121
1.559015
1.548782
1.545190
1.547944
1.556696
1.571065
1.590634
1.614965
1.643596
1.676044
1.711806
1.750359
1.791160
1.833651
1.877261
1.921410
1.965519
2.009012
2.051326
2.091924
2.130292
2.165958
2.198494
2.227523
2.252724
2.273841
2.290681
2.303119
2.311100
2.314637
2.313810
2.308764
2.299704
2.286892
2.270641
2.251306
2.229280
2.204986
2.178867
2.151379
2.122983
2.094137
2.065286
2.036859
2.009257
1.982851
1.957975
1.934924
1.913948
1.895255
1.879002
1.865307
1.854236
1.845820
1.840045
1.836862
1.836188
1.837911
1.841892
1.847970
1.855963
1.865676
1.876899
1.889415
1.902997
1.917418
1.932448
1.947859
1.963428
1.978939
1.994182
2.008963
2.023097
2.036419
2.048775
2.060037
2.070089
2.078841
2.086222
2.092185
2.096701
2.099766
2.101395
2.101623
2.100503
2.098109
2.094526
2.089856
2.084210
2.077711
2.070488
2.062676
2.054411
2.045833
2.037076
2.028274
2.019552
2.011032
2.002823
1.995027
1.987734
1.981022
1.974956
1.969590
1.964963
1.961103
1.958024
1.955730
1.954211
1.953451
1.953418
1.954078
1.955382
1.957282
1.959718
1.962631
1.965953
1.969618
1.973556
1.977700
1.981980
1.986331
1.990686
1.994986
1.999171
2.003191
2.006995
2.010543
2.013795
2.016723
2.019298
2.021505
2.023328
2.024763
2.025806
2.026464
2.026745
2.026665
2.026242
2.025501
2.024465
2.023167
2.021635
2.019905
2.018009
2.015984
2.013863
2.011683
2.009475
2.007274
2.005108
2.003006
2.000994
1.999096
1.997330
1.995715
1.994265
1.992991
1.991900
1.990998
1.990286
1.989765
1.989428
1.989272
1.989287
1.989465
1.989791
1.990255
1.990840
1.991532
1.992313
1.993169
1.994082
1.995037
1.996016
1.997005
1.997988
1.998954
1.999887
2.000777
2.001613
2.002388
2.003092
2.003721
2.004268
2.004732
2.005109
2.005402
2.005608
2.005731
2.005773
2.005739
2.005632
2.005461
2.005229
2.004944
2.004612
2.004243
2.003841
2.003417
2.002974
2.002524
2.002069
2.001619
2.001178
2.000753
2.000347
1.999967
1.999613
1.999292
1.999003
1.998750
1.998532
1.998351
1.998206
1.998098
1.998023
1.997983
1.997972
1.997991
1.998035
1.998104
1.998191
1.998297
1.998415
1.998545
1.998682
1.998824
1.998967
1.999111
1.999249
1.999383
1.999508
1.999626
1.999731
1.999825
1.999906
1.999975
2.000030
2.000073
2.000103
2.000123
2.000130
2.000130
2.000123
2.000103
