2.171771
2.100720
2.058309
2.058309
2.100720
2.171771
2.264170
2.365689
2.470844
2.569360
2.657803
2.728002
2.778661
2.803760
2.804158
2.775966
2.722133
2.640790
2.536806
2.410106
2.267188
2.109399
1.944413
1.774453
1.607702
1.446458
1.298455
1.164933
1.051888
0.958168
0.886839
0.833663
0.798888
0.776312
0.765186
0.759406
0.758875
0.758661
0.759714
0.758293
0.756180
0.750647
0.744222
0.735350
0.727668
0.721455
0.722227
0.732858
0.760950
0.811053
0.890257
1.000689
1.144828
1.319737
1.523149
1.748591
1.991356
2.243571
2.499860
2.752274
2.995776
3.223097
3.430141
3.610797
3.762296
3.879994
3.962689
4.007388
4.014585
3.983003
3.914847
3.810521
3.673849
3.506775
3.314554
3.100428
2.870796
2.629865
2.384781
2.140261
1.903667
1.679589
1.474817
1.292838
1.138630
1.013091
0.917738
0.849494
0.805862
0.780767
0.770118
0.768072
0.771789
0.777503
0.784379
0.790789
0.797640
0.805128
0.815668
0.831094
0.855090
0.890633
0.941780
1.011223
1.101627
1.213606
1.347159
1.500262
1.670505
1.853981
2.046895
2.244478
2.442490
2.636085
2.821235
2.993547
3.149636
3.285917
3.399929
3.489116
3.552116
3.587521
3.595146
3.574766
3.527366
3.453860
3.356319
3.236679
3.097945
2.942889
2.775231
2.598331
2.416340
2.232885
2.052195
1.877760
1.713429
1.562050
1.426520
1.308445
1.209172
1.128571
1.066166
1.020183
0.988833
0.969628
0.960608
0.959720
0.965764
0.977746
0.995521
1.019161
1.049372
1.086914
1.132853
1.188062
1.253365
1.329152
1.415513
1.511990
1.617743
1.731438
1.851434
1.975742
2.102216
2.228541
2.352398
2.471456
2.583514
2.686481
2.778500
2.857912
2.923359
2.973740
3.008294
3.026545
3.028368
3.013927
2.983723
2.938524
2.879401
2.807648
2.724807
2.632586
2.532866
2.427617
2.318896
2.208757
2.099245
1.992302
1.889752
1.793224
1.704122
1.623578
1.552430
1.491212
1.440153
1.399225
1.368158
1.346538
1.333825
1.329467
1.332886
1.343588
1.361092
1.385036
1.415046
1.450844
1.492082
1.538465
1.589566
1.644976
1.704110
1.766390
1.831057
1.897366
1.964410
2.031334
2.097149
2.160967
2.221806
2.278830
2.331151
2.378065
2.418852
2.453007
2.480030
2.499660
2.511653
2.516011
2.512755
2.502149
2.484468
2.460217
2.429889
2.394188
2.353780
2.309511
2.262153
2.212628
2.161748
2.110435
2.059466
2.009696
1.961801
1.916505
1.874329
1.835827
1.801335
1.771216
1.745615
1.724717
1.708495
1.696982
1.690015
1.687513
1.689219
1.694973
1.704456
1.717456
1.733611
1.752675
1.774254
1.798075
1.823718
1.850888
1.879146
1.908181
1.937544
1.966923
1.995873
2.024094
2.051164
2.076817
2.100674
2.122520
2.142037
2.159081
2.173409
2.184960
2.193578
2.199292
2.202035
2.201927
2.198989
2.193423
2.185328
2.174979
2.162537
2.148330
2.132565
2.115603
2.097674
2.079148
2.060258
2.041365
2.022679
2.004534
1.987103
1.970676
1.955378
1.941442
1.928938
1.918043
1.908767
1.901228
1.895383
1.891297
1.888876
1.888139
1.888951
1.891294
1.895001
1.900023
1.906171
1.913375
1.921430
1.930254
1.939635
1.949486
1.959594
1.969875
1.980122
1.990261
2.000097
2.009571
2.018507
2.026865
2.034495
2.041380
2.047394
2.052550
2.056751
2.060036
2.062337
2.063722
2.064150
2.063714
2.062398
2.060316
2.057473
2.054000
2.049916
2.045365
2.040373
2.035090
2.029548
2.023892
2.018155
2.012475
2.006876
2.001489
1.996325
1.991501
1.987014
1.982964
1.979334
1.976206
1.973547
1.971423
1.969784
1.968681
1.968051
1.967929
1.968241
1.969011
1.970155
1.971687
1.973518
1.975656
1.978007
1.980577
1.983269
1.986090
1.988945
1.991841
1.994688
1.997495
2.000180
2.002757
2.005149
2.007377
2.009375
2.011169
2.012701
2.014006
2.015033
2.015826
2.016342
2.016630
2.016655
2.016474
2.016055
2.015461
2.014665
2.013732
2.012640
2.011454
2.010155
2.008808
2.007394
2.005975
2.004534
2.003130
2.001744
2.000430
1.999167
1.998007
1.996923
1.995964
1.995098
1.994371
1.993747
1.993267
1.992892
1.992659
1.992526
1.992526
1.992616
1.992823
1.993105
1.993486
1.993924
1.994440
1.994991
1.995598
1.996219
1.996876
1.997525
1.998189
1.998827
1.999462
2.000054
2.000629
2.001148
2.001637
2.002062
2.002450
2.002768
2.003043
2.003248
2.003410
2.003502
2.003555
2.003542
2.003495
2.003389
2.003257
2.003074
2.002873
2.002633
2.002383
2.002103
2.001824
2.001525
2.001235
2.000935
2.000652
2.000367
2.000107
1.999850
1.999623
1.999406
1.999222
1.999050
1.998914
1.998792
1.998705
1.998633
1.998595
1.998571
1.998578
1.998596
1.998644
1.998698
1.998777
1.998860
1.998964
1.999067
1.999186
1.999301
1.999427
1.999545
1.999672
1.999786
1.999906
2.000010
2.000117
2.000207
2.000297
2.000369
2.000440
2.000492
2.000541
2.000573
2.000602
2.000613
2.000623
2.000616
2.000608
2.000585
2.000563
2.000528
2.000494
2.000449
2.000407
2.000357
2.000311
2.000257
2.000211
2.000158
2.000113
2.000063
2.000022
1.999978
1.999943
1.999906
1.999878
1.999849
1.999829
1.999808
1.999797
1.999784
1.999781
1.999776
1.999779
1.999781
1.999791
1.999798
1.999813
1.999824
1.999843
1.999857
1.999877
1.999893
1.999915
1.999931
1.999952
1.999968
1.999987
2.000001
2.000018
2.000030
2.000045
2.000053
2.000065
2.000071
2.000079
2.000082
2.000087
2.000087
2.000090
2.000087
2.000087
2.000082
2.000080
2.000074
2.000070
2.000062
2.000058
2.000049
2.000044
2.000035
2.000030
2.000021
2.000016
2.000008
2.000004
1.999997
1.999993
1.999987
1.999985
1.999980
1.999978
1.999975
1.999974
1.999972
1.999972
1.999971
1.999972
1.999972
1.999974
1.999974
1.999977
1.999978
1.999981
1.999982
1.999985
1.999986
1.999990
1.999991
1.999994
1.999996
1.999999
2.000000
2.000003
2.000003
2.000006
2.000006
2.000008
2.000008
2.000010
2.000009
2.000011
2.000010
2.000011
2.000010
2.000010
2.000009
2.000010
2.000008
2.000008
2.000007
2.000007
2.000005
2.000005
2.000004
2.000004
2.000002
2.000002
2.000001
2.000001
1.999999
2.000000
1.999998
1.999999
1.999998
1.999998
1.999997
1.999998
1.999997
1.999997
1.999997
1.999997
1.999997
1.999997
1.999997
1.999998
1.999998
1.999998
1.999998
1.999999
1.999998
1.999999
1.999999
2.000000
1.999999
2.000000
2.000000
2.000000
2.000000
2.000001
2.000000
2.000001
2.000001
2.000001
2.000001
2.000001
2.000001
2.000001
2.000001
2.000001
2.000001
2.000001
2.000001
2.000001
2.000001
2.000001
2.000000
2.000001
2.000000
2.000000
2.000000
2.000000
2.000000
2.000000
2.000000
2.000000
2.000000
2.000000
2.000000
2.000000
2.000000
2.000000
2.000000
2.000000
2.000000
2.000000
2.000000
2.000000
2.000000
2.000000
2.000000
2.000000
2.000000
2.000000
2.000000
2.000000
2.000000
2.000000
2.000000
2.000000
2.000000
2.000000
2.000000
2.000000
2.000000
2.000000
2.000000
2.000000
2.000000
2.000000
2.000000
2.000000
2.000000
2.000000
2.000000
2.000000
2.000000
2.000000
2.000000
2.000000
2.000000
2.000000
2.000000
2.000000
2.000000
2.000000
2.000000
2.000000
2.000000
2.000000
2.000000
2.000000
2.000000
2.000000
2.000000
2.000000
2.000000
2.000000
2.000000
2.000000
2.000000
2.000000
2.000000
2.000000
2.000000
2.000000
2.000000
2.000000
2.000000
2.000000
2.000000
2.000000
2.000000
2.000000
2.000000
2.000000
2.000000
2.000000
2.000000
2.000000
2.000000
2.000000
2.000000
2.000000
2.000000
2.000000
2.000000
2.000000
2.000000
2.000000
2.000000
2.000000
2.000000
2.000000
2.000000
2.000000
2.000000
2.000000
2.000000
2.000000
2.000000
2.000000
2.000000
2.000000
2.000000
2.000000
2.000000
2.000000
2.000000
2.000000
2.000000
2.000000
2.000000
2.000000
2.000000
2.000000
2.000000
2.000000
2.000000
2.000000
2.000000
2.000000
2.000000
2.000000
2.000000
2.000000
2.000000
2.000000
2.000000
2.000000
2.000000
2.000000
2.000000
2.000000
2.000000
2.000000
2.000000
2.000000
2.000000
2.000000
2.000000
2.000000
2.000000
2.000000
2.000000
2.000000
2.000000
2.000000
2.000000
2.000000
2.000000
2.000000
2.000000
2.000000
2.000000
2.000000
2.000000
2.000000
2.000000
2.000000
2.000000
2.000000
2.000000
2.000000
2.000000
2.000000
2.000000
2.000000
2.000000
2.000000
2.000000
2.000000
2.000000
2.000000
2.000000
2.000000
2.000000
2.000000
2.000000
2.000000
2.000000
2.000000
2.000000
2.000000
2.000000
2.000000
2.000000
2.000000
2.000000
2.000000
2.000000
2.000000
2.000000
2.000000
2.000000
2.000000
2.000000
2.000000
2.000000
2.000000
2.000000
2.000000
2.000000
2.000000
2.000000
2.000000
2.000000
2.000000
2.000000
2.000000
2.000000
2.000000
2.000000
2.000000
2.000000
2.000000
2.000000
2.000000
2.000000
2.000000
2.000000
2.000000
2.000000
2.000000
2.000000
2.000000
2.000000
2.000000
2.000000
2.000000
2.000000
2.000000
2.000000
2.000000
2.000000
2.000000
2.000000
2.000000
2.000000
2.000000
2.000000
2.000000
2.000000
2.000000
2.000000
2.000000
2.000000
2.000000
2.000000
2.000000
2.000000
2.000000
2.000000
2.000000
2.000000
2.000000
2.000000
2.000000
2.000000
2.000000
2.000000
2.000000
2.000000
2.000000
2.000000
2.000000
2.000000
2.000000
2.000000
2.000000
2.000000
2.000000
2.000000
2.000000
2.000000
2.000000
2.000000
2.000000
2.000000
2.000000
2.000000
2.000000
2.000000
2.000000
2.000000
2.000000
2.000000
2.000000
2.000000
2.000000
2.000000
2.000000
2.000000
2.000000
2.000000
2.000000
2.000000
2.000000
2.000000
2.000000
2.000000
2.000000
2.000000
2.000000
2.000000
2.000000
2.000000
2.000000
2.000000
2.000000
2.000000
2.000000
2.000000
2.000000
2.000000
2.000000
2.000000
2.000000
