2.051387
1.997057
1.966988
1.966988
1.997057
2.051387
2.122037
2.203969
2.289985
2.376066
2.456072
2.527293
2.584953
2.627882
2.652854
2.660340
2.648697
2.619974
2.573963
2.514056
2.441157
2.359586
2.270866
2.179681
2.087542
1.998843
1.914435
1.837841
1.768776
1.709591
1.658782
1.617672
1.583869
1.558142
1.537750
1.523401
1.512437
1.505812
1.501157
1.499752
1.499557
1.502149
1.505796
1.512333
1.520324
1.531848
1.545778
1.564420
1.586928
1.615746
1.650153
1.692487
1.741824
1.800000
1.865470
1.939192
2.018702
2.103941
2.191548
2.280653
2.367333
2.450361
2.525758
2.592462
2.646937
2.688745
2.715173
2.726715
2.721706
2.701707
2.666145
2.617607
2.556482
2.486170
2.407726
2.324992
2.239260
2.154335
2.071247
1.993267
1.920724
1.856000
1.798507
1.749664
1.708071
1.674420
1.646850
1.625715
1.609085
1.597308
1.588654
1.583640
1.580838
1.580969
1.582910
1.587555
1.594042
1.603394
1.614968
1.629871
1.647624
1.669361
1.694688
1.724662
1.758840
1.798058
1.841650
1.890067
1.942268
1.998211
2.056412
2.116350
2.176172
2.235022
2.290869
2.342766
2.388758
2.428071
2.459079
2.481411
2.493954
2.496893
2.489731
2.473253
2.447574
2.414030
2.373242
2.326942
2.276071
2.222538
2.167356
2.112362
2.058397
2.006993
1.958636
1.914416
1.874384
1.839175
1.808457
1.782507
1.760750
1.743258
1.729371
1.719102
1.711832
1.707610
1.705920
1.706890
1.710125
1.715828
1.723712
1.734027
1.746560
1.761574
1.778879
1.798702
1.820829
1.845396
1.872108
1.900968
1.931553
1.963700
1.996841
2.030649
2.064426
2.097721
2.129759
2.160034
2.187780
2.212529
2.233612
2.250692
2.263279
2.271239
2.274321
2.272630
2.266172
2.255295
2.240239
2.221554
2.199662
2.175244
2.148820
2.121115
2.092658
2.064132
2.035991
2.008807
1.982908
1.958713
1.936405
1.916246
1.898284
1.882653
1.869297
1.858261
1.849430
1.842796
1.838220
1.835675
1.835022
1.836231
1.839172
1.843816
1.850041
1.857814
1.867014
1.877592
1.889413
1.902403
1.916402
1.931298
1.946899
1.963054
1.979535
1.996157
2.012663
2.028843
2.044432
2.059213
2.072932
2.085393
2.096374
2.105725
2.113282
2.118960
2.122669
2.124401
2.124150
2.121987
2.117987
2.112292
2.105044
2.096442
2.086675
2.075972
2.064546
2.052636
2.040451
2.028216
2.016118
2.004350
1.993064
1.982412
1.972503
1.963445
1.955305
1.948148
1.942006
1.936908
1.932856
1.929852
1.927874
1.926903
1.926900
1.927829
1.929640
1.932283
1.935695
1.939818
1.944577
1.949906
1.955720
1.961942
1.968482
1.975255
1.982167
1.989127
1.996041
2.002817
2.009365
2.015600
2.021439
2.026809
2.031641
2.035880
2.039476
2.042395
2.044610
2.046111
2.046894
2.046974
2.046371
2.045122
2.043267
2.040860
2.037959
2.034631
2.030944
2.026970
2.022783
2.018455
2.014057
2.009660
2.005326
2.001118
1.997088
1.993287
1.989757
1.986534
1.983647
1.981120
1.978971
1.977209
1.975841
1.974865
1.974277
1.974066
1.974219
1.974716
1.975537
1.976657
1.978048
1.979681
1.981524
1.983545
1.985708
1.987981
1.990327
1.992712
1.995103
1.997466
1.999769
2.001984
2.004082
2.006039
2.007833
2.009444
2.010857
2.012060
2.013045
2.013805
2.014339
2.014650
2.014741
2.014622
2.014303
2.013799
2.013123
2.012295
2.011334
2.010259
2.009092
2.007854
2.006566
2.005249
2.003924
2.002610
2.001325
2.000086
1.998909
1.997808
1.996793
1.995875
1.995061
1.994359
1.993772
1.993303
1.992952
1.992718
1.992599
1.992590
1.992686
1.992880
1.993165
1.993533
1.993974
1.994478
1.995035
1.995635
1.996267
1.996921
1.997587
1.998254
1.998913
1.999556
2.000174
2.000759
2.001305
2.001806
2.002257
2.002654
2.002994
2.003276
2.003498
2.003660
2.003763
2.003808
2.003797
2.003735
2.003624
2.003468
2.003272
2.003041
2.002780
2.002494
2.002189
2.001871
2.001544
2.001214
2.000885
2.000562
2.000250
1.999952
1.999671
1.999412
1.999175
1.998965
1.998781
1.998625
1.998497
1.998399
1.998329
1.998288
1.998273
1.998284
1.998319
1.998377
1.998454
1.998550
1.998660
1.998784
1.998919
1.999061
1.999209
1.999360
1.999512
1.999663
1.999809
1.999951
2.000085
2.000210
2.000325
2.000430
2.000522
2.000602
2.000669
2.000722
2.000763
2.000790
2.000805
2.000808
2.000799
2.000780
2.000750
2.000713
2.000667
2.000615
2.000557
2.000496
2.000431
2.000364
2.000296
2.000228
2.000162
2.000097
2.000035
1.999976
1.999922
1.999872
1.999828
1.999789
1.999755
1.999727
1.999705
1.999689
1.999678
1.999673
1.999672
1.999677
1.999686
1.999699
1.999716
1.999736
1.999758
1.999783
1.999809
1.999836
1.999864
1.999892
1.999920
1.999948
1.999974
1.999999
2.000023
2.000045
2.000065
2.000082
2.000098
2.000111
2.000121
2.000130
2.000135
2.000139
2.000140
2.000140
2.000137
2.000133
2.000127
2.000119
2.000111
2.000101
2.000091
2.000080
2.000069
2.000058
2.000046
2.000035
2.000024
2.000013
2.000003
1.999994
1.999985
1.999978
1.999971
1.999965
1.999960
1.999956
1.999953
1.999951
1.999949
1.999949
1.999949
1.999951
1.999952
1.999955
1.999958
1.999961
1.999964
1.999968
1.999973
1.999977
1.999981
1.999985
1.999990
1.999994
1.999997
2.000001
2.000004
2.000008
2.000010
2.000013
2.000015
2.000017
2.000018
2.000019
2.000020
2.000020
2.000020
2.000020
2.000019
2.000018
2.000017
2.000016
2.000015
2.000014
2.000012
2.000011
2.000009
2.000007
2.000006
2.000004
2.000003
2.000001
2.000000
1.999999
1.999998
1.999997
1.999996
1.999995
1.999995
1.999994
1.999994
1.999994
1.999994
1.999994
1.999994
1.999994
1.999994
1.999994
1.999995
1.999995
1.999996
1.999996
1.999997
1.999997
1.999998
1.999998
1.999999
1.999999
2.000000
2.000000
2.000001
2.000001
2.000001
2.000002
2.000002
2.000002
2.000002
2.000002
2.000002
2.000002
2.000002
2.000002
2.000002
2.000002
2.000002
2.000002
2.000002
2.000001
2.000001
2.000001
2.000001
2.000001
2.000001
2.000000
2.000000
2.000000
2.000000
2.000000
2.000000
2.000000
2.000000
1.999999
1.999999
1.999999
1.999999
1.999999
1.999999
1.999999
1.999999
1.999999
1.999999
1.999999
1.999999
2.000000
2.000000
2.000000
2.000000
2.000000
2.000000
2.000000
2.000000
2.000000
2.000000
2.000000
2.000000
2.000000
2.000000
2.000000
2.000000
2.000000
2.000000
2.000000
2.000000
2.000000
2.000000
2.000000
2.000000
2.000000
2.000000
2.000000
2.000000
2.000000
2.000000
2.000000
2.000000
2.000000
2.000000
2.000000
2.000000
2.000000
2.000000
2.000000
2.000000
2.000000
2.000000
2.000000
2.000000
2.000000
2.000000
2.000000
2.000000
2.000000
2.000000
2.000000
2.000000
2.000000
2.000000
2.000000
2.000000
2.000000
2.000000
2.000000
2.000000
2.000000
2.000000
2.000000
2.000000
2.000000
2.000000
2.000000
2.000000
2.000000
2.000000
2.000000
2.000000
2.000000
2.000000
2.000000
2.000000
2.000000
2.000000
2.000000
2.000000
2.000000
2.000000
2.000000
2.000000
2.000000
2.000000
2.000000
2.000000
2.000000
2.000000
2.000000
2.000000
2.000000
2.000000
2.000000
2.000000
2.000000
2.000000
2.000000
2.000000
2.000000
2.000000
2.000000
2.000000
2.000000
2.000000
2.000000
2.000000
2.000000
2.000000
2.000000
2.000000
2.000000
2.000000
2.000000
2.000000
2.000000
2.000000
2.000000
2.000000
2.000000
2.000000
2.000000
2.000000
2.000000
2.000000
2.000000
2.000000
2.000000
2.000000
2.000000
2.000000
2.000000
2.000000
2.000000
2.000000
2.000000
2.000000
2.000000
2.000000
2.000000
2.000000
2.000000
2.000000
2.000000
2.000000
2.000000
2.000000
2.000000
2.000000
2.000000
2.000000
2.000000
2.000000
2.000000
2.000000
2.000000
2.000000
2.000000
2.000000
2.000000
2.000000
2.000000
2.000000
2.000000
2.000000
2.000000
2.000000
2.000000
2.000000
2.000000
2.000000
2.000000
2.000000
2.000000
2.000000
2.000000
2.000000
2.000000
2.000000
2.000000
2.000000
2.000000
2.000000
2.000000
2.000000
2.000000
2.000000
2.000000
2.000000
2.000000
2.000000
2.000000
2.000000
2.000000
2.000000
2.000000
2.000000
2.000000
2.000000
2.000000
2.000000
2.000000
2.000000
2.000000
2.000000
2.000000
2.000000
2.000000
2.000000
2.000000
2.000000
2.000000
2.000000
2.000000
2.000000
2.000000
2.000000
2.000000
2.000000
2.000000
2.000000
2.000000
2.000000
2.000000
2.000000
2.000000
2.000000
2.000000
2.000000
2.000000
2.000000
2.000000
2.000000
2.000000
2.000000
2.000000
2.000000
2.000000
2.000000
2.000000
2.000000
2.000000
2.000000
2.000000
2.000000
2.000000
2.000000
2.000000
2.000000
2.000000
2.000000
2.000000
2.000000
2.000000
2.000000
2.000000
2.000000
2.000000
2.000000
2.000000
2.000000
2.000000
2.000000
2.000000
2.000000
2.000000
2.000000
2.000000
2.000000
2.000000
2.000000
2.000000
2.000000
2.000000
2.000000
2.000000
2.000000
2.000000
2.000000
2.000000
2.000000
2.000000
2.000000
2.000000
2.000000
2.000000
2.000000
2.000000
2.000000
2.000000
2.000000
2.000000
2.000000
2.000000
2.000000
2.000000
2.000000
2.000000
2.000000
2.000000
2.000000
2.000000
2.000000
2.000000
2.000000
2.000000
2.000000
2.000000
2.000000
2.000000
2.000000
2.000000
2.000000
2.000000
2.000000
2.000000
2.000000
2.000000
2.000000
2.000000
2.000000
2.000000
2.000000
2.000000
2.000000
2.000000
2.000000
2.000000
2.000000
2.000000
2.000000
2.000000
2.000000
2.000000
2.000000
2.000000
2.000000
2.000000
2.000000
2.000000
2.000000
2.000000
2.000000
2.000000
2.000000
2.000000
2.000000
2.000000
2.000000
2.000000
2.000000
2.000000
2.000000
2.000000
2.000000
2.000000
2.000000
2.000000
2.000000
2.000000
2.000000
2.000000
2.000000
2.000000
