2.155892
2.077958
2.031758
2.031758
2.077958
2.155892
2.258224
2.372140
2.492133
2.607447
2.714636
2.805107
2.877546
2.925540
2.949905
2.946363
2.917778
2.861875
2.783379
2.681772
2.563320
2.428869
2.285749
2.135611
1.986173
1.839128
1.701700
1.574679
1.463779
1.367979
1.290704
1.228777
1.183403
1.149939
1.128386
1.113920
1.106478
1.101990
1.100888
1.100142
1.100745
1.100681
1.101459
1.102075
1.104633
1.109275
1.118886
1.134881
1.160908
1.199310
1.253768
1.326308
1.419139
1.532350
1.665494
1.816070
1.981111
2.156157
2.336750
2.517571
2.693775
2.860146
3.012291
3.145782
3.257243
3.343477
3.402479
3.432540
3.433204
3.404356
3.347123
3.262950
3.154447
3.024453
2.876827
2.715497
2.545194
2.370477
2.196396
2.027495
1.868383
1.722735
1.593776
1.483383
1.392565
1.320868
1.267001
1.228685
1.203322
1.188135
1.180557
1.178429
1.179971
1.184049
1.189807
1.197086
1.205839
1.216735
1.230397
1.248177
1.271218
1.301325
1.339843
1.388578
1.448512
1.520792
1.605390
1.702240
1.809952
1.927131
2.051163
2.179656
2.309255
2.437113
2.559696
2.674241
2.777521
2.867283
2.940970
2.997135
3.034124
3.051465
3.048521
3.025857
2.983862
2.924092
2.847872
2.757610
2.655380
2.544213
2.426651
2.306025
2.184980
2.066739
1.953613
1.848266
1.752231
1.667212
1.593657
1.532137
1.482016
1.442923
1.413499
1.392914
1.379619
1.372832
1.371244
1.374436
1.381538
1.392584
1.407148
1.425650
1.447998
1.474848
1.506261
1.542925
1.584837
1.632498
1.685630
1.744359
1.807980
1.876150
1.947703
2.021856
2.097067
2.172246
2.245647
2.316072
2.381774
2.441651
2.494153
2.538453
2.573351
2.598427
2.612934
2.616933
2.610178
2.593225
2.566315
2.530464
2.486337
2.435315
2.378375
2.317134
2.252729
2.186847
2.120613
2.055613
1.992785
1.933453
1.878236
1.828084
1.783229
1.744223
1.710929
1.683561
1.661712
1.645376
1.634012
1.627527
1.625363
1.627441
1.633260
1.642799
1.655638
1.671811
1.690953
1.713118
1.737948
1.765469
1.795280
1.827331
1.861141
1.896555
1.932997
1.970206
2.007520
2.044598
2.080727
2.115530
2.148295
2.178667
2.205991
2.229990
2.250122
2.266238
2.277948
2.285265
2.287977
2.286273
2.280122
2.269885
2.255698
2.238068
2.217265
2.193901
2.168334
2.141232
2.112985
2.084265
2.055440
2.027132
1.999646
1.973513
1.948942
1.926352
1.905842
1.887713
1.871959
1.858774
1.848062
1.839931
1.834221
1.830975
1.829991
1.831270
1.834583
1.839905
1.846990
1.855792
1.866054
1.877713
1.890501
1.904335
1.918938
1.934211
1.949866
1.965791
1.981695
1.997459
2.012797
2.027594
2.041580
2.054657
2.066582
2.077287
2.086570
2.094402
2.100632
2.105279
2.108245
2.109605
2.109317
2.107504
2.104178
2.099507
2.093546
2.086500
2.078456
2.069640
2.060158
2.050245
2.040011
2.029684
2.019368
2.009273
1.999484
1.990184
1.981433
1.973383
1.966062
1.959587
1.953959
1.949261
1.945464
1.942620
1.940676
1.939659
1.939492
1.940181
1.941635
1.943840
1.946694
1.950169
1.954155
1.958616
1.963436
1.968573
1.973912
1.979408
1.984948
1.990489
1.995924
2.001215
2.006265
2.011045
2.015467
2.019516
2.023119
2.026271
2.028919
2.031071
2.032690
2.033801
2.034383
2.034474
2.034070
2.033221
2.031936
2.030274
2.028255
2.025946
2.023372
2.020603
2.017668
2.014639
2.011542
2.008447
2.005377
2.002395
1.999521
1.996808
1.994270
1.991951
1.989855
1.988019
1.986437
1.985136
1.984103
1.983355
1.982873
1.982664
1.982703
1.982991
1.983497
1.984218
1.985118
1.986190
1.987397
1.988728
1.990146
1.991639
1.993172
1.994731
1.996283
1.997817
1.999303
2.000731
2.002076
2.003331
2.004474
2.005504
2.006403
2.007173
2.007802
2.008295
2.008644
2.008861
2.008940
2.008895
2.008726
2.008448
2.008065
2.007593
2.007038
2.006419
2.005740
2.005022
2.004271
2.003505
2.002729
2.001962
2.001208
2.000482
1.999788
1.999140
1.998538
1.997994
1.997508
1.997088
1.996731
1.996443
1.996222
1.996069
1.995979
1.995954
1.995987
1.996078
1.996218
1.996406
1.996634
1.996899
1.997192
1.997510
1.997845
1.998194
1.998547
1.998903
1.999254
1.999597
1.999925
2.000238
2.000528
2.000797
2.001038
2.001252
2.001435
2.001589
2.001711
2.001803
2.001864
2.001897
2.001900
2.001878
2.001830
2.001760
2.001670
2.001562
2.001438
2.001303
2.001157
2.001004
2.000847
2.000688
2.000528
2.000372
2.000221
2.000076
1.999939
1.999812
1.999696
1.999592
1.999500
1.999422
1.999357
1.999306
1.999267
1.999243
1.999231
1.999231
1.999242
1.999264
1.999294
1.999334
1.999380
1.999433
1.999491
1.999553
1.999617
1.999683
1.999749
1.999815
1.999879
1.999941
2.000000
2.000056
2.000107
2.000154
2.000195
2.000231
2.000262
2.000287
2.000306
2.000320
2.000328
2.000331
2.000330
2.000324
2.000314
2.000300
2.000283
2.000263
2.000240
2.000216
2.000191
2.000164
2.000137
2.000110
2.000084
2.000058
2.000033
2.000009
1.999987
1.999967
1.999948
1.999932
1.999918
1.999906
1.999897
1.999889
1.999884
1.999881
1.999880
1.999881
1.999883
1.999887
1.999893
1.999899
1.999907
1.999916
1.999925
1.999934
1.999944
1.999955
1.999965
1.999975
1.999984
1.999993
2.000002
2.000010
2.000017
2.000024
2.000030
2.000035
2.000039
2.000042
2.000045
2.000046
2.000047
2.000047
2.000047
2.000046
2.000044
2.000042
2.000039
2.000036
2.000033
2.000029
2.000026
2.000022
2.000018
2.000014
2.000011
2.000007
2.000004
2.000001
1.999998
1.999995
1.999993
1.999991
1.999989
1.999988
1.999986
1.999986
1.999985
1.999985
1.999985
1.999985
1.999985
1.999986
1.999987
1.999988
1.999989
1.999990
1.999991
1.999992
1.999993
1.999995
1.999996
1.999997
1.999998
1.999999
2.000000
2.000001
2.000002
2.000003
2.000004
2.000004
2.000005
2.000005
2.000005
2.000005
2.000006
2.000005
2.000005
2.000005
2.000005
2.000005
2.000004
2.000004
2.000004
2.000003
2.000003
2.000002
2.000002
2.000002
2.000001
2.000001
2.000000
2.000000
2.000000
1.999999
1.999999
1.999999
1.999999
1.999999
1.999999
1.999998
1.999998
1.999998
1.999998
1.999998
1.999998
1.999999
1.999999
1.999999
1.999999
1.999999
1.999999
1.999999
1.999999
1.999999
2.000000
2.000000
2.000000
2.000000
2.000000
2.000000
2.000000
2.000000
2.000000
2.000000
2.000000
2.000000
2.000001
2.000001
2.000001
2.000001
2.000001
2.000000
2.000000
2.000000
2.000000
2.000000
2.000000
2.000000
2.000000
2.000000
2.000000
2.000000
2.000000
2.000000
2.000000
2.000000
2.000000
2.000000
2.000000
2.000000
2.000000
2.000000
2.000000
2.000000
2.000000
2.000000
2.000000
2.000000
2.000000
2.000000
2.000000
2.000000
2.000000
2.000000
2.000000
2.000000
2.000000
2.000000
2.000000
2.000000
2.000000
2.000000
2.000000
2.000000
2.000000
2.000000
2.000000
2.000000
2.000000
2.000000
2.000000
2.000000
2.000000
2.000000
2.000000
2.000000
2.000000
2.000000
2.000000
2.000000
2.000000
2.000000
2.000000
2.000000
2.000000
2.000000
2.000000
2.000000
2.000000
2.000000
2.000000
2.000000
2.000000
2.000000
2.000000
2.000000
2.000000
2.000000
2.000000
2.000000
2.000000
2.000000
2.000000
2.000000
2.000000
2.000000
2.000000
2.000000
2.000000
2.000000
2.000000
2.000000
2.000000
2.000000
2.000000
2.000000
2.000000
2.000000
2.000000
2.000000
2.000000
2.000000
2.000000
2.000000
2.000000
2.000000
2.000000
2.000000
2.000000
2.000000
2.000000
2.000000
2.000000
2.000000
2.000000
2.000000
2.000000
2.000000
2.000000
2.000000
2.000000
2.000000
2.000000
2.000000
2.000000
2.000000
2.000000
2.000000
2.000000
2.000000
2.000000
2.000000
2.000000
2.000000
2.000000
2.000000
2.000000
2.000000
2.000000
2.000000
2.000000
2.000000
2.000000
2.000000
2.000000
2.000000
2.000000
2.000000
2.000000
2.000000
2.000000
2.000000
2.000000
2.000000
2.000000
2.000000
2.000000
2.000000
2.000000
2.000000
2.000000
2.000000
2.000000
2.000000
2.000000
2.000000
2.000000
2.000000
2.000000
2.000000
2.000000
2.000000
2.000000
2.000000
2.000000
2.000000
2.000000
2.000000
2.000000
2.000000
2.000000
2.000000
2.000000
2.000000
2.000000
2.000000
2.000000
2.000000
2.000000
2.000000
2.000000
2.000000
2.000000
2.000000
2.000000
2.000000
2.000000
2.000000
2.000000
2.000000
2.000000
2.000000
2.000000
2.000000
2.000000
2.000000
2.000000
2.000000
2.000000
2.000000
2.000000
2.000000
2.000000
2.000000
2.000000
2.000000
2.000000
2.000000
2.000000
2.000000
2.000000
2.000000
2.000000
2.000000
2.000000
2.000000
2.000000
2.000000
2.000000
2.000000
2.000000
2.000000
2.000000
2.000000
2.000000
2.000000
2.000000
2.000000
2.000000
2.000000
2.000000
2.000000
2.000000
2.000000
2.000000
2.000000
2.000000
2.000000
2.000000
2.000000
2.000000
2.000000
2.000000
2.000000
2.000000
2.000000
2.000000
2.000000
2.000000
2.000000
2.000000
2.000000
2.000000
2.000000
2.000000
2.000000
2.000000
2.000000
2.000000
2.000000
2.000000
2.000000
2.000000
2.000000
2.000000
2.000000
2.000000
2.000000
2.000000
2.000000
2.000000
2.000000
2.000000
2.000000
2.000000
2.000000
2.000000
2.000000
2.000000
2.000000
2.000000
2.000000
2.000000
2.000000
2.000000
2.000000
2.000000
2.000000
2.000000
2.000000
2.000000
2.000000
2.000000
2.000000
2.000000
2.000000
2.000000
2.000000
2.000000
2.000000
2.000000
2.000000
2.000000
2.000000
2.000000
2.000000
2.000000
2.000000
2.000000
2.000000
2.000000
2.000000
2.000000
2.000000
2.000000
2.000000
2.000000
2.000000
2.000000
2.000000
2.000000
2.000000
2.000000
2.000000
2.000000
2.000000
2.000000
2.000000
2.000000
2.000000
2.000000
2.000000
