2.156918
2.092916
2.054825
2.054825
2.092916
2.156918
2.239428
2.329634
2.421752
2.506746
2.580733
2.636657
2.672679
2.683822
2.670346
2.629364
2.563199
2.470961
2.356885
2.221866
2.071764
1.908899
1.740307
1.569171
1.403019
1.245050
1.102240
0.976524
0.872848
0.790307
0.730467
0.688927
0.664399
0.650745
0.646289
0.645520
0.647957
0.649451
0.650732
0.648725
0.644966
0.637198
0.627681
0.615229
0.603378
0.592985
0.590059
0.598760
0.628050
0.684053
0.774554
0.901461
1.066109
1.264213
1.492218
1.742642
2.010019
2.285926
2.564600
2.837798
3.100290
3.344644
3.566663
3.760142
3.922256
4.048304
4.137061
4.185495
4.194094
4.161562
4.090114
3.980146
3.835512
3.658165
3.453414
3.224540
2.978033
2.718189
2.452318
2.185326
1.924879
1.675948
1.445902
1.238959
1.061108
0.914380
0.801515
0.720248
0.668308
0.638910
0.626869
0.624979
0.629429
0.635606
0.642320
0.647631
0.652556
0.657397
0.665112
0.678121
0.701131
0.738083
0.794109
0.872452
0.975999
1.104887
1.258492
1.433827
1.627740
1.835466
2.052694
2.274037
2.494966
2.710204
2.915582
3.106398
3.279220
3.430220
3.556952
3.656659
3.728029
3.769486
3.780920
3.761959
3.713685
3.636886
3.533752
3.406114
3.257124
3.089481
2.907091
2.713286
2.512469
2.308319
2.105416
1.907435
1.718737
1.542543
1.382480
1.240726
1.119504
1.019264
0.940205
0.880701
0.839030
0.812219
0.797897
0.793314
0.796917
0.807288
0.824296
0.847996
0.879445
0.919648
0.970132
1.031989
1.106332
1.193512
1.293602
1.405823
1.529095
1.661612
1.801424
1.946058
2.093090
2.239777
2.383592
2.521848
2.652203
2.772278
2.880131
2.973865
3.052086
3.113492
3.157322
3.182933
3.190229
3.179234
3.150506
3.104699
3.042968
2.966524
2.877026
2.776133
2.665884
2.548246
2.425487
2.299721
2.173272
2.048220
1.926752
1.810715
1.701963
1.601914
1.511898
1.432748
1.365150
1.309289
1.265225
1.232607
1.211053
1.199925
1.198682
1.206664
1.223381
1.248293
1.281015
1.321099
1.368183
1.421794
1.481470
1.546597
1.616525
1.690444
1.767500
1.846701
1.927035
2.007394
2.086692
2.163797
2.237647
2.307180
2.371449
2.429549
2.480723
2.524290
2.559737
2.586653
2.604804
2.614067
2.614495
2.606255
2.589677
2.565193
2.533380
2.494896
2.450519
2.401075
2.347483
2.290677
2.231642
2.171348
2.110777
2.050859
1.992498
1.936517
1.883681
1.834645
1.789988
1.750165
1.715540
1.686360
1.662777
1.644843
1.632527
1.625719
1.624245
1.627876
1.636331
1.649300
1.666428
1.687347
1.711653
1.738933
1.768745
1.800649
1.834174
1.868863
1.904234
1.939827
1.975166
2.009811
2.043312
2.075269
2.105283
2.133015
2.158138
2.180394
2.199543
2.215423
2.227893
2.236895
2.242391
2.244427
2.243065
2.238453
2.230743
2.220169
2.206961
2.191419
2.173832
2.154548
2.133890
2.112227
2.089893
2.067259
2.044643
2.022392
2.000792
1.980147
1.960691
1.942672
1.926261
1.911642
1.898917
1.888200
1.879526
1.872946
1.868427
1.865961
1.865462
1.866871
1.870055
1.874915
1.881284
1.889033
1.897972
1.907953
1.918770
1.930269
1.942238
1.954525
1.966923
1.979288
1.991425
2.003210
2.014468
2.025096
2.034945
2.043944
2.051972
2.058990
2.064913
2.069733
2.073399
2.075938
2.077332
2.077640
2.076873
2.075117
2.072408
2.068857
2.064518
2.059520
2.053928
2.047881
2.041452
2.034780
2.027939
2.021065
2.014224
2.007544
2.001077
1.994937
1.989162
1.983849
1.979015
1.974739
1.971020
1.967915
1.965403
1.963524
1.962239
1.961569
1.961458
1.961915
1.962870
1.964318
1.966181
1.968445
1.971026
1.973905
1.976994
1.980273
1.983653
1.987115
1.990575
1.994017
1.997361
2.000600
2.003659
2.006539
2.009175
2.011576
2.013686
2.015526
2.017048
2.018281
2.019188
2.019808
2.020112
2.020146
2.019889
2.019393
2.018644
2.017699
2.016547
2.015249
2.013797
2.012253
2.010610
2.008930
2.007204
2.005492
2.003786
2.002139
2.000542
1.999044
1.997631
1.996347
1.995174
1.994153
1.993258
1.992526
1.991927
1.991494
1.991191
1.991047
1.991024
1.991146
1.991373
1.991726
1.992163
1.992702
1.993301
1.993977
1.994687
1.995449
1.996218
1.997014
1.997793
1.998577
1.999323
2.000052
2.000727
2.001370
2.001944
2.002474
2.002926
2.003328
2.003648
2.003914
2.004098
2.004230
2.004282
2.004288
2.004220
2.004114
2.003944
2.003744
2.003492
2.003220
2.002908
2.002589
2.002241
2.001897
2.001536
2.001189
2.000835
2.000504
2.000176
1.999879
1.999590
1.999338
1.999100
1.998903
1.998722
1.998583
1.998462
1.998383
1.998320
1.998298
1.998290
1.998320
1.998360
1.998433
1.998513
1.998621
1.998731
1.998864
1.998994
1.999142
1.999281
1.999434
1.999574
1.999724
1.999856
1.999994
2.000113
2.000234
2.000333
2.000432
2.000509
2.000584
2.000636
2.000687
2.000715
2.000741
2.000745
2.000749
2.000733
2.000717
2.000683
2.000652
2.000603
2.000560
2.000502
2.000451
2.000388
2.000333
2.000268
2.000213
2.000150
2.000098
2.000040
1.999994
1.999943
1.999905
1.999862
1.999834
1.999801
1.999782
1.999759
1.999750
1.999737
1.999737
1.999732
1.999740
1.999743
1.999758
1.999768
1.999788
1.999802
1.999826
1.999842
1.999868
1.999887
1.999913
1.999931
1.999957
1.999974
1.999998
2.000012
2.000033
2.000045
2.000063
2.000071
2.000085
2.000090
2.000100
2.000101
2.000107
2.000105
2.000108
2.000103
2.000104
2.000096
2.000094
2.000084
2.000081
2.000070
2.000065
2.000054
2.000049
2.000037
2.000032
2.000021
2.000016
2.000006
2.000002
1.999993
1.999990
1.999982
1.999980
1.999974
1.999974
1.999968
1.999969
1.999965
1.999968
1.999965
1.999968
1.999966
1.999970
1.999969
1.999974
1.999974
1.999979
1.999979
1.999984
1.999985
1.999990
1.999990
1.999995
1.999995
2.000000
2.000000
2.000005
2.000004
2.000008
2.000007
2.000011
2.000010
2.000013
2.000011
2.000013
2.000011
2.000014
2.000011
2.000013
2.000010
2.000012
2.000009
2.000010
2.000007
2.000008
2.000006
2.000007
2.000004
2.000005
2.000002
2.000003
2.000000
2.000001
1.999999
2.000000
1.999997
1.999999
1.999997
1.999998
1.999996
1.999997
1.999996
1.999997
1.999996
1.999997
1.999996
1.999998
1.999996
1.999998
1.999997
1.999998
1.999997
1.999999
1.999998
2.000000
1.999998
2.000000
1.999999
2.000001
1.999999
2.000001
2.000000
2.000001
2.000000
2.000002
2.000000
2.000002
2.000001
2.000002
2.000001
2.000002
2.000001
2.000002
2.000001
2.000002
2.000000
2.000001
2.000000
2.000001
2.000000
2.000001
2.000000
2.000001
2.000000
2.000001
2.000000
2.000001
1.999999
2.000000
1.999999
2.000000
1.999999
2.000000
1.999999
2.000000
1.999999
2.000000
1.999999
2.000000
1.999999
2.000000
1.999999
2.000000
1.999999
2.000000
1.999999
2.000000
1.999999
2.000000
2.000000
2.000000
2.000000
2.000000
2.000000
2.000000
2.000000
2.000000
2.000000
2.000000
2.000000
2.000000
2.000000
2.000000
2.000000
2.000000
2.000000
2.000000
2.000000
2.000000
2.000000
2.000000
2.000000
2.000000
2.000000
2.000000
2.000000
2.000000
2.000000
2.000000
2.000000
2.000000
2.000000
2.000000
2.000000
2.000000
2.000000
2.000000
2.000000
2.000000
2.000000
2.000000
2.000000
2.000000
2.000000
2.000000
2.000000
2.000000
2.000000
2.000000
2.000000
2.000000
2.000000
2.000000
2.000000
2.000000
2.000000
2.000000
2.000000
2.000000
2.000000
2.000000
2.000000
2.000000
2.000000
2.000000
2.000000
2.000000
2.000000
2.000000
2.000000
2.000000
2.000000
2.000000
2.000000
2.000000
2.000000
2.000000
2.000000
2.000000
2.000000
2.000000
2.000000
2.000000
2.000000
2.000000
2.000000
2.000000
2.000000
2.000000
2.000000
2.000000
2.000000
2.000000
2.000000
2.000000
2.000000
2.000000
2.000000
2.000000
2.000000
2.000000
2.000000
2.000000
2.000000
2.000000
2.000000
2.000000
2.000000
2.000000
2.000000
2.000000
2.000000
2.000000
2.000000
2.000000
2.000000
2.000000
2.000000
2.000000
2.000000
2.000000
2.000000
2.000000
2.000000
2.000000
2.000000
2.000000
2.000000
2.000000
2.000000
2.000000
2.000000
2.000000
2.000000
2.000000
2.000000
2.000000
2.000000
2.000000
2.000000
2.000000
2.000000
2.000000
2.000000
2.000000
2.000000
2.000000
2.000000
2.000000
2.000000
2.000000
2.000000
2.000000
2.000000
2.000000
2.000000
2.000000
2.000000
2.000000
2.000000
2.000000
2.000000
2.000000
2.000000
2.000000
2.000000
2.000000
2.000000
2.000000
2.000000
2.000000
2.000000
2.000000
2.000000
2.000000
2.000000
2.000000
2.000000
2.000000
2.000000
2.000000
2.000000
2.000000
2.000000
2.000000
2.000000
2.000000
2.000000
2.000000
2.000000
2.000000
2.000000
2.000000
2.000000
2.000000
2.000000
2.000000
2.000000
2.000000
2.000000
2.000000
2.000000
2.000000
2.000000
2.000000
2.000000
2.000000
2.000000
2.000000
2.000000
2.000000
2.000000
2.000000
2.000000
2.000000
2.000000
2.000000
2.000000
2.000000
2.000000
2.000000
2.000000
2.000000
2.000000
2.000000
2.000000
2.000000
2.000000
2.000000
2.000000
2.000000
2.000000
2.000000
2.000000
2.000000
2.000000
2.000000
2.000000
2.000000
2.000000
2.000000
2.000000
2.000000
2.000000
2.000000
2.000000
2.000000
2.000000
2.000000
2.000000
2.000000
2.000000
2.000000
2.000000
2.000000
2.000000
2.000000
2.000000
2.000000
2.000000
2.000000
2.000000
2.000000
2.000000
2.000000
2.000000
2.000000
2.000000
2.000000
2.000000
2.000000
2.000000
2.000000
2.000000
2.000000
2.000000
2.000000
2.000000
2.000000
2.000000
2.000000
2.000000
2.000000
2.000000
2.000000
2.000000
2.000000
2.000000
2.000000
2.000000
2.000000
2.000000
2.000000
1.999999
1.999999
1.999999
1.999999
1.999999
1.999999
