2.173946
2.101571
2.058349
2.058349
2.101571
2.173946
2.268202
2.371847
2.479455
2.580523
2.671703
2.744618
2.798074
2.825863
2.828952
2.803272
2.751887
2.672748
2.570844
2.445919
2.304591
2.148028
1.984019
1.814612
1.648106
1.486631
1.338051
1.203471
1.089059
0.993600
0.920405
0.865249
0.828654
0.804424
0.791994
0.785193
0.784007
0.783395
0.784345
0.783016
0.781222
0.776168
0.770403
0.762319
0.755536
0.750229
0.751785
0.762847
0.790734
0.839703
0.916655
1.023717
1.163525
1.333420
1.531386
1.751212
1.988356
2.235113
2.486189
2.733739
2.972758
3.196049
3.399522
3.577117
3.726057
3.841738
3.922946
3.966719
3.973532
3.942136
3.874711
3.771686
3.636854
3.472179
3.282877
3.072203
2.846506
2.609989
2.369730
2.130416
1.899300
1.680895
1.481816
1.305391
1.156341
1.035346
0.943666
0.878130
0.836219
0.812052
0.801734
0.799710
0.803301
0.808935
0.815828
0.822434
0.829623
0.837586
0.848615
0.864449
0.888563
0.923771
0.973905
1.041553
1.129291
1.237804
1.367172
1.515563
1.680705
1.858889
2.046431
2.238718
2.431577
2.620278
2.800824
2.968911
3.121161
3.254060
3.365140
3.451903
3.512970
3.546983
3.553733
3.533038
3.485853
3.413129
3.316901
3.199137
3.062795
2.910670
2.746426
2.573431
2.395762
2.217035
2.041375
1.872229
1.713305
1.567363
1.437118
1.324058
1.229338
1.152735
1.093649
1.050321
1.020961
1.003206
0.995168
0.994938
1.001370
1.013559
1.031347
1.054823
1.084620
1.121471
1.166348
1.220093
1.283462
1.356857
1.440351
1.533550
1.635646
1.745402
1.861229
1.981246
2.103362
2.225358
2.344961
2.459924
2.568076
2.667400
2.756053
2.832438
2.895203
2.943297
2.975956
2.992748
2.993537
2.978521
2.948184
2.903321
2.844977
2.774467
2.693299
2.603189
2.505973
2.403618
2.298122
2.191523
2.085786
1.982822
1.884360
1.791977
1.706971
1.630416
1.563043
1.505334
1.457432
1.419282
1.390562
1.370866
1.359631
1.356341
1.360413
1.371398
1.388817
1.412347
1.441613
1.476375
1.516282
1.561078
1.610337
1.663690
1.720562
1.780424
1.842529
1.906186
1.970504
2.034683
2.097752
2.158875
2.217087
2.271599
2.321535
2.366237
2.404989
2.437326
2.462750
2.481032
2.491923
2.495452
2.491631
2.480745
2.463053
2.439072
2.409275
2.374374
2.335004
2.292013
2.246138
2.198294
2.149250
2.099917
2.051023
2.003405
1.957687
1.914575
1.874538
1.838109
1.805577
1.777290
1.753355
1.733947
1.719010
1.708578
1.702471
1.700615
1.702744
1.708716
1.718205
1.731025
1.746812
1.765347
1.786238
1.809241
1.833940
1.860069
1.887194
1.915035
1.943149
1.971251
1.998903
2.025834
2.051625
2.076038
2.098696
2.119409
2.137861
2.153929
2.167371
2.178143
2.186087
2.191245
2.193549
2.193127
2.189993
2.184356
2.176307
2.166123
2.153953
2.140126
2.124834
2.108435
2.091142
2.073323
2.055189
2.037096
2.019236
2.001936
1.985349
1.969759
1.955273
1.942119
1.930351
1.920142
1.911489
1.904509
1.899148
1.895473
1.893381
1.892896
1.893879
1.896318
1.900042
1.905012
1.911037
1.918058
1.925869
1.934402
1.943444
1.952920
1.962619
1.972469
1.982266
1.991945
2.001316
2.010328
2.018809
2.026728
2.033935
2.040423
2.046067
2.050886
2.054783
2.057803
2.059879
2.061080
2.061365
2.060830
2.059455
2.057357
2.054536
2.051124
2.047135
2.042712
2.037879
2.032781
2.027445
2.022016
2.016518
2.011091
2.005751
2.000626
1.995722
1.991154
1.986915
1.983103
1.979696
1.976776
1.974306
1.972351
1.970859
1.969881
1.969351
1.969308
1.969674
1.970475
1.971627
1.973147
1.974946
1.977033
1.979316
1.981803
1.984399
1.987113
1.989852
1.992624
1.995342
1.998018
2.000570
2.003014
2.005277
2.007381
2.009259
2.010941
2.012369
2.013579
2.014522
2.015241
2.015694
2.015932
2.015918
2.015709
2.015275
2.014675
2.013886
2.012969
2.011903
2.010751
2.009494
2.008194
2.006834
2.005474
2.004095
2.002756
2.001436
2.000189
1.998993
1.997897
1.996877
1.995977
1.995168
1.994492
1.993917
1.993478
1.993141
1.992938
1.992832
1.992851
1.992955
1.993170
1.993456
1.993835
1.994265
1.994769
1.995305
1.995893
1.996492
1.997123
1.997745
1.998380
1.998989
1.999592
2.000154
2.000697
2.001187
2.001647
2.002045
2.002406
2.002701
2.002954
2.003140
2.003284
2.003363
2.003404
2.003383
2.003328
2.003220
2.003085
2.002905
2.002707
2.002472
2.002229
2.001959
2.001689
2.001402
2.001124
2.000838
2.000568
2.000298
2.000051
1.999809
1.999595
1.999392
1.999219
1.999060
1.998934
1.998822
1.998744
1.998680
1.998649
1.998630
1.998641
1.998663
1.998711
1.998767
1.998845
1.998927
1.999028
1.999129
1.999244
1.999355
1.999476
1.999589
1.999710
1.999819
1.999932
2.000031
2.000131
2.000216
2.000300
2.000368
2.000433
2.000481
2.000526
2.000554
2.000580
2.000589
2.000596
2.000588
2.000578
2.000555
2.000532
2.000497
2.000464
2.000420
2.000380
2.000331
2.000286
2.000235
2.000190
2.000140
2.000097
2.000050
2.000011
1.999970
1.999937
1.999903
1.999877
1.999850
1.999832
1.999813
1.999803
1.999792
1.999789
1.999785
1.999789
1.999792
1.999802
1.999809
1.999824
1.999835
1.999853
1.999867
1.999887
1.999902
1.999922
1.999938
1.999958
1.999973
1.999991
2.000005
2.000021
2.000032
2.000045
2.000054
2.000064
2.000070
2.000077
2.000080
2.000084
2.000084
2.000086
2.000083
2.000083
2.000078
2.000075
2.000069
2.000065
2.000058
2.000053
2.000045
2.000040
2.000032
2.000027
2.000019
2.000014
2.000007
2.000002
1.999996
1.999992
1.999987
1.999984
1.999980
1.999979
1.999975
1.999975
1.999973
1.999973
1.999972
1.999973
1.999973
1.999975
1.999976
1.999978
1.999979
1.999982
1.999983
1.999986
1.999988
1.999991
1.999992
1.999995
1.999996
1.999999
2.000000
2.000003
2.000004
2.000006
2.000006
2.000008
2.000008
2.000009
2.000009
2.000010
2.000010
2.000010
2.000009
2.000010
2.000009
2.000009
2.000008
2.000008
2.000006
2.000006
2.000005
2.000005
2.000003
2.000003
2.000002
2.000002
2.000001
2.000000
1.999999
1.999999
1.999998
1.999999
1.999998
1.999998
1.999997
1.999998
1.999997
1.999997
1.999997
1.999997
1.999997
1.999998
1.999997
1.999998
1.999998
1.999998
1.999998
1.999999
1.999999
1.999999
1.999999
2.000000
2.000000
2.000000
2.000000
2.000000
2.000000
2.000001
2.000001
2.000001
2.000001
2.000001
2.000001
2.000001
2.000001
2.000001
2.000001
2.000001
2.000001
2.000001
2.000001
2.000001
2.000001
2.000001
2.000000
2.000001
2.000000
2.000000
2.000000
2.000000
2.000000
2.000000
2.000000
2.000000
2.000000
2.000000
2.000000
2.000000
2.000000
2.000000
2.000000
2.000000
2.000000
2.000000
2.000000
2.000000
2.000000
2.000000
2.000000
2.000000
2.000000
2.000000
2.000000
2.000000
2.000000
2.000000
2.000000
2.000000
2.000000
2.000000
2.000000
2.000000
2.000000
2.000000
2.000000
2.000000
2.000000
2.000000
2.000000
2.000000
2.000000
2.000000
2.000000
2.000000
2.000000
2.000000
2.000000
2.000000
2.000000
2.000000
2.000000
2.000000
2.000000
2.000000
2.000000
2.000000
2.000000
2.000000
2.000000
2.000000
2.000000
2.000000
2.000000
2.000000
2.000000
2.000000
2.000000
2.000000
2.000000
2.000000
2.000000
2.000000
2.000000
2.000000
2.000000
2.000000
2.000000
2.000000
2.000000
2.000000
2.000000
2.000000
2.000000
2.000000
2.000000
2.000000
2.000000
2.000000
2.000000
2.000000
2.000000
2.000000
2.000000
2.000000
2.000000
2.000000
2.000000
2.000000
2.000000
2.000000
2.000000
2.000000
2.000000
2.000000
2.000000
2.000000
2.000000
2.000000
2.000000
2.000000
2.000000
2.000000
2.000000
2.000000
2.000000
2.000000
2.000000
2.000000
2.000000
2.000000
2.000000
2.000000
2.000000
2.000000
2.000000
2.000000
2.000000
2.000000
2.000000
2.000000
2.000000
2.000000
2.000000
2.000000
2.000000
2.000000
2.000000
2.000000
2.000000
2.000000
2.000000
2.000000
2.000000
2.000000
2.000000
2.000000
2.000000
2.000000
2.000000
2.000000
2.000000
2.000000
2.000000
2.000000
2.000000
2.000000
2.000000
2.000000
2.000000
2.000000
2.000000
2.000000
2.000000
2.000000
2.000000
2.000000
2.000000
2.000000
2.000000
2.000000
2.000000
2.000000
2.000000
2.000000
2.000000
2.000000
2.000000
2.000000
2.000000
2.000000
2.000000
2.000000
2.000000
2.000000
2.000000
2.000000
2.000000
2.000000
2.000000
2.000000
2.000000
2.000000
2.000000
2.000000
2.000000
2.000000
2.000000
2.000000
2.000000
2.000000
2.000000
2.000000
2.000000
2.000000
2.000000
2.000000
2.000000
2.000000
2.000000
2.000000
2.000000
2.000000
2.000000
2.000000
2.000000
2.000000
2.000000
2.000000
2.000000
2.000000
2.000000
2.000000
2.000000
2.000000
2.000000
2.000000
2.000000
2.000000
2.000000
2.000000
2.000000
2.000000
2.000000
2.000000
2.000000
2.000000
2.000000
2.000000
2.000000
2.000000
2.000000
2.000000
2.000000
2.000000
2.000000
2.000000
2.000000
2.000000
2.000000
2.000000
2.000000
2.000000
2.000000
2.000000
2.000000
2.000000
2.000000
2.000000
2.000000
2.000000
2.000000
2.000000
2.000000
2.000000
2.000000
2.000000
2.000000
2.000000
2.000000
2.000000
2.000000
2.000000
2.000000
2.000000
2.000000
2.000000
2.000000
2.000000
2.000000
2.000000
2.000000
2.000000
2.000000
2.000000
2.000000
2.000000
2.000000
2.000000
2.000000
2.000000
2.000000
2.000000
2.000000
2.000000
2.000000
2.000000
2.000000
2.000000
2.000000
2.000000
2.000000
2.000000
2.000000
2.000000
2.000000
2.000000
2.000000
2.000000
2.000000
2.000000
2.000000
2.000000
2.000000
2.000000
2.000000
2.000000
2.000000
2.000000
2.000000
2.000000
2.000000
2.000000
2.000000
2.000000
2.000000
2.000000
