2.152300
2.090224
2.053307
2.053307
2.090224
2.152300
2.232103
2.319201
2.407734
2.489001
2.559004
2.610989
2.642979
2.650279
2.632997
2.588516
2.518998
2.423822
2.307055
2.169859
2.017931
1.853855
1.684504
1.513325
1.347676
1.191000
1.050066
0.926988
0.826399
0.747421
0.691154
0.653107
0.631548
0.620372
0.617679
0.618171
0.621289
0.623138
0.624394
0.622190
0.617981
0.609654
0.599370
0.586052
0.573170
0.561741
0.557876
0.566111
0.595780
0.653466
0.747067
0.878359
1.048281
1.252201
1.486225
1.742670
2.015889
2.297371
2.581256
2.859271
3.126125
3.374384
3.599806
3.796194
3.960693
4.088611
4.178699
4.227940
4.236801
4.204002
4.131739
4.020431
3.873913
3.694163
3.486477
3.254167
3.003715
2.739459
2.468715
2.196446
1.930355
1.675510
1.439374
1.226344
1.042616
0.890525
0.773126
0.688454
0.634344
0.603884
0.591563
0.589813
0.594518
0.600857
0.607524
0.612522
0.616877
0.620939
0.627798
0.640060
0.662714
0.700004
0.757349
0.838138
0.945249
1.078649
1.237490
1.418526
1.618398
1.832146
2.055332
2.282444
2.508883
2.729292
2.939471
3.134660
3.311414
3.465865
3.595562
3.697717
3.771024
3.813879
3.826179
3.807534
3.759035
3.681454
3.576996
3.447478
3.296074
3.125473
2.939610
2.741818
2.536538
2.327466
2.119241
1.915580
1.720940
1.538629
1.372422
1.224644
1.097724
0.992290
0.908741
0.845539
0.801009
0.772081
0.756260
0.750610
0.753455
0.763264
0.779896
0.803420
0.834994
0.875717
0.927246
0.990747
1.067402
1.157549
1.261230
1.377573
1.505411
1.642816
1.787739
1.937594
2.089878
2.241751
2.390631
2.533754
2.668743
2.793157
2.905032
3.002422
3.083920
3.148187
3.194455
3.222049
3.230874
3.220927
3.192771
3.147040
3.084899
3.007543
2.916649
2.813865
2.701256
2.580786
2.454762
2.325307
2.194796
2.065336
1.939187
1.818244
1.704456
1.599313
1.504261
1.420218
1.347993
1.287851
1.239954
1.203993
1.179650
1.166288
1.163384
1.170251
1.186399
1.211247
1.244405
1.285382
1.333808
1.389162
1.450966
1.518552
1.591246
1.668175
1.748455
1.831029
1.914854
1.998758
2.081625
2.162266
2.239591
2.312488
2.379989
2.441144
2.495181
2.541379
2.579220
2.608254
2.628249
2.639048
2.640713
2.633382
2.617398
2.593170
2.561293
2.522409
2.477317
2.426839
2.371920
2.313494
2.252583
2.190165
2.127265
2.064830
2.003817
1.945072
1.889419
1.837543
1.790083
1.747526
1.710296
1.678664
1.652837
1.632882
1.618810
1.610516
1.607852
1.610580
1.618436
1.631087
1.648186
1.669334
1.694125
1.722114
1.752849
1.785855
1.820650
1.856738
1.893627
1.930819
1.967827
2.004173
2.039399
2.073069
2.104776
2.134150
2.160858
2.184612
2.205170
2.222345
2.235994
2.246038
2.252443
2.255234
2.254483
2.250319
2.242908
2.232469
2.219248
2.203536
2.185640
2.165902
2.144667
2.122303
2.099167
2.075631
2.052042
2.028748
2.006064
1.984298
1.963714
1.944565
1.927049
1.911353
1.897607
1.885926
1.876369
1.868984
1.863759
1.860681
1.859680
1.860687
1.863582
1.868255
1.874546
1.882312
1.891368
1.901549
1.912654
1.924509
1.936905
1.949670
1.962598
1.975526
1.988260
2.000656
2.012540
2.023790
2.034261
2.043861
2.052475
2.060045
2.066490
2.071787
2.075892
2.078817
2.080551
2.081139
2.080602
2.079015
2.076424
2.072931
2.068600
2.063552
2.057867
2.051675
2.045062
2.038164
2.031067
2.023904
2.016753
2.009739
2.002930
1.996435
1.990307
1.984637
1.979458
1.974843
1.970806
1.967397
1.964608
1.962473
1.960964
1.960094
1.959820
1.960140
1.960995
1.962370
1.964195
1.966449
1.969051
1.971974
1.975136
1.978507
1.982003
1.985596
1.989205
1.992804
1.996319
1.999732
2.002972
2.006031
2.008849
2.011424
2.013707
2.015707
2.017383
2.018756
2.019795
2.020528
2.020935
2.021052
2.020866
2.020422
2.019713
2.018788
2.017645
2.016337
2.014866
2.013286
2.011599
2.009860
2.008070
2.006284
2.004498
2.002766
2.001080
1.999490
1.997986
1.996610
1.995348
1.994238
1.993261
1.992449
1.991778
1.991276
1.990915
1.990717
1.990650
1.990735
1.990933
1.991264
1.991688
1.992221
1.992822
1.993505
1.994230
1.995010
1.995806
1.996630
1.997445
1.998264
1.999050
1.999820
2.000537
2.001222
2.001839
2.002410
2.002904
2.003344
2.003701
2.004001
2.004216
2.004375
2.004453
2.004479
2.004429
2.004336
2.004176
2.003982
2.003734
2.003462
2.003147
2.002821
2.002464
2.002108
2.001733
2.001371
2.001000
2.000651
2.000304
1.999987
1.999679
1.999408
1.999150
1.998934
1.998735
1.998579
1.998442
1.998348
1.998273
1.998239
1.998221
1.998242
1.998276
1.998344
1.998420
1.998526
1.998636
1.998770
1.998902
1.999053
1.999197
1.999355
1.999502
1.999658
1.999798
1.999944
2.000071
2.000200
2.000307
2.000415
2.000499
2.000582
2.000642
2.000699
2.000733
2.000765
2.000774
2.000782
2.000769
2.000757
2.000724
2.000694
2.000647
2.000604
2.000546
2.000494
2.000429
2.000372
2.000305
2.000247
2.000181
2.000126
2.000065
2.000016
1.999961
1.999920
1.999873
1.999842
1.999805
1.999784
1.999758
1.999746
1.999730
1.999728
1.999722
1.999728
1.999730
1.999744
1.999753
1.999773
1.999786
1.999810
1.999827
1.999854
1.999872
1.999900
1.999919
1.999946
1.999964
1.999989
2.000005
2.000027
2.000040
2.000059
2.000069
2.000084
2.000090
2.000101
2.000103
2.000111
2.000109
2.000113
2.000108
2.000109
2.000102
2.000100
2.000091
2.000088
2.000076
2.000072
2.000060
2.000055
2.000043
2.000038
2.000026
2.000021
2.000010
2.000006
1.999995
1.999993
1.999984
1.999982
1.999974
1.999974
1.999968
1.999969
1.999964
1.999967
1.999963
1.999967
1.999964
1.999969
1.999967
1.999972
1.999971
1.999977
1.999977
1.999982
1.999982
1.999988
1.999988
1.999994
1.999994
1.999999
1.999999
2.000004
2.000003
2.000008
2.000007
2.000011
2.000009
2.000013
2.000011
2.000014
2.000012
2.000014
2.000012
2.000014
2.000011
2.000013
2.000010
2.000011
2.000008
2.000009
2.000006
2.000007
2.000004
2.000005
2.000002
2.000004
2.000000
2.000002
1.999999
2.000000
1.999998
1.999999
1.999997
1.999998
1.999996
1.999998
1.999995
1.999997
1.999995
1.999997
1.999995
1.999997
1.999996
1.999998
1.999996
1.999998
1.999997
1.999999
1.999997
1.999999
1.999998
2.000000
1.999999
2.000001
1.999999
2.000001
2.000000
2.000001
2.000000
2.000002
2.000000
2.000002
2.000000
2.000002
2.000000
2.000002
2.000000
2.000002
2.000000
2.000002
2.000000
2.000002
2.000000
2.000001
2.000000
2.000001
2.000000
2.000001
2.000000
2.000001
2.000000
2.000001
1.999999
2.000001
1.999999
2.000000
1.999999
2.000000
1.999999
2.000000
1.999999
2.000000
1.999999
2.000000
1.999999
2.000000
1.999999
2.000000
1.999999
2.000000
1.999999
2.000000
1.999999
2.000000
1.999999
2.000000
1.999999
2.000000
2.000000
2.000000
2.000000
2.000001
2.000000
2.000001
2.000000
2.000001
2.000000
2.000001
2.000000
2.000001
2.000000
2.000001
2.000000
2.000000
2.000000
2.000000
2.000000
2.000000
2.000000
2.000000
2.000000
2.000000
2.000000
2.000000
2.000000
2.000000
2.000000
2.000000
2.000000
2.000000
2.000000
2.000000
2.000000
2.000000
2.000000
2.000000
2.000000
2.000000
2.000000
2.000000
2.000000
2.000000
2.000000
2.000000
2.000000
2.000000
2.000000
2.000000
2.000000
2.000000
2.000000
2.000000
2.000000
2.000000
2.000000
2.000000
2.000000
2.000000
2.000000
2.000000
2.000000
2.000000
2.000000
2.000000
2.000000
2.000000
2.000000
2.000000
2.000000
2.000000
2.000000
2.000000
2.000000
2.000000
2.000000
2.000000
2.000000
2.000000
2.000000
2.000000
2.000000
2.000000
2.000000
2.000000
2.000000
2.000000
2.000000
2.000000
2.000000
2.000000
2.000000
2.000000
2.000000
2.000000
2.000000
2.000000
2.000000
2.000000
2.000000
2.000000
2.000000
2.000000
2.000000
2.000000
2.000000
2.000000
2.000000
2.000000
2.000000
2.000000
2.000000
2.000000
2.000000
2.000000
2.000000
2.000000
2.000000
2.000000
2.000000
2.000000
2.000000
2.000000
2.000000
2.000000
2.000000
2.000000
2.000000
2.000000
2.000000
2.000000
2.000000
2.000000
2.000000
2.000000
2.000000
2.000000
2.000000
2.000000
2.000000
2.000000
2.000000
2.000000
2.000000
2.000000
2.000000
2.000000
2.000000
2.000000
2.000000
2.000000
2.000000
2.000000
2.000000
2.000000
2.000000
2.000000
2.000000
2.000000
2.000000
2.000000
2.000000
2.000000
2.000000
2.000000
2.000000
2.000000
2.000000
2.000000
2.000000
2.000000
2.000000
2.000000
2.000000
2.000000
2.000000
2.000000
2.000000
2.000000
2.000000
2.000000
2.000000
2.000000
2.000000
2.000000
2.000000
2.000000
2.000000
2.000000
2.000000
2.000000
2.000000
2.000000
2.000000
2.000000
2.000000
2.000000
2.000000
2.000000
2.000000
2.000000
2.000000
2.000000
2.000000
2.000000
2.000000
2.000000
2.000000
2.000000
2.000000
2.000000
2.000000
2.000000
2.000000
2.000000
2.000000
2.000000
2.000000
2.000000
2.000000
2.000000
2.000000
2.000000
2.000000
2.000000
2.000000
2.000000
2.000000
2.000000
2.000000
2.000000
2.000000
2.000000
2.000000
2.000000
2.000000
2.000000
2.000000
2.000000
2.000000
2.000000
2.000000
2.000000
2.000000
2.000000
2.000000
2.000000
2.000000
2.000000
2.000000
2.000000
2.000000
2.000000
2.000000
2.000000
2.000000
2.000000
2.000000
2.000000
2.000000
2.000000
2.000000
2.000000
2.000000
2.000000
2.000000
2.000000
2.000000
2.000000
2.000000
2.000000
2.000000
2.000000
2.000000
2.000000
2.000000
2.000000
2.000000
2.000000
2.000000
2.000000
2.000000
2.000000
1.999999
1.999999
1.999999
1.999999
1.999999
1.999999
1.999999
1.999999
1.999999
1.999999
1.999999
1.999999
