2.149070
2.088306
2.052187
2.052187
2.088306
2.149070
2.227027
2.312002
2.398083
2.476796
2.544066
2.593345
2.622564
2.627219
2.607315
2.560423
2.488596
2.391393
2.272775
2.134084
1.980907
1.816011
1.646162
1.474986
1.309731
1.154006
1.014444
0.893275
0.794916
0.718491
0.664769
0.629182
0.609688
0.600209
0.598702
0.600024
0.603573
0.605636
0.606852
0.604502
0.599984
0.591285
0.580492
0.566605
0.553037
0.540917
0.536418
0.544344
0.574290
0.633160
0.728913
0.863213
1.036710
1.244536
1.482573
1.743013
2.020087
2.305240
2.592545
2.873717
3.143424
3.394231
3.621871
3.820154
3.986199
4.115330
4.206275
4.256032
4.265050
4.232066
4.159257
4.047061
3.899298
3.717966
3.508347
3.273778
3.020731
2.753573
2.479620
2.203876
1.934059
1.675303
1.435125
1.218041
1.030373
0.874665
0.754184
0.667187
0.611598
0.580432
0.567947
0.566320
0.571220
0.577682
0.584321
0.589101
0.593054
0.596568
0.602818
0.614545
0.636936
0.674456
0.732721
0.815217
0.924799
1.061302
1.223714
1.408610
1.612491
1.830271
2.057427
2.288371
2.518459
2.742286
2.955629
3.153695
3.333031
3.489744
3.621382
3.725138
3.799706
3.843468
3.856326
3.837877
3.789219
3.711114
3.605774
3.475012
3.322011
3.149456
2.961299
2.760873
2.552644
2.340316
2.128565
1.921135
1.722540
1.536144
1.365816
1.213976
1.083191
0.974214
0.887579
0.821827
0.775320
0.744927
0.728069
0.721679
0.723988
0.733387
0.749725
0.773087
0.804701
0.845738
0.897947
0.962553
1.040778
1.132951
1.239087
1.358245
1.489196
1.629924
1.778315
1.931705
2.087537
2.242911
2.395204
2.541606
2.679713
2.807048
2.921631
3.021487
3.105199
3.171403
3.219329
3.248280
3.258161
3.248953
3.221223
3.175588
3.113223
3.035310
2.943537
2.839545
2.725413
2.603106
2.474949
2.343074
2.209885
2.077507
1.948242
1.824017
1.706838
1.598245
1.499757
1.412353
1.336922
1.273787
1.223183
1.184841
1.158484
1.143486
1.139341
1.145346
1.161012
1.185734
1.219116
1.260640
1.309927
1.366426
1.429646
1.498881
1.573437
1.652402
1.734867
1.819733
1.905932
1.992251
2.077553
2.160610
2.240314
2.315519
2.385243
2.448504
2.504523
2.552551
2.592064
2.622591
2.643896
2.655804
2.658376
2.651737
2.636232
2.612259
2.580421
2.541350
2.495859
2.444763
2.389025
2.329578
2.267467
2.203672
2.139248
2.075152
2.012373
1.951774
1.894216
1.840404
1.791019
1.746568
1.707517
1.674156
1.646730
1.625318
1.609964
1.600564
1.596995
1.599014
1.606369
1.618715
1.635709
1.656935
1.681986
1.710392
1.741699
1.775404
1.811022
1.848028
1.885924
1.924184
1.962315
1.999813
2.036214
2.071056
2.103929
2.134439
2.162249
2.187051
2.208603
2.226696
2.241191
2.251989
2.259061
2.262417
2.262135
2.258331
2.251178
2.240885
2.227710
2.211935
2.193880
2.173882
2.152299
2.129499
2.105854
2.081736
2.057509
2.033524
2.010116
1.987593
1.966242
1.946315
1.928034
1.911586
1.897121
1.884754
1.874562
1.866591
1.860846
1.857309
1.855922
1.856611
1.859267
1.863768
1.869965
1.877703
1.886802
1.897087
1.908357
1.920427
1.933090
1.946160
1.959433
1.972731
1.985863
1.998670
2.010979
2.022655
2.033555
2.043573
2.052597
2.060556
2.067373
2.073015
2.077439
2.080648
2.082635
2.083438
2.083081
2.081634
2.079147
2.075716
2.071415
2.066355
2.060626
2.054354
2.047634
2.040597
2.033339
2.025988
2.018636
2.011401
2.004362
1.997627
1.991257
1.985341
1.979922
1.975069
1.970806
1.967179
1.964190
1.961868
1.960192
1.959172
1.958772
1.958983
1.959754
1.961065
1.962851
1.965082
1.967686
1.970627
1.973828
1.977252
1.980819
1.984493
1.988197
1.991899
1.995528
1.999056
2.002420
2.005601
2.008544
2.011241
2.013645
2.015759
2.017546
2.019021
2.020155
2.020973
2.021457
2.021639
2.021510
2.021109
2.020434
2.019531
2.018401
2.017094
2.015616
2.014017
2.012305
2.010532
2.008702
2.006867
2.005031
2.003241
2.001497
1.999845
1.998278
1.996838
1.995514
1.994341
1.993305
1.992436
1.991713
1.991161
1.990756
1.990517
1.990416
1.990470
1.990645
1.990957
1.991368
1.991892
1.992491
1.993175
1.993908
1.994698
1.995509
1.996351
1.997187
1.998029
1.998842
1.999638
2.000385
2.001098
2.001745
2.002345
2.002868
2.003335
2.003719
2.004043
2.004282
2.004461
2.004558
2.004600
2.004565
2.004483
2.004333
2.004144
2.003900
2.003629
2.003314
2.002984
2.002623
2.002260
2.001878
2.001505
2.001124
2.000763
2.000404
2.000073
1.999752
1.999467
1.999196
1.998966
1.998755
1.998586
1.998438
1.998333
1.998248
1.998205
1.998179
1.998193
1.998221
1.998285
1.998358
1.998462
1.998570
1.998704
1.998837
1.998989
1.999137
1.999298
1.999449
1.999609
1.999754
1.999905
2.000037
2.000172
2.000285
2.000398
2.000489
2.000577
2.000642
2.000704
2.000742
2.000778
2.000791
2.000803
2.000793
2.000782
2.000752
2.000723
2.000677
2.000634
2.000576
2.000524
2.000458
2.000400
2.000332
2.000273
2.000205
2.000148
2.000084
2.000033
1.999975
1.999932
1.999883
1.999849
1.999810
1.999786
1.999758
1.999745
1.999727
1.999723
1.999715
1.999721
1.999722
1.999735
1.999743
1.999762
1.999775
1.999799
1.999816
1.999843
1.999862
1.999890
1.999910
1.999938
1.999956
1.999982
1.999999
2.000022
2.000036
2.000056
2.000066
2.000083
2.000089
2.000101
2.000104
2.000112
2.000111
2.000116
2.000111
2.000113
2.000106
2.000105
2.000095
2.000092
2.000081
2.000077
2.000064
2.000059
2.000047
2.000042
2.000029
2.000024
2.000013
2.000008
1.999998
1.999995
1.999985
1.999983
1.999975
1.999975
1.999968
1.999969
1.999964
1.999966
1.999962
1.999966
1.999963
1.999967
1.999966
1.999971
1.999970
1.999976
1.999975
1.999981
1.999981
1.999987
1.999987
1.999993
1.999993
1.999998
1.999998
2.000003
2.000003
2.000007
2.000006
2.000011
2.000009
2.000013
2.000011
2.000014
2.000012
2.000015
2.000012
2.000014
2.000011
2.000013
2.000010
2.000012
2.000008
2.000010
2.000007
2.000008
2.000005
2.000006
2.000003
2.000004
2.000001
2.000002
1.999999
2.000001
1.999998
1.999999
1.999997
1.999998
1.999996
1.999998
1.999995
1.999997
1.999995
1.999997
1.999995
1.999997
1.999996
1.999998
1.999996
1.999998
1.999997
1.999999
1.999997
1.999999
1.999998
2.000000
1.999998
2.000001
1.999999
2.000001
1.999999
2.000001
2.000000
2.000002
2.000000
2.000002
2.000000
2.000002
2.000000
2.000002
2.000000
2.000002
2.000000
2.000002
2.000000
2.000002
2.000000
2.000002
2.000000
2.000001
2.000000
2.000001
2.000000
2.000001
1.999999
2.000001
1.999999
2.000001
1.999999
2.000001
1.999999
2.000000
1.999999
2.000000
1.999999
2.000000
1.999999
2.000000
1.999999
2.000000
1.999999
2.000000
1.999999
2.000000
1.999999
2.000000
1.999999
2.000000
1.999999
2.000000
1.999999
2.000001
1.999999
2.000001
1.999999
2.000001
2.000000
2.000001
2.000000
2.000001
2.000000
2.000001
2.000000
2.000001
2.000000
2.000001
2.000000
2.000001
2.000000
2.000001
2.000000
2.000001
2.000000
2.000001
2.000000
2.000000
2.000000
2.000000
2.000000
2.000000
2.000000
2.000000
2.000000
2.000000
2.000000
2.000000
2.000000
2.000000
2.000000
2.000000
2.000000
2.000000
2.000000
2.000000
2.000000
2.000000
2.000000
2.000000
2.000000
2.000000
2.000000
2.000000
2.000000
2.000000
2.000000
2.000000
2.000000
2.000000
2.000000
2.000000
2.000000
2.000000
2.000000
2.000000
2.000000
2.000000
2.000000
2.000000
2.000000
2.000000
2.000000
2.000000
2.000000
2.000000
2.000000
2.000000
2.000000
2.000000
2.000000
2.000000
2.000000
2.000000
2.000000
2.000000
2.000000
2.000000
2.000000
2.000000
2.000000
2.000000
2.000000
2.000000
2.000000
2.000000
2.000000
2.000000
2.000000
2.000000
2.000000
2.000000
2.000000
2.000000
2.000000
2.000000
2.000000
2.000000
2.000000
2.000000
2.000000
2.000000
2.000000
2.000000
2.000000
2.000000
2.000000
2.000000
2.000000
2.000000
2.000000
2.000000
2.000000
2.000000
2.000000
2.000000
2.000000
2.000000
2.000000
2.000000
2.000000
2.000000
2.000000
2.000000
2.000000
2.000000
2.000000
2.000000
2.000000
2.000000
2.000000
2.000000
2.000000
2.000000
2.000000
2.000000
2.000000
2.000000
2.000000
2.000000
2.000000
2.000000
2.000000
2.000000
2.000000
2.000000
2.000000
2.000000
2.000000
2.000000
2.000000
2.000000
2.000000
2.000000
2.000000
2.000000
2.000000
2.000000
2.000000
2.000000
2.000000
2.000000
2.000000
2.000000
2.000000
2.000000
2.000000
2.000000
2.000000
2.000000
2.000000
2.000000
2.000000
2.000000
2.000000
2.000000
2.000000
2.000000
2.000000
2.000000
2.000000
2.000000
2.000000
2.000000
2.000000
2.000000
2.000000
2.000000
2.000000
2.000000
2.000000
2.000000
2.000000
2.000000
2.000000
2.000000
2.000000
2.000000
2.000000
2.000000
2.000000
2.000000
2.000000
2.000000
2.000000
2.000000
2.000000
2.000000
2.000000
2.000000
2.000000
2.000000
2.000000
2.000000
2.000000
2.000000
2.000000
2.000000
2.000000
2.000000
2.000000
2.000000
2.000000
2.000000
2.000000
2.000000
2.000000
2.000000
2.000000
2.000000
2.000000
2.000000
2.000000
2.000000
2.000000
2.000000
2.000000
2.000000
2.000000
2.000000
2.000000
2.000000
2.000000
2.000000
2.000000
2.000000
2.000000
2.000000
2.000000
2.000000
2.000000
2.000000
2.000000
2.000000
2.000000
2.000000
2.000000
2.000000
2.000000
2.000000
2.000000
2.000000
2.000000
2.000000
2.000000
2.000000
2.000000
2.000000
2.000000
2.000000
2.000000
2.000000
2.000000
2.000000
2.000000
1.999999
1.999999
1.999999
1.999999
1.999999
1.999999
1.999998
1.999998
1.999998
1.999998
1.999998
1.999998
1.999998
1.999998
1.999998
