2.087669
2.022433
1.985163
1.985163
2.022433
2.087669
2.173063
2.270398
2.372957
2.473957
2.568121
2.650354
2.717063
2.765005
2.792395
2.797882
2.781479
2.743635
2.685995
2.610558
2.520274
2.418280
2.308323
2.194094
2.079463
1.967945
1.862746
1.766459
1.680924
1.607299
1.545754
1.496045
1.456984
1.427514
1.405802
1.390731
1.380473
1.374341
1.370830
1.369840
1.370244
1.372503
1.375848
1.381255
1.388319
1.398540
1.411920
1.430482
1.454609
1.486696
1.527241
1.578560
1.640690
1.715175
1.800916
1.898112
2.004191
2.117937
2.235523
2.354757
2.471163
2.582255
2.683598
2.773066
2.846855
2.903699
2.940837
2.958181
2.954237
2.930233
2.885989
2.824010
2.745314
2.653476
2.550419
2.440418
2.325850
2.211157
2.098575
1.992078
1.893120
1.804605
1.726718
1.660985
1.606250
1.562838
1.528674
1.503458
1.484841
1.472502
1.464324
1.460315
1.458813
1.460244
1.463412
1.469117
1.476567
1.486858
1.499531
1.515909
1.535786
1.560607
1.590289
1.626224
1.668224
1.717371
1.773082
1.835857
1.904485
1.978730
2.056688
2.137444
2.218555
2.298677
2.375134
2.446501
2.510221
2.565139
2.609131
2.641587
2.661044
2.667613
2.660609
2.640924
2.608659
2.565435
2.512029
2.450638
2.382509
2.310162
2.235033
2.159648
2.085305
2.014213
1.947233
1.886001
1.830757
1.782463
1.740734
1.705944
1.677261
1.654693
1.637215
1.624724
1.616227
1.611692
1.610297
1.612162
1.616680
1.624132
1.634106
1.647005
1.662553
1.681209
1.702757
1.727630
1.755581
1.786927
1.821295
1.858804
1.898884
1.941402
1.985560
2.030974
2.076644
2.121996
2.165907
2.207720
2.246309
2.281064
2.310983
2.335626
2.354232
2.366627
2.372365
2.371598
2.364223
2.350723
2.331322
2.306790
2.277613
2.244765
2.208893
2.171062
2.131961
2.092623
2.053661
2.015969
1.979993
1.946417
1.915470
1.887605
1.862841
1.841421
1.823201
1.808275
1.796398
1.787582
1.781544
1.778268
1.777481
1.779170
1.783090
1.789246
1.797420
1.807625
1.819659
1.833522
1.849006
1.866080
1.884505
1.904200
1.924880
1.946406
1.968440
1.990785
2.013062
2.035029
2.056287
2.076576
2.095507
2.112840
2.128225
2.141478
2.152326
2.160666
2.166327
2.169309
2.169555
2.167175
2.162223
2.154914
2.145397
2.133969
2.120852
2.106391
2.090850
2.074590
2.057878
2.041061
2.024379
2.008135
1.992524
1.977787
1.964060
1.951518
1.940236
1.930327
1.921810
1.914748
1.909114
1.904929
1.902136
1.900727
1.900622
1.901790
1.904139
1.907620
1.912131
1.917608
1.923938
1.931047
1.938812
1.947145
1.955916
1.965026
1.974338
1.983746
1.993110
2.002324
2.011250
2.019787
2.027808
2.035225
2.041931
2.047857
2.052921
2.057082
2.060290
2.062534
2.063797
2.064101
2.063461
2.061931
2.059556
2.056414
2.052574
2.048132
2.043175
2.037808
2.032125
2.026233
2.020225
2.014204
2.008254
2.002465
1.996907
1.991658
1.986769
1.982299
1.978284
1.974761
1.971750
1.969272
1.967328
1.965924
1.965047
1.964689
1.964827
1.965439
1.966493
1.967959
1.969796
1.971969
1.974432
1.977143
1.980053
1.983120
1.986292
1.989527
1.992776
1.995996
1.999143
2.002178
2.005061
2.007760
2.010242
2.012483
2.014458
2.016152
2.017550
2.018646
2.019434
2.019917
2.020100
2.019994
2.019612
2.018973
2.018097
2.017007
2.015730
2.014292
2.012722
2.011049
2.009302
2.007511
2.005702
2.003904
2.002141
2.000437
1.998813
1.997289
1.995880
1.994602
1.993465
1.992479
1.991648
1.990978
1.990470
1.990121
1.989930
1.989890
1.989995
1.990235
1.990601
1.991082
1.991664
1.992336
1.993082
1.993889
1.994742
1.995628
1.996533
1.997442
1.998343
1.999224
2.000073
2.000879
2.001635
2.002330
2.002959
2.003516
2.003996
2.004397
2.004716
2.004954
2.005111
2.005189
2.005191
2.005120
2.004982
2.004782
2.004526
2.004221
2.003873
2.003490
2.003079
2.002648
2.002204
2.001754
2.001304
2.000862
2.000432
2.000021
1.999633
1.999272
1.998943
1.998647
1.998388
1.998167
1.997985
1.997842
1.997739
1.997674
1.997646
1.997653
1.997694
1.997766
1.997866
1.997991
1.998138
1.998303
1.998484
1.998676
1.998876
1.999082
1.999289
1.999494
1.999696
1.999890
2.000076
2.000249
2.000410
2.000556
2.000686
2.000799
2.000894
2.000971
2.001031
2.001072
2.001096
2.001104
2.001095
2.001072
2.001035
2.000986
2.000927
2.000857
2.000780
2.000697
2.000610
2.000519
2.000426
2.000334
2.000242
2.000153
2.000068
1.999987
1.999911
1.999842
1.999779
1.999724
1.999676
1.999636
1.999604
1.999580
1.999563
1.999554
1.999552
1.999557
1.999568
1.999585
1.999606
1.999632
1.999662
1.999695
1.999730
1.999767
1.999805
1.999843
1.999882
1.999920
1.999956
1.999991
2.000024
2.000054
2.000082
2.000107
2.000129
2.000147
2.000162
2.000174
2.000183
2.000189
2.000192
2.000191
2.000188
2.000183
2.000176
2.000166
2.000155
2.000142
2.000128
2.000114
2.000099
2.000083
2.000067
2.000052
2.000037
2.000022
2.000008
1.999995
1.999983
1.999972
1.999963
1.999954
1.999947
1.999941
1.999937
1.999933
1.999931
1.999930
1.999931
1.999932
1.999934
1.999937
1.999941
1.999945
1.999950
1.999955
1.999961
1.999967
1.999973
1.999978
1.999984
1.999990
1.999995
2.000000
2.000005
2.000009
2.000013
2.000017
2.000020
2.000022
2.000024
2.000026
2.000027
2.000027
2.000027
2.000027
2.000026
2.000026
2.000024
2.000023
2.000021
2.000019
2.000017
2.000015
2.000013
2.000011
2.000009
2.000007
2.000004
2.000003
2.000001
1.999999
1.999997
1.999996
1.999995
1.999994
1.999993
1.999992
1.999992
1.999991
1.999991
1.999991
1.999991
1.999991
1.999992
1.999992
1.999993
1.999993
1.999994
1.999995
1.999995
1.999996
1.999997
1.999998
1.999998
1.999999
2.000000
2.000000
2.000001
2.000001
2.000002
2.000002
2.000002
2.000003
2.000003
2.000003
2.000003
2.000003
2.000003
2.000003
2.000003
2.000003
2.000003
2.000003
2.000002
2.000002
2.000002
2.000002
2.000001
2.000001
2.000001
2.000001
2.000000
2.000000
2.000000
2.000000
2.000000
2.000000
1.999999
1.999999
1.999999
1.999999
1.999999
1.999999
1.999999
1.999999
1.999999
1.999999
1.999999
1.999999
1.999999
1.999999
1.999999
1.999999
2.000000
2.000000
2.000000
2.000000
2.000000
2.000000
2.000000
2.000000
2.000000
2.000000
2.000000
2.000000
2.000000
2.000000
2.000000
2.000000
2.000000
2.000000
2.000000
2.000000
2.000000
2.000000
2.000000
2.000000
2.000000
2.000000
2.000000
2.000000
2.000000
2.000000
2.000000
2.000000
2.000000
2.000000
2.000000
2.000000
2.000000
2.000000
2.000000
2.000000
2.000000
2.000000
2.000000
2.000000
2.000000
2.000000
2.000000
2.000000
2.000000
2.000000
2.000000
2.000000
2.000000
2.000000
2.000000
2.000000
2.000000
2.000000
2.000000
2.000000
2.000000
2.000000
2.000000
2.000000
2.000000
2.000000
2.000000
2.000000
2.000000
2.000000
2.000000
2.000000
2.000000
2.000000
2.000000
2.000000
2.000000
2.000000
2.000000
2.000000
2.000000
2.000000
2.000000
2.000000
2.000000
2.000000
2.000000
2.000000
2.000000
2.000000
2.000000
2.000000
2.000000
2.000000
2.000000
2.000000
2.000000
2.000000
2.000000
2.000000
2.000000
2.000000
2.000000
2.000000
2.000000
2.000000
2.000000
2.000000
2.000000
2.000000
2.000000
2.000000
2.000000
2.000000
2.000000
2.000000
2.000000
2.000000
2.000000
2.000000
2.000000
2.000000
2.000000
2.000000
2.000000
2.000000
2.000000
2.000000
2.000000
2.000000
2.000000
2.000000
2.000000
2.000000
2.000000
2.000000
2.000000
2.000000
2.000000
2.000000
2.000000
2.000000
2.000000
2.000000
2.000000
2.000000
2.000000
2.000000
2.000000
2.000000
2.000000
2.000000
2.000000
2.000000
2.000000
2.000000
2.000000
2.000000
2.000000
2.000000
2.000000
2.000000
2.000000
2.000000
2.000000
2.000000
2.000000
2.000000
2.000000
2.000000
2.000000
2.000000
2.000000
2.000000
2.000000
2.000000
2.000000
2.000000
2.000000
2.000000
2.000000
2.000000
2.000000
2.000000
2.000000
2.000000
2.000000
2.000000
2.000000
2.000000
2.000000
2.000000
2.000000
2.000000
2.000000
2.000000
2.000000
2.000000
2.000000
2.000000
2.000000
2.000000
2.000000
2.000000
2.000000
2.000000
2.000000
2.000000
2.000000
2.000000
2.000000
2.000000
2.000000
2.000000
2.000000
2.000000
2.000000
2.000000
2.000000
2.000000
2.000000
2.000000
2.000000
2.000000
2.000000
2.000000
2.000000
2.000000
2.000000
2.000000
2.000000
2.000000
2.000000
2.000000
2.000000
2.000000
2.000000
2.000000
2.000000
2.000000
2.000000
2.000000
2.000000
2.000000
2.000000
2.000000
2.000000
2.000000
2.000000
2.000000
2.000000
2.000000
2.000000
2.000000
2.000000
2.000000
2.000000
2.000000
2.000000
2.000000
2.000000
2.000000
2.000000
2.000000
2.000000
2.000000
2.000000
2.000000
2.000000
2.000000
2.000000
2.000000
2.000000
2.000000
2.000000
2.000000
2.000000
2.000000
2.000000
2.000000
2.000000
2.000000
2.000000
2.000000
2.000000
2.000000
2.000000
2.000000
2.000000
2.000000
2.000000
2.000000
2.000000
2.000000
2.000000
2.000000
2.000000
2.000000
2.000000
2.000000
2.000000
2.000000
2.000000
2.000000
2.000000
2.000000
2.000000
2.000000
2.000000
2.000000
2.000000
2.000000
2.000000
2.000000
2.000000
2.000000
2.000000
2.000000
2.000000
2.000000
2.000000
2.000000
2.000000
2.000000
2.000000
2.000000
2.000000
2.000000
2.000000
2.000000
2.000000
2.000000
2.000000
2.000000
2.000000
2.000000
2.000000
2.000000
2.000000
2.000000
2.000000
2.000000
2.000000
2.000000
2.000000
2.000000
2.000000
2.000000
2.000000
2.000000
2.000000
2.000000
2.000000
2.000000
2.000000
2.000000
2.000000
2.000000
2.000000
2.000000
2.000000
2.000000
