2.174534
2.096343
2.049663
2.049663
2.096343
2.174534
2.277017
2.390347
2.509269
2.622470
2.726860
2.813342
2.881033
2.923053
2.940701
2.929263
2.892134
2.826631
2.738061
2.625528
2.495941
2.349814
2.195193
2.033452
1.873113
1.715646
1.569145
1.434174
1.317289
1.217069
1.137565
1.074837
1.030402
0.998537
0.979442
0.967181
0.962027
0.958940
0.958878
0.957976
0.957886
0.955858
0.954176
0.951251
0.950152
0.950741
0.957214
0.971169
0.997949
1.040379
1.103730
1.190025
1.302129
1.439053
1.600046
1.780909
1.978128
2.185578
2.398478
2.610119
2.815630
3.008665
3.185033
3.339361
3.468634
3.568835
3.638424
3.674964
3.678544
3.648390
3.586248
3.492970
3.371865
3.225261
3.057816
2.873067
2.676687
2.473022
2.268283
2.067055
1.875403
1.697350
1.537853
1.399288
1.284338
1.192680
1.123984
1.075181
1.043688
1.025244
1.016911
1.015061
1.017734
1.022714
1.029315
1.036711
1.045335
1.055555
1.068747
1.086292
1.110308
1.142870
1.186357
1.242815
1.313994
1.400902
1.503751
1.621829
1.753527
1.896491
2.047703
2.203768
2.360960
2.515536
2.663720
2.801995
2.927030
3.035950
3.126211
3.195851
3.243327
3.267739
3.268645
3.246262
3.201246
3.134890
3.048866
2.945411
2.827047
2.696744
2.557621
2.413090
2.266529
2.121412
1.980946
1.848201
1.725713
1.615636
1.519350
1.437697
1.370652
1.317721
1.277707
1.249269
1.230703
1.220558
1.217316
1.219981
1.227612
1.239878
1.256476
1.277680
1.303675
1.335120
1.372419
1.416307
1.467083
1.525221
1.590608
1.663202
1.742290
1.827209
1.916644
2.009389
2.103673
2.197953
2.290235
2.378887
2.461946
2.537922
2.605104
2.662338
2.708324
2.742384
2.763735
2.772248
2.767703
2.750537
2.721087
2.680319
2.629063
2.568732
2.500540
2.426217
2.347217
2.265420
2.182340
2.099821
2.019241
1.942213
1.869799
1.803221
1.743089
1.690142
1.644506
1.606456
1.575702
1.552179
1.535345
1.524967
1.520427
1.521481
1.527562
1.538506
1.553844
1.573505
1.597096
1.624594
1.655624
1.690136
1.727704
1.768189
1.811057
1.856042
1.902482
1.949981
1.997764
2.045340
2.091867
2.136812
2.179334
2.218930
2.254824
2.286615
2.313657
2.335704
2.352292
2.363368
2.368679
2.368387
2.362453
2.351252
2.334946
2.314096
2.289034
2.260463
2.228835
2.194941
2.159292
2.122703
2.085683
2.049006
2.013119
1.978705
1.946100
1.915858
1.888178
1.863469
1.841786
1.823396
1.808229
1.796432
1.787833
1.782489
1.780159
1.780838
1.784242
1.790327
1.798782
1.809534
1.822258
1.836859
1.852995
1.870552
1.889174
1.908728
1.928847
1.949382
1.969959
1.990427
2.010413
2.029773
2.048155
2.065432
2.081287
2.095632
2.108197
2.118943
2.127662
2.134376
2.138942
2.141450
2.141827
2.140227
2.136642
2.131287
2.124210
2.115673
2.105768
2.094789
2.082856
2.070278
2.057185
2.043885
2.030500
2.017321
2.004451
1.992147
1.980483
1.969679
1.959768
1.950928
1.943153
1.936576
1.931154
1.926978
1.923971
1.922188
1.921523
1.922001
1.923493
1.925999
1.929372
1.933597
1.938512
1.944089
1.950162
1.956694
1.963516
1.970589
1.977746
1.984950
1.992043
1.998991
2.005649
2.011994
2.017895
2.023344
2.028227
2.032554
2.036232
2.039287
2.041650
2.043367
2.044387
2.044777
2.044506
2.043655
2.042214
2.040276
2.037843
2.035019
2.031817
2.028345
2.024621
2.020754
2.016764
2.012756
2.008747
2.004836
2.001033
1.997428
1.994022
1.990893
1.988033
1.985506
1.983295
1.981451
1.979945
1.978817
1.978028
1.977606
1.977505
1.977743
1.978267
1.979087
1.980146
1.981446
1.982929
1.984594
1.986378
1.988282
1.990242
1.992259
1.994272
1.996282
1.998234
2.000129
2.001918
2.003607
2.005151
2.006562
2.007801
2.008883
2.009778
2.010506
2.011041
2.011408
2.011588
2.011611
2.011462
2.011173
2.010735
2.010182
2.009508
2.008748
2.007899
2.006996
2.006036
2.005054
2.004048
2.003050
2.002057
2.001100
2.000174
1.999306
1.998490
1.997750
1.997077
1.996491
1.995982
1.995567
1.995232
1.994992
1.994831
1.994759
1.994761
1.994844
1.994990
1.995206
1.995473
1.995796
1.996155
1.996555
1.996976
1.997423
1.997876
1.998340
1.998796
1.999250
1.999684
2.000104
2.000494
2.000860
2.001189
2.001488
2.001745
2.001968
2.002146
2.002289
2.002387
2.002451
2.002474
2.002465
2.002418
2.002344
2.002239
2.002113
2.001961
2.001795
2.001611
2.001419
2.001216
2.001012
2.000803
2.000599
2.000397
2.000205
2.000020
1.999849
1.999689
1.999546
1.999416
1.999306
1.999210
1.999135
1.999074
1.999034
1.999007
1.999000
1.999005
1.999026
1.999058
1.999105
1.999159
1.999224
1.999294
1.999372
1.999453
1.999538
1.999623
1.999710
1.999794
1.999877
1.999956
2.000032
2.000101
2.000166
2.000223
2.000275
2.000318
2.000355
2.000384
2.000407
2.000421
2.000430
2.000431
2.000428
2.000417
2.000402
2.000382
2.000359
2.000331
2.000302
2.000269
2.000236
2.000200
2.000166
2.000130
2.000096
2.000063
2.000031
2.000001
1.999974
1.999948
1.999925
1.999905
1.999888
1.999873
1.999862
1.999853
1.999848
1.999844
1.999844
1.999846
1.999850
1.999856
1.999864
1.999872
1.999883
1.999894
1.999907
1.999919
1.999933
1.999945
1.999959
1.999971
1.999984
1.999995
2.000007
2.000016
2.000026
2.000034
2.000041
2.000047
2.000052
2.000056
2.000059
2.000061
2.000062
2.000061
2.000061
2.000059
2.000056
2.000053
2.000050
2.000046
2.000041
2.000037
2.000032
2.000027
2.000022
2.000017
2.000013
2.000008
2.000004
2.000000
1.999996
1.999993
1.999990
1.999987
1.999985
1.999983
1.999982
1.999981
1.999980
1.999980
1.999980
1.999980
1.999981
1.999982
1.999983
1.999984
1.999986
1.999987
1.999989
1.999990
1.999992
1.999994
1.999995
1.999997
1.999998
2.000000
2.000001
2.000002
2.000003
2.000004
2.000005
2.000006
2.000006
2.000007
2.000007
2.000007
2.000007
2.000007
2.000007
2.000007
2.000006
2.000006
2.000006
2.000005
2.000005
2.000004
2.000004
2.000003
2.000002
2.000002
2.000001
2.000001
2.000000
2.000000
2.000000
1.999999
1.999999
1.999999
1.999998
1.999998
1.999998
1.999998
1.999998
1.999998
1.999998
1.999998
1.999998
1.999998
1.999998
1.999998
1.999999
1.999999
1.999999
1.999999
1.999999
1.999999
2.000000
2.000000
2.000000
2.000000
2.000000
2.000000
2.000000
2.000000
2.000001
2.000001
2.000001
2.000001
2.000001
2.000001
2.000001
2.000001
2.000001
2.000001
2.000001
2.000001
2.000001
2.000000
2.000000
2.000000
2.000000
2.000000
2.000000
2.000000
2.000000
2.000000
2.000000
2.000000
2.000000
2.000000
2.000000
2.000000
2.000000
2.000000
2.000000
2.000000
2.000000
2.000000
2.000000
2.000000
2.000000
2.000000
2.000000
2.000000
2.000000
2.000000
2.000000
2.000000
2.000000
2.000000
2.000000
2.000000
2.000000
2.000000
2.000000
2.000000
2.000000
2.000000
2.000000
2.000000
2.000000
2.000000
2.000000
2.000000
2.000000
2.000000
2.000000
2.000000
2.000000
2.000000
2.000000
2.000000
2.000000
2.000000
2.000000
2.000000
2.000000
2.000000
2.000000
2.000000
2.000000
2.000000
2.000000
2.000000
2.000000
2.000000
2.000000
2.000000
2.000000
2.000000
2.000000
2.000000
2.000000
2.000000
2.000000
2.000000
2.000000
2.000000
2.000000
2.000000
2.000000
2.000000
2.000000
2.000000
2.000000
2.000000
2.000000
2.000000
2.000000
2.000000
2.000000
2.000000
2.000000
2.000000
2.000000
2.000000
2.000000
2.000000
2.000000
2.000000
2.000000
2.000000
2.000000
2.000000
2.000000
2.000000
2.000000
2.000000
2.000000
2.000000
2.000000
2.000000
2.000000
2.000000
2.000000
2.000000
2.000000
2.000000
2.000000
2.000000
2.000000
2.000000
2.000000
2.000000
2.000000
2.000000
2.000000
2.000000
2.000000
2.000000
2.000000
2.000000
2.000000
2.000000
2.000000
2.000000
2.000000
2.000000
2.000000
2.000000
2.000000
2.000000
2.000000
2.000000
2.000000
2.000000
2.000000
2.000000
2.000000
2.000000
2.000000
2.000000
2.000000
2.000000
2.000000
2.000000
2.000000
2.000000
2.000000
2.000000
2.000000
2.000000
2.000000
2.000000
2.000000
2.000000
2.000000
2.000000
2.000000
2.000000
2.000000
2.000000
2.000000
2.000000
2.000000
2.000000
2.000000
2.000000
2.000000
2.000000
2.000000
2.000000
2.000000
2.000000
2.000000
2.000000
2.000000
2.000000
2.000000
2.000000
2.000000
2.000000
2.000000
2.000000
2.000000
2.000000
2.000000
2.000000
2.000000
2.000000
2.000000
2.000000
2.000000
2.000000
2.000000
2.000000
2.000000
2.000000
2.000000
2.000000
2.000000
2.000000
2.000000
2.000000
2.000000
2.000000
2.000000
2.000000
2.000000
2.000000
2.000000
2.000000
2.000000
2.000000
2.000000
2.000000
2.000000
2.000000
2.000000
2.000000
2.000000
2.000000
2.000000
2.000000
2.000000
2.000000
2.000000
2.000000
2.000000
2.000000
2.000000
2.000000
2.000000
2.000000
2.000000
2.000000
2.000000
2.000000
2.000000
2.000000
2.000000
2.000000
2.000000
2.000000
2.000000
2.000000
2.000000
2.000000
2.000000
2.000000
2.000000
2.000000
2.000000
2.000000
2.000000
2.000000
2.000000
2.000000
2.000000
2.000000
2.000000
2.000000
2.000000
2.000000
2.000000
2.000000
2.000000
2.000000
2.000000
2.000000
2.000000
2.000000
2.000000
2.000000
2.000000
2.000000
2.000000
2.000000
2.000000
2.000000
2.000000
2.000000
2.000000
2.000000
2.000000
2.000000
2.000000
2.000000
2.000000
2.000000
2.000000
2.000000
2.000000
2.000000
2.000000
2.000000
2.000000
2.000000
2.000000
2.000000
2.000000
2.000000
2.000000
2.000000
2.000000
2.000000
2.000000
2.000000
2.000000
2.000000
2.000000
2.000000
2.000000
2.000000
2.000000
2.000000
2.000000
2.000000
2.000000
2.000000
2.000000
2.000000
2.000000
