2.177575
2.101324
2.055752
2.055752
2.101324
2.177575
2.277285
2.387242
2.502169
2.610945
2.710444
2.791739
2.853901
2.890207
2.901916
2.884463
2.841208
2.769620
2.674982
2.556558
2.421248
2.269738
2.110089
1.943861
1.779618
1.619020
1.470217
1.333925
1.216709
1.117170
1.039226
0.978741
0.936960
0.907834
0.891335
0.881254
0.877814
0.875801
0.876264
0.875200
0.874424
0.871045
0.867570
0.862305
0.858674
0.856594
0.860884
0.873512
0.900762
0.946005
1.015338
1.110838
1.235436
1.387409
1.565535
1.764630
1.980737
2.206901
2.438117
2.667051
2.888789
3.096503
3.286082
3.451756
3.590661
3.698439
3.773748
3.813843
3.819044
3.788297
3.723606
3.625573
3.497791
3.342371
3.164297
2.966932
2.756341
2.536771
2.314924
2.095416
1.884965
1.687812
1.509784
1.353669
1.223144
1.118241
1.039330
0.983143
0.947114
0.926172
0.917012
0.915109
0.918252
0.923582
0.930420
0.937576
0.945720
0.955099
0.967528
0.984497
1.008745
1.042618
1.089158
1.150624
1.229188
1.325735
1.440496
1.572280
1.719229
1.878362
2.046374
2.219277
2.393136
2.563715
2.727126
2.879454
3.017341
3.137583
3.237674
3.315377
3.369229
3.398097
3.401658
3.379926
3.333711
3.264135
3.173060
3.062590
2.935476
2.794608
2.643391
2.485226
2.323857
2.162841
2.005859
1.856172
1.716901
1.590483
1.478926
1.383331
1.304185
1.241044
1.192934
1.158264
1.135273
1.122077
1.117011
1.118671
1.126047
1.138551
1.155956
1.178439
1.206387
1.240470
1.281343
1.329774
1.386271
1.451275
1.524774
1.606576
1.695947
1.791977
1.893240
1.998230
2.105035
2.211802
2.316409
2.416934
2.511314
2.597811
2.674645
2.740453
2.793906
2.834151
2.860410
2.872413
2.869980
2.853441
2.823202
2.780160
2.725249
2.659848
2.585319
2.503399
2.415733
2.324260
2.230729
2.137094
2.045015
1.956255
1.872186
1.794194
1.723193
1.660063
1.605179
1.558884
1.521054
1.491599
1.470049
1.456076
1.449067
1.448652
1.454247
1.465564
1.482125
1.503753
1.530063
1.560941
1.596022
1.635172
1.677966
1.724171
1.773235
1.824784
1.878116
1.932714
1.987748
2.042596
2.096354
2.148362
2.197714
2.243788
2.285756
2.323105
2.355154
2.381564
2.401848
2.415884
2.423414
2.424549
2.419270
2.407921
2.390706
2.368177
2.340729
2.309081
2.273767
2.235617
2.195242
2.153514
2.111056
2.068715
2.027058
1.986846
1.948533
1.912746
1.879790
1.850133
1.823917
1.801446
1.782709
1.767865
1.756779
1.749497
1.745791
1.745628
1.748720
1.754984
1.764094
1.775934
1.790153
1.806610
1.824934
1.844963
1.866307
1.888786
1.911995
1.935737
1.959602
1.983389
2.006690
2.029313
2.050870
2.071195
2.089937
2.106973
2.122004
2.134965
2.145624
2.153985
2.159891
2.163422
2.164498
2.163272
2.159742
2.154127
2.146490
2.137109
2.126094
2.113766
2.100269
2.085944
2.070949
2.055629
2.040137
2.024802
2.009755
1.995294
1.981517
1.968680
1.956837
1.946196
1.936767
1.928705
1.921975
1.916686
1.912760
1.910264
1.909082
1.909247
1.910615
1.913187
1.916798
1.921429
1.926896
1.933166
1.940048
1.947497
1.955318
1.963465
1.971744
1.980110
1.988378
1.996509
2.004331
2.011816
2.018810
2.025301
2.031154
2.036379
2.040863
2.044636
2.047611
2.049841
2.051262
2.051950
2.051863
2.051096
2.049629
2.047572
2.044922
2.041800
2.038215
2.034297
2.030059
2.025635
2.021040
2.016403
2.011738
2.007168
2.002699
1.998444
1.994400
1.990665
1.987227
1.984169
1.981465
1.979186
1.977293
1.975841
1.974780
1.974153
1.973899
1.974049
1.974536
1.975380
1.976507
1.977930
1.979572
1.981443
1.983461
1.985634
1.987882
1.990210
1.992544
1.994888
1.997172
1.999404
2.001518
2.003528
2.005374
2.007075
2.008577
2.009906
2.011015
2.011936
2.012630
2.013132
2.013413
2.013511
2.013403
2.013132
2.012680
2.012092
2.011354
2.010513
2.009559
2.008538
2.007441
2.006316
2.005151
2.003993
2.002831
2.001709
2.000613
1.999584
1.998607
1.997719
1.996901
1.996187
1.995556
1.995037
1.994607
1.994290
1.994062
1.993943
1.993907
1.993972
1.994108
1.994332
1.994615
1.994969
1.995365
1.995816
1.996291
1.996803
1.997323
1.997861
1.998391
1.998924
1.999433
1.999932
2.000395
2.000836
2.001232
2.001597
2.001912
2.002190
2.002415
2.002601
2.002733
2.002827
2.002870
2.002877
2.002838
2.002768
2.002658
2.002524
2.002357
2.002174
2.001965
2.001749
2.001515
2.001281
2.001037
2.000801
2.000562
2.000337
2.000115
1.999912
1.999718
1.999546
1.999385
1.999250
1.999129
1.999033
1.998953
1.998898
1.998858
1.998842
1.998839
1.998858
1.998887
1.998936
1.998993
1.999065
1.999142
1.999231
1.999321
1.999420
1.999517
1.999619
1.999716
1.999816
1.999907
1.999999
2.000081
2.000160
2.000229
2.000294
2.000347
2.000395
2.000432
2.000463
2.000483
2.000498
2.000502
2.000501
2.000491
2.000478
2.000456
2.000432
2.000400
2.000368
2.000331
2.000294
2.000252
2.000213
2.000171
2.000132
2.000091
2.000055
2.000018
1.999985
1.999953
1.999926
1.999900
1.999880
1.999860
1.999846
1.999834
1.999826
1.999820
1.999819
1.999819
1.999823
1.999828
1.999837
1.999846
1.999858
1.999870
1.999885
1.999898
1.999914
1.999929
1.999945
1.999959
1.999974
1.999988
2.000002
2.000013
2.000025
2.000035
2.000044
2.000051
2.000058
2.000063
2.000068
2.000070
2.000072
2.000072
2.000072
2.000069
2.000068
2.000064
2.000060
2.000056
2.000051
2.000045
2.000040
2.000034
2.000029
2.000023
2.000018
2.000012
2.000007
2.000002
1.999998
1.999994
1.999990
1.999987
1.999984
1.999982
1.999980
1.999978
1.999978
1.999977
1.999977
1.999977
1.999978
1.999978
1.999980
1.999981
1.999982
1.999984
1.999986
1.999988
1.999990
1.999991
1.999994
1.999995
1.999997
1.999999
2.000000
2.000002
2.000003
2.000004
2.000005
2.000006
2.000007
2.000007
2.000008
2.000008
2.000008
2.000008
2.000008
2.000008
2.000008
2.000007
2.000007
2.000006
2.000006
2.000005
2.000005
2.000004
2.000003
2.000002
2.000002
2.000001
2.000001
2.000000
2.000000
1.999999
1.999999
1.999999
1.999998
1.999998
1.999998
1.999998
1.999998
1.999998
1.999998
1.999998
1.999998
1.999998
1.999998
1.999998
1.999998
1.999998
1.999999
1.999999
1.999999
1.999999
1.999999
2.000000
2.000000
2.000000
2.000000
2.000000
2.000000
2.000000
2.000001
2.000001
2.000001
2.000001
2.000001
2.000001
2.000001
2.000001
2.000001
2.000001
2.000001
2.000001
2.000001
2.000001
2.000001
2.000000
2.000000
2.000000
2.000000
2.000000
2.000000
2.000000
2.000000
2.000000
2.000000
2.000000
2.000000
2.000000
2.000000
2.000000
2.000000
2.000000
2.000000
2.000000
2.000000
2.000000
2.000000
2.000000
2.000000
2.000000
2.000000
2.000000
2.000000
2.000000
2.000000
2.000000
2.000000
2.000000
2.000000
2.000000
2.000000
2.000000
2.000000
2.000000
2.000000
2.000000
2.000000
2.000000
2.000000
2.000000
2.000000
2.000000
2.000000
2.000000
2.000000
2.000000
2.000000
2.000000
2.000000
2.000000
2.000000
2.000000
2.000000
2.000000
2.000000
2.000000
2.000000
2.000000
2.000000
2.000000
2.000000
2.000000
2.000000
2.000000
2.000000
2.000000
2.000000
2.000000
2.000000
2.000000
2.000000
2.000000
2.000000
2.000000
2.000000
2.000000
2.000000
2.000000
2.000000
2.000000
2.000000
2.000000
2.000000
2.000000
2.000000
2.000000
2.000000
2.000000
2.000000
2.000000
2.000000
2.000000
2.000000
2.000000
2.000000
2.000000
2.000000
2.000000
2.000000
2.000000
2.000000
2.000000
2.000000
2.000000
2.000000
2.000000
2.000000
2.000000
2.000000
2.000000
2.000000
2.000000
2.000000
2.000000
2.000000
2.000000
2.000000
2.000000
2.000000
2.000000
2.000000
2.000000
2.000000
2.000000
2.000000
2.000000
2.000000
2.000000
2.000000
2.000000
2.000000
2.000000
2.000000
2.000000
2.000000
2.000000
2.000000
2.000000
2.000000
2.000000
2.000000
2.000000
2.000000
2.000000
2.000000
2.000000
2.000000
2.000000
2.000000
2.000000
2.000000
2.000000
2.000000
2.000000
2.000000
2.000000
2.000000
2.000000
2.000000
2.000000
2.000000
2.000000
2.000000
2.000000
2.000000
2.000000
2.000000
2.000000
2.000000
2.000000
2.000000
2.000000
2.000000
2.000000
2.000000
2.000000
2.000000
2.000000
2.000000
2.000000
2.000000
2.000000
2.000000
2.000000
2.000000
2.000000
2.000000
2.000000
2.000000
2.000000
2.000000
2.000000
2.000000
2.000000
2.000000
2.000000
2.000000
2.000000
2.000000
2.000000
2.000000
2.000000
2.000000
2.000000
2.000000
2.000000
2.000000
2.000000
2.000000
2.000000
2.000000
2.000000
2.000000
2.000000
2.000000
2.000000
2.000000
2.000000
2.000000
2.000000
2.000000
2.000000
2.000000
2.000000
2.000000
2.000000
2.000000
2.000000
2.000000
2.000000
2.000000
2.000000
2.000000
2.000000
2.000000
2.000000
2.000000
2.000000
2.000000
2.000000
2.000000
2.000000
2.000000
2.000000
2.000000
2.000000
2.000000
2.000000
2.000000
2.000000
2.000000
2.000000
2.000000
2.000000
2.000000
2.000000
2.000000
2.000000
2.000000
2.000000
2.000000
2.000000
2.000000
2.000000
2.000000
2.000000
2.000000
2.000000
2.000000
2.000000
2.000000
2.000000
2.000000
2.000000
2.000000
2.000000
2.000000
2.000000
2.000000
2.000000
2.000000
2.000000
2.000000
2.000000
2.000000
2.000000
2.000000
2.000000
2.000000
2.000000
2.000000
2.000000
2.000000
2.000000
2.000000
2.000000
2.000000
2.000000
2.000000
2.000000
2.000000
2.000000
2.000000
2.000000
2.000000
2.000000
2.000000
2.000000
2.000000
2.000000
2.000000
2.000000
2.000000
2.000000
2.000000
2.000000
2.000000
2.000000
2.000000
2.000000
2.000000
2.000000
2.000000
2.000000
2.000000
2.000000
2.000000
2.000000
2.000000
