2.177446
2.101802
2.056591
2.056591
2.101802
2.177446
2.276300
2.385254
2.499011
2.606538
2.704679
2.784585
2.845292
2.880150
2.890378
2.871484
2.826788
2.753828
2.657851
2.538187
2.401706
2.249161
2.088583
1.921604
1.756760
1.595781
1.446789
1.310558
1.193608
1.094567
1.017273
0.957565
0.916586
0.888242
0.872423
0.862901
0.859866
0.858106
0.858672
0.857565
0.856615
0.852929
0.849040
0.843252
0.839043
0.836366
0.840157
0.852492
0.879851
0.925753
0.996457
1.094055
1.221452
1.376758
1.558619
1.761649
1.981784
2.211912
2.446974
2.679524
2.904635
3.115394
3.307699
3.475713
3.616596
3.725931
3.802409
3.843233
3.848761
3.817893
3.752675
3.653666
3.524508
3.367276
3.187008
2.987041
2.773504
2.550632
2.325211
2.101867
1.887438
1.686212
1.504185
1.344241
1.210264
1.102389
1.021148
0.963265
0.926178
0.904652
0.895285
0.893359
0.896591
0.901983
0.908847
0.915921
0.923919
0.933068
0.945277
0.962073
0.986330
1.020469
1.067678
1.130272
1.210506
1.309234
1.426674
1.561521
1.711850
1.874543
2.046225
2.222788
2.400250
2.574274
2.740953
2.896291
3.036925
3.159589
3.261783
3.341216
3.396444
3.426286
3.430441
3.408886
3.362460
3.292250
3.200154
3.088248
2.959329
2.816266
2.662521
2.501488
2.336982
2.172573
2.012034
1.858665
1.715706
1.585653
1.470653
1.371873
1.289920
1.224378
1.174335
1.138155
1.114069
1.100101
1.094547
1.095912
1.103166
1.115661
1.133186
1.155901
1.184234
1.218864
1.260505
1.309933
1.367704
1.434250
1.509580
1.593465
1.685163
1.783704
1.887636
1.995384
2.105004
2.214575
2.321944
2.425130
2.522049
2.610907
2.689912
2.757658
2.812809
2.854474
2.881878
2.894720
2.892829
2.876509
2.846183
2.802729
2.747103
2.680675
2.604834
2.521318
2.431808
2.338253
2.242452
2.146376
2.051746
1.960356
1.873645
1.793035
1.719513
1.653990
1.596904
1.548620
1.509056
1.478125
1.455377
1.440467
1.432787
1.431939
1.437337
1.448664
1.465440
1.487465
1.514353
1.545969
1.581951
1.622144
1.666122
1.713631
1.764113
1.817167
1.872084
1.928317
1.985023
2.041550
2.096981
2.150624
2.201563
2.249144
2.292531
2.331184
2.364416
2.391864
2.413040
2.427802
2.435893
2.437412
2.432344
2.421023
2.403664
2.380814
2.352883
2.320591
2.284490
2.245414
2.204000
2.161130
2.117451
2.073826
2.030850
1.989299
1.949657
1.912567
1.878361
1.847519
1.820208
1.796738
1.777117
1.761509
1.749786
1.741995
1.737912
1.737499
1.740467
1.746725
1.755945
1.767999
1.782532
1.799391
1.818199
1.838782
1.860744
1.883889
1.907808
1.932291
1.956919
1.981478
2.005554
2.028942
2.051248
2.072294
2.091723
2.109401
2.125026
2.138523
2.149658
2.158427
2.164672
2.168468
2.169736
2.168627
2.165139
2.159493
2.151755
2.142204
2.130957
2.118339
2.104499
2.089785
2.074364
2.058585
2.042612
2.026778
2.011226
1.996259
1.981984
1.968663
1.956358
1.945282
1.935450
1.927022
1.919967
1.914397
1.910235
1.907550
1.906226
1.906297
1.907615
1.910183
1.913832
1.918540
1.924122
1.930540
1.937599
1.945251
1.953299
1.961689
1.970227
1.978861
1.987403
1.995810
2.003906
2.011661
2.018915
2.025656
2.031744
2.037186
2.041868
2.045818
2.048947
2.051308
2.052835
2.053603
2.053571
2.052835
2.051373
2.049299
2.046608
2.043426
2.039760
2.035744
2.031394
2.026844
2.022112
2.017331
2.012515
2.007791
2.003167
1.998758
1.994562
1.990682
1.987105
1.983917
1.981094
1.978706
1.976716
1.975181
1.974050
1.973367
1.973071
1.973194
1.973665
1.974508
1.975645
1.977091
1.978766
1.980680
1.982749
1.984981
1.987294
1.989694
1.992101
1.994523
1.996884
1.999195
2.001387
2.003473
2.005391
2.007162
2.008729
2.010118
2.011281
2.012250
2.012985
2.013522
2.013830
2.013950
2.013855
2.013592
2.013139
2.012546
2.011796
2.010939
2.009962
2.008917
2.007789
2.006631
2.005430
2.004236
2.003035
2.001874
2.000738
1.999671
1.998656
1.997731
1.996878
1.996133
1.995471
1.994926
1.994472
1.994135
1.993889
1.993758
1.993711
1.993769
1.993902
1.994126
1.994411
1.994771
1.995174
1.995636
1.996123
1.996650
1.997184
1.997739
1.998286
1.998837
1.999364
1.999881
2.000362
2.000821
2.001233
2.001615
2.001943
2.002236
2.002472
2.002669
2.002810
2.002912
2.002960
2.002973
2.002935
2.002868
2.002757
2.002622
2.002452
2.002266
2.002052
2.001830
2.001589
2.001349
2.001097
2.000854
2.000606
2.000373
2.000143
1.999932
1.999729
1.999550
1.999382
1.999241
1.999113
1.999013
1.998927
1.998869
1.998824
1.998806
1.998801
1.998819
1.998847
1.998896
1.998953
1.999027
1.999105
1.999196
1.999289
1.999391
1.999490
1.999596
1.999696
1.999799
1.999894
1.999989
2.000074
2.000157
2.000229
2.000297
2.000352
2.000403
2.000442
2.000475
2.000497
2.000513
2.000518
2.000519
2.000509
2.000496
2.000473
2.000449
2.000417
2.000385
2.000346
2.000308
2.000266
2.000225
2.000182
2.000141
2.000099
2.000061
2.000023
1.999989
1.999955
1.999927
1.999900
1.999878
1.999858
1.999843
1.999830
1.999822
1.999815
1.999814
1.999813
1.999817
1.999822
1.999831
1.999840
1.999852
1.999864
1.999879
1.999893
1.999910
1.999924
1.999941
1.999956
1.999972
1.999985
2.000000
2.000012
2.000025
2.000034
2.000045
2.000052
2.000060
2.000064
2.000069
2.000072
2.000074
2.000074
2.000074
2.000072
2.000070
2.000066
2.000063
2.000058
2.000054
2.000048
2.000043
2.000036
2.000031
2.000024
2.000019
2.000013
2.000008
2.000003
1.999999
1.999994
1.999991
1.999987
1.999984
1.999981
1.999980
1.999978
1.999977
1.999976
1.999976
1.999976
1.999977
1.999977
1.999979
1.999980
1.999982
1.999983
1.999985
1.999987
1.999989
1.999991
1.999993
1.999995
1.999997
1.999998
2.000000
2.000002
2.000003
2.000004
2.000006
2.000006
2.000007
2.000008
2.000008
2.000008
2.000009
2.000009
2.000009
2.000008
2.000008
2.000008
2.000007
2.000007
2.000006
2.000005
2.000005
2.000004
2.000004
2.000003
2.000002
2.000001
2.000001
2.000000
2.000000
1.999999
1.999999
1.999999
1.999998
1.999998
1.999998
1.999998
1.999998
1.999997
1.999998
1.999997
1.999998
1.999998
1.999998
1.999998
1.999998
1.999998
1.999999
1.999999
1.999999
1.999999
1.999999
1.999999
2.000000
2.000000
2.000000
2.000000
2.000000
2.000000
2.000001
2.000001
2.000001
2.000001
2.000001
2.000001
2.000001
2.000001
2.000001
2.000001
2.000001
2.000001
2.000001
2.000001
2.000001
2.000000
2.000000
2.000000
2.000000
2.000000
2.000000
2.000000
2.000000
2.000000
2.000000
2.000000
2.000000
2.000000
2.000000
2.000000
2.000000
2.000000
2.000000
2.000000
2.000000
2.000000
2.000000
2.000000
2.000000
2.000000
2.000000
2.000000
2.000000
2.000000
2.000000
2.000000
2.000000
2.000000
2.000000
2.000000
2.000000
2.000000
2.000000
2.000000
2.000000
2.000000
2.000000
2.000000
2.000000
2.000000
2.000000
2.000000
2.000000
2.000000
2.000000
2.000000
2.000000
2.000000
2.000000
2.000000
2.000000
2.000000
2.000000
2.000000
2.000000
2.000000
2.000000
2.000000
2.000000
2.000000
2.000000
2.000000
2.000000
2.000000
2.000000
2.000000
2.000000
2.000000
2.000000
2.000000
2.000000
2.000000
2.000000
2.000000
2.000000
2.000000
2.000000
2.000000
2.000000
2.000000
2.000000
2.000000
2.000000
2.000000
2.000000
2.000000
2.000000
2.000000
2.000000
2.000000
2.000000
2.000000
2.000000
2.000000
2.000000
2.000000
2.000000
2.000000
2.000000
2.000000
2.000000
2.000000
2.000000
2.000000
2.000000
2.000000
2.000000
2.000000
2.000000
2.000000
2.000000
2.000000
2.000000
2.000000
2.000000
2.000000
2.000000
2.000000
2.000000
2.000000
2.000000
2.000000
2.000000
2.000000
2.000000
2.000000
2.000000
2.000000
2.000000
2.000000
2.000000
2.000000
2.000000
2.000000
2.000000
2.000000
2.000000
2.000000
2.000000
2.000000
2.000000
2.000000
2.000000
2.000000
2.000000
2.000000
2.000000
2.000000
2.000000
2.000000
2.000000
2.000000
2.000000
2.000000
2.000000
2.000000
2.000000
2.000000
2.000000
2.000000
2.000000
2.000000
2.000000
2.000000
2.000000
2.000000
2.000000
2.000000
2.000000
2.000000
2.000000
2.000000
2.000000
2.000000
2.000000
2.000000
2.000000
2.000000
2.000000
2.000000
2.000000
2.000000
2.000000
2.000000
2.000000
2.000000
2.000000
2.000000
2.000000
2.000000
2.000000
2.000000
2.000000
2.000000
2.000000
2.000000
2.000000
2.000000
2.000000
2.000000
2.000000
2.000000
2.000000
2.000000
2.000000
2.000000
2.000000
2.000000
2.000000
2.000000
2.000000
2.000000
2.000000
2.000000
2.000000
2.000000
2.000000
2.000000
2.000000
2.000000
2.000000
2.000000
2.000000
2.000000
2.000000
2.000000
2.000000
2.000000
2.000000
2.000000
2.000000
2.000000
2.000000
2.000000
2.000000
2.000000
2.000000
2.000000
2.000000
2.000000
2.000000
2.000000
2.000000
2.000000
2.000000
2.000000
2.000000
2.000000
2.000000
2.000000
2.000000
2.000000
2.000000
2.000000
2.000000
2.000000
2.000000
2.000000
2.000000
2.000000
2.000000
2.000000
2.000000
2.000000
2.000000
2.000000
2.000000
2.000000
2.000000
2.000000
2.000000
2.000000
2.000000
2.000000
2.000000
2.000000
2.000000
2.000000
2.000000
2.000000
2.000000
2.000000
2.000000
2.000000
2.000000
2.000000
2.000000
2.000000
2.000000
2.000000
2.000000
2.000000
2.000000
2.000000
2.000000
2.000000
2.000000
2.000000
2.000000
2.000000
2.000000
2.000000
2.000000
2.000000
2.000000
2.000000
2.000000
2.000000
2.000000
2.000000
2.000000
2.000000
2.000000
2.000000
2.000000
2.000000
2.000000
2.000000
2.000000
2.000000
2.000000
2.000000
2.000000
2.000000
2.000000
2.000000
2.000000
2.000000
2.000000
