2.176509
2.102143
2.057706
2.057706
2.102143
2.176509
2.273560
2.380422
2.491750
2.596709
2.692074
2.769172
2.826955
2.858938
2.866250
2.844556
2.797083
2.721525
2.623035
2.501102
2.362502
2.208149
2.045990
1.877813
1.712075
1.550660
1.401604
1.265808
1.149674
1.051886
0.976093
0.918103
0.878823
0.852101
0.837649
0.829237
0.826977
0.825702
0.826445
0.825251
0.823957
0.819692
0.815013
0.808245
0.802947
0.799150
0.801998
0.813787
0.841360
0.888532
0.961850
1.063427
1.196087
1.357617
1.546399
1.756679
1.984194
2.221557
2.463612
2.702722
2.933933
3.150192
3.347409
3.519639
3.664076
3.776210
3.854782
3.896912
3.903017
3.871925
3.805747
3.704978
3.573335
3.412835
3.228607
3.023942
2.805077
2.576228
2.344322
2.114007
1.892317
1.683635
1.494241
1.327209
1.186790
1.073337
0.987689
0.926584
0.887475
0.864836
0.855070
0.853099
0.856487
0.861987
0.868879
0.875774
0.883459
0.892138
0.903888
0.920314
0.944546
0.979159
1.027616
1.092340
1.175734
1.278587
1.401074
1.541671
1.698317
1.867637
2.046128
2.229458
2.413563
2.593930
2.766612
2.927473
3.073146
3.200249
3.306298
3.388908
3.446664
3.478306
3.483573
3.462371
3.415591
3.344261
3.250339
3.135854
3.003676
2.856643
2.698309
2.532058
2.361825
2.191202
2.024122
1.863953
1.714141
1.577302
1.455827
1.351017
1.263709
1.193556
1.139768
1.100645
1.074404
1.058900
1.052355
1.053099
1.060059
1.072477
1.090168
1.113257
1.142262
1.177876
1.220923
1.272203
1.332357
1.401807
1.480589
1.568408
1.664500
1.767781
1.876747
1.989690
2.104607
2.219449
2.332011
2.440197
2.541884
2.635182
2.718276
2.789677
2.848040
2.892407
2.922005
2.936478
2.935669
2.919838
2.889434
2.845300
2.788433
2.720179
2.641982
2.555572
2.462700
2.365325
2.265335
2.164733
2.065349
1.969028
1.877336
1.791761
1.713424
1.643303
1.581956
1.529794
1.486824
1.452967
1.427821
1.411009
1.401941
1.400164
1.405094
1.416356
1.433471
1.456187
1.484124
1.517102
1.554765
1.596916
1.643130
1.693105
1.746278
1.802194
1.860129
1.919475
1.979372
2.039103
2.097730
2.154499
2.208474
2.258945
2.305058
2.346223
2.381740
2.411203
2.434121
2.450314
2.459530
2.461838
2.457234
2.446034
2.428470
2.405080
2.376301
2.342849
2.305314
2.264538
2.221200
2.176198
2.130231
2.084185
2.038710
1.994610
1.952426
1.912829
1.876206
1.843061
1.813608
1.788174
1.766805
1.749668
1.736664
1.727832
1.722965
1.722009
1.724684
1.730876
1.740257
1.752675
1.767771
1.785364
1.805072
1.826690
1.849814
1.874222
1.899491
1.925384
1.951470
1.977509
2.003074
2.027935
2.051686
2.074125
2.094887
2.113814
2.130598
2.145146
2.157218
2.166796
2.173722
2.178057
2.179725
2.178872
2.175499
2.169826
2.161926
2.152081
2.140420
2.127271
2.112801
2.097363
2.081142
2.064497
2.047611
2.030828
2.014310
1.998371
1.983136
1.968877
1.955674
1.943747
1.933124
1.923974
1.916274
1.910139
1.905500
1.902427
1.900807
1.900670
1.901872
1.904408
1.908109
1.912946
1.918730
1.925415
1.932802
1.940833
1.949305
1.958156
1.967183
1.976328
1.985395
1.994333
2.002957
2.011234
2.018993
2.026219
2.032765
2.038635
2.043707
2.048009
2.051446
2.054070
2.055812
2.056749
2.056836
2.056171
2.054733
2.052637
2.049880
2.046591
2.042781
2.038587
2.034028
2.029243
2.024254
2.019199
2.014097
2.009078
2.004155
1.999449
1.994961
1.990798
1.986949
1.983507
1.980446
1.977843
1.975660
1.973958
1.972684
1.971886
1.971501
1.971562
1.971997
1.972830
1.973980
1.975464
1.977196
1.979187
1.981350
1.983692
1.986126
1.988660
1.991206
1.993776
1.996286
1.998749
2.001090
2.003324
2.005384
2.007291
2.008984
2.010493
2.011762
2.012828
2.013646
2.014255
2.014619
2.014784
2.014719
2.014474
2.014026
2.013426
2.012656
2.011772
2.010755
2.009662
2.008478
2.007260
2.005991
2.004727
2.003451
2.002216
2.001004
1.999862
1.998772
1.997778
1.996856
1.996048
1.995327
1.994729
1.994226
1.993850
1.993568
1.993409
1.993339
1.993383
1.993506
1.993729
1.994015
1.994385
1.994802
1.995282
1.995791
1.996344
1.996906
1.997494
1.998072
1.998659
1.999220
1.999773
2.000287
2.000780
2.001224
2.001638
2.001995
2.002315
2.002574
2.002794
2.002952
2.003071
2.003131
2.003154
2.003123
2.003060
2.002949
2.002813
2.002638
2.002446
2.002223
2.001992
2.001738
2.001485
2.001219
2.000960
2.000697
2.000448
2.000201
1.999976
1.999757
1.999564
1.999381
1.999227
1.999087
1.998976
1.998880
1.998814
1.998762
1.998739
1.998728
1.998744
1.998770
1.998819
1.998876
1.998952
1.999032
1.999128
1.999224
1.999331
1.999436
1.999548
1.999654
1.999764
1.999865
1.999968
2.000059
2.000149
2.000226
2.000300
2.000361
2.000417
2.000460
2.000498
2.000522
2.000542
2.000548
2.000551
2.000542
2.000530
2.000507
2.000483
2.000450
2.000417
2.000376
2.000337
2.000292
2.000250
2.000203
2.000161
2.000115
2.000075
2.000033
1.999997
1.999960
1.999930
1.999900
1.999877
1.999854
1.999838
1.999822
1.999813
1.999805
1.999803
1.999801
1.999805
1.999809
1.999819
1.999827
1.999840
1.999852
1.999868
1.999883
1.999900
1.999916
1.999934
1.999949
1.999966
1.999981
1.999997
2.000009
2.000023
2.000034
2.000045
2.000053
2.000062
2.000067
2.000073
2.000075
2.000078
2.000078
2.000079
2.000077
2.000075
2.000071
2.000068
2.000063
2.000058
2.000052
2.000047
2.000040
2.000035
2.000027
2.000022
2.000015
2.000010
2.000004
2.000000
1.999995
1.999991
1.999987
1.999984
1.999981
1.999979
1.999977
1.999976
1.999975
1.999975
1.999974
1.999975
1.999976
1.999977
1.999978
1.999980
1.999981
1.999984
1.999985
1.999988
1.999990
1.999992
1.999994
1.999996
1.999998
2.000000
2.000001
2.000003
2.000004
2.000006
2.000006
2.000008
2.000008
2.000009
2.000009
2.000009
2.000009
2.000009
2.000009
2.000009
2.000008
2.000008
2.000007
2.000007
2.000006
2.000005
2.000004
2.000004
2.000003
2.000003
2.000002
2.000001
2.000000
2.000000
1.999999
1.999999
1.999998
1.999998
1.999998
1.999998
1.999997
1.999998
1.999997
1.999997
1.999997
1.999998
1.999997
1.999998
1.999998
1.999998
1.999998
1.999998
1.999998
1.999999
1.999999
1.999999
1.999999
2.000000
2.000000
2.000000
2.000000
2.000000
2.000000
2.000001
2.000001
2.000001
2.000001
2.000001
2.000001
2.000001
2.000001
2.000001
2.000001
2.000001
2.000001
2.000001
2.000001
2.000001
2.000000
2.000001
2.000000
2.000000
2.000000
2.000000
2.000000
2.000000
2.000000
2.000000
2.000000
2.000000
2.000000
2.000000
2.000000
2.000000
2.000000
2.000000
2.000000
2.000000
2.000000
2.000000
2.000000
2.000000
2.000000
2.000000
2.000000
2.000000
2.000000
2.000000
2.000000
2.000000
2.000000
2.000000
2.000000
2.000000
2.000000
2.000000
2.000000
2.000000
2.000000
2.000000
2.000000
2.000000
2.000000
2.000000
2.000000
2.000000
2.000000
2.000000
2.000000
2.000000
2.000000
2.000000
2.000000
2.000000
2.000000
2.000000
2.000000
2.000000
2.000000
2.000000
2.000000
2.000000
2.000000
2.000000
2.000000
2.000000
2.000000
2.000000
2.000000
2.000000
2.000000
2.000000
2.000000
2.000000
2.000000
2.000000
2.000000
2.000000
2.000000
2.000000
2.000000
2.000000
2.000000
2.000000
2.000000
2.000000
2.000000
2.000000
2.000000
2.000000
2.000000
2.000000
2.000000
2.000000
2.000000
2.000000
2.000000
2.000000
2.000000
2.000000
2.000000
2.000000
2.000000
2.000000
2.000000
2.000000
2.000000
2.000000
2.000000
2.000000
2.000000
2.000000
2.000000
2.000000
2.000000
2.000000
2.000000
2.000000
2.000000
2.000000
2.000000
2.000000
2.000000
2.000000
2.000000
2.000000
2.000000
2.000000
2.000000
2.000000
2.000000
2.000000
2.000000
2.000000
2.000000
2.000000
2.000000
2.000000
2.000000
2.000000
2.000000
2.000000
2.000000
2.000000
2.000000
2.000000
2.000000
2.000000
2.000000
2.000000
2.000000
2.000000
2.000000
2.000000
2.000000
2.000000
2.000000
2.000000
2.000000
2.000000
2.000000
2.000000
2.000000
2.000000
2.000000
2.000000
2.000000
2.000000
2.000000
2.000000
2.000000
2.000000
2.000000
2.000000
2.000000
2.000000
2.000000
2.000000
2.000000
2.000000
2.000000
2.000000
2.000000
2.000000
2.000000
2.000000
2.000000
2.000000
2.000000
2.000000
2.000000
2.000000
2.000000
2.000000
2.000000
2.000000
2.000000
2.000000
2.000000
2.000000
2.000000
2.000000
2.000000
2.000000
2.000000
2.000000
2.000000
2.000000
2.000000
2.000000
2.000000
2.000000
2.000000
2.000000
2.000000
2.000000
2.000000
2.000000
2.000000
2.000000
2.000000
2.000000
2.000000
2.000000
2.000000
2.000000
2.000000
2.000000
2.000000
2.000000
2.000000
2.000000
2.000000
2.000000
2.000000
2.000000
2.000000
2.000000
2.000000
2.000000
2.000000
2.000000
2.000000
2.000000
2.000000
2.000000
2.000000
2.000000
2.000000
2.000000
2.000000
2.000000
2.000000
2.000000
2.000000
2.000000
2.000000
2.000000
2.000000
2.000000
2.000000
2.000000
2.000000
2.000000
2.000000
2.000000
2.000000
2.000000
2.000000
2.000000
2.000000
2.000000
2.000000
2.000000
2.000000
2.000000
2.000000
2.000000
2.000000
2.000000
2.000000
2.000000
2.000000
2.000000
2.000000
2.000000
2.000000
2.000000
2.000000
2.000000
2.000000
2.000000
2.000000
2.000000
2.000000
2.000000
2.000000
2.000000
2.000000
2.000000
2.000000
2.000000
2.000000
2.000000
2.000000
2.000000
2.000000
2.000000
2.000000
2.000000
2.000000
2.000000
2.000000
2.000000
2.000000
2.000000
2.000000
2.000000
2.000000
2.000000
2.000000
2.000000
2.000000
2.000000
2.000000
2.000000
2.000000
2.000000
2.000000
2.000000
2.000000
2.000000
