2.177413
2.100591
2.054681
2.054681
2.100591
2.177413
2.277932
2.388846
2.504895
2.614881
2.715702
2.798362
2.861963
2.899718
2.912915
2.896930
2.855152
2.784990
2.691755
2.574650
2.440602
2.290232
2.131624
1.966271
1.802756
1.642673
1.494189
1.357967
1.240601
1.140673
1.062165
1.000972
0.958433
0.928555
0.911382
0.900745
0.896890
0.894617
0.894966
0.893944
0.893342
0.890282
0.887236
0.882517
0.879485
0.878029
0.882836
0.895773
0.922910
0.967478
1.035393
1.128719
1.250396
1.398877
1.573065
1.767996
1.979821
2.201763
2.428868
2.653931
2.872051
3.076497
3.263144
3.426301
3.563075
3.669175
3.743222
3.782529
3.787374
3.756758
3.692632
3.595649
3.469346
3.315876
3.140158
2.945592
2.738162
2.522135
2.304114
2.088705
1.882495
1.689670
1.515876
1.363799
1.236893
1.135090
1.058596
1.004165
0.969226
0.948886
0.939934
0.938052
0.941099
0.946358
0.953158
0.960390
0.968673
0.978275
0.990914
1.008048
1.032269
1.065854
1.111691
1.171983
1.248811
1.343091
1.455062
1.583647
1.727054
1.882448
2.046593
2.215633
2.385683
2.552612
2.712558
2.861692
2.996661
3.114332
3.212190
3.288057
3.340452
3.368295
3.371232
3.349326
3.303352
3.234469
3.144499
3.035577
2.910404
2.771890
2.623379
2.468278
2.310252
2.152842
1.999627
1.853829
1.718437
1.595825
1.487855
1.395564
1.319311
1.258634
1.212497
1.179359
1.157470
1.145047
1.140459
1.142400
1.149879
1.162367
1.179622
1.201844
1.229368
1.262862
1.302921
1.350302
1.405467
1.468863
1.540456
1.620092
1.707044
1.800462
1.898946
2.001064
2.104935
2.208779
2.310502
2.408250
2.499982
2.584016
2.658587
2.722380
2.774070
2.812846
2.837927
2.849077
2.846104
2.829367
2.799253
2.756679
2.702554
2.638268
2.565150
2.484939
2.399235
2.309969
2.218838
2.127771
2.038366
1.952353
1.871031
1.795749
1.727348
1.666673
1.614037
1.569762
1.533682
1.505710
1.485353
1.472305
1.465948
1.465943
1.471707
1.482983
1.499295
1.520491
1.546184
1.576282
1.610419
1.648482
1.690044
1.734897
1.782493
1.832484
1.884177
1.937087
1.990394
2.043509
2.095542
2.145864
2.193583
2.238106
2.278616
2.314629
2.345468
2.370818
2.390198
2.403501
2.410471
2.411232
2.405759
2.394405
2.377365
2.355193
2.328271
2.297314
2.262839
2.225666
2.186384
2.145854
2.104670
2.063665
2.023375
1.984545
1.947600
1.913149
1.881472
1.853021
1.827916
1.806453
1.788604
1.774526
1.764072
1.757290
1.753948
1.754021
1.757220
1.763471
1.772450
1.784054
1.797935
1.813967
1.831782
1.851232
1.871935
1.893721
1.916195
1.939174
1.962253
1.985244
2.007749
2.029587
2.050377
2.069965
2.088007
2.104388
2.118816
2.131234
2.141413
2.149365
2.154933
2.158202
2.159091
2.157758
2.154196
2.148626
2.141104
2.131908
2.121143
2.109123
2.095987
2.082070
2.067521
2.052678
2.037685
2.022864
2.008338
1.994396
1.981129
1.968785
1.957413
1.947214
1.938191
1.930498
1.924094
1.919086
1.915393
1.913082
1.912038
1.912292
1.913701
1.916270
1.919835
1.924379
1.929723
1.935835
1.942530
1.949765
1.957351
1.965244
1.973257
1.981346
1.989332
1.997179
2.004720
2.011929
2.018657
2.024895
2.030510
2.035515
2.039799
2.043394
2.046215
2.048315
2.049633
2.050242
2.050103
2.049310
2.047842
2.045807
2.043202
2.040146
2.036648
2.032832
2.028714
2.024420
2.019967
2.015480
2.010972
2.006559
2.002251
1.998152
1.994263
1.990676
1.987379
1.984452
1.981870
1.979699
1.977903
1.976533
1.975542
1.974969
1.974756
1.974932
1.975432
1.976274
1.977387
1.978785
1.980392
1.982216
1.984180
1.986290
1.988471
1.990726
1.992983
1.995248
1.997452
1.999603
2.001638
2.003570
2.005342
2.006972
2.008409
2.009677
2.010733
2.011605
2.012258
2.012726
2.012980
2.013058
2.012938
2.012661
2.012209
2.011628
2.010904
2.010081
2.009150
2.008157
2.007092
2.006000
2.004873
2.003753
2.002632
2.001549
2.000494
1.999504
1.998566
1.997714
1.996932
1.996250
1.995649
1.995156
1.994750
1.994453
1.994242
1.994136
1.994110
1.994180
1.994320
1.994543
1.994823
1.995171
1.995559
1.995998
1.996461
1.996958
1.997462
1.997983
1.998495
1.999009
1.999500
1.999979
2.000425
2.000847
2.001227
2.001576
2.001876
2.002141
2.002354
2.002529
2.002652
2.002739
2.002776
2.002779
2.002737
2.002666
2.002556
2.002424
2.002260
2.002081
2.001878
2.001667
2.001440
2.001213
2.000978
2.000749
2.000519
2.000302
2.000089
1.999894
1.999708
1.999543
1.999390
1.999261
1.999146
1.999056
1.998981
1.998930
1.998893
1.998879
1.998878
1.998898
1.998929
1.998977
1.999033
1.999104
1.999179
1.999266
1.999354
1.999450
1.999544
1.999642
1.999736
1.999832
1.999920
2.000008
2.000087
2.000163
2.000229
2.000290
2.000341
2.000387
2.000421
2.000450
2.000469
2.000482
2.000485
2.000484
2.000473
2.000460
2.000438
2.000414
2.000383
2.000352
2.000315
2.000279
2.000239
2.000201
2.000161
2.000123
2.000084
2.000049
2.000013
1.999982
1.999951
1.999926
1.999901
1.999881
1.999863
1.999850
1.999838
1.999831
1.999826
1.999825
1.999825
1.999830
1.999835
1.999843
1.999852
1.999864
1.999876
1.999890
1.999904
1.999919
1.999933
1.999948
1.999962
1.999977
1.999990
2.000003
2.000014
2.000026
2.000035
2.000044
2.000050
2.000057
2.000061
2.000066
2.000068
2.000069
2.000069
2.000069
2.000067
2.000065
2.000061
2.000058
2.000053
2.000049
2.000043
2.000038
2.000032
2.000027
2.000022
2.000017
2.000011
2.000006
2.000001
1.999998
1.999993
1.999990
1.999987
1.999984
1.999982
1.999981
1.999979
1.999978
1.999978
1.999978
1.999978
1.999979
1.999979
1.999980
1.999982
1.999983
1.999985
1.999987
1.999988
1.999990
1.999992
1.999994
1.999996
1.999997
1.999999
2.000001
2.000002
2.000003
2.000004
2.000005
2.000006
2.000007
2.000007
2.000008
2.000008
2.000008
2.000008
2.000008
2.000008
2.000008
2.000007
2.000007
2.000006
2.000006
2.000005
2.000004
2.000004
2.000003
2.000002
2.000002
2.000001
2.000001
2.000000
2.000000
1.999999
1.999999
1.999999
1.999998
1.999998
1.999998
1.999998
1.999998
1.999998
1.999998
1.999998
1.999998
1.999998
1.999998
1.999998
1.999998
1.999998
1.999999
1.999999
1.999999
1.999999
1.999999
2.000000
2.000000
2.000000
2.000000
2.000000
2.000000
2.000000
2.000001
2.000001
2.000001
2.000001
2.000001
2.000001
2.000001
2.000001
2.000001
2.000001
2.000001
2.000001
2.000001
2.000001
2.000001
2.000000
2.000000
2.000000
2.000000
2.000000
2.000000
2.000000
2.000000
2.000000
2.000000
2.000000
2.000000
2.000000
2.000000
2.000000
2.000000
2.000000
2.000000
2.000000
2.000000
2.000000
2.000000
2.000000
2.000000
2.000000
2.000000
2.000000
2.000000
2.000000
2.000000
2.000000
2.000000
2.000000
2.000000
2.000000
2.000000
2.000000
2.000000
2.000000
2.000000
2.000000
2.000000
2.000000
2.000000
2.000000
2.000000
2.000000
2.000000
2.000000
2.000000
2.000000
2.000000
2.000000
2.000000
2.000000
2.000000
2.000000
2.000000
2.000000
2.000000
2.000000
2.000000
2.000000
2.000000
2.000000
2.000000
2.000000
2.000000
2.000000
2.000000
2.000000
2.000000
2.000000
2.000000
2.000000
2.000000
2.000000
2.000000
2.000000
2.000000
2.000000
2.000000
2.000000
2.000000
2.000000
2.000000
2.000000
2.000000
2.000000
2.000000
2.000000
2.000000
2.000000
2.000000
2.000000
2.000000
2.000000
2.000000
2.000000
2.000000
2.000000
2.000000
2.000000
2.000000
2.000000
2.000000
2.000000
2.000000
2.000000
2.000000
2.000000
2.000000
2.000000
2.000000
2.000000
2.000000
2.000000
2.000000
2.000000
2.000000
2.000000
2.000000
2.000000
2.000000
2.000000
2.000000
2.000000
2.000000
2.000000
2.000000
2.000000
2.000000
2.000000
2.000000
2.000000
2.000000
2.000000
2.000000
2.000000
2.000000
2.000000
2.000000
2.000000
2.000000
2.000000
2.000000
2.000000
2.000000
2.000000
2.000000
2.000000
2.000000
2.000000
2.000000
2.000000
2.000000
2.000000
2.000000
2.000000
2.000000
2.000000
2.000000
2.000000
2.000000
2.000000
2.000000
2.000000
2.000000
2.000000
2.000000
2.000000
2.000000
2.000000
2.000000
2.000000
2.000000
2.000000
2.000000
2.000000
2.000000
2.000000
2.000000
2.000000
2.000000
2.000000
2.000000
2.000000
2.000000
2.000000
2.000000
2.000000
2.000000
2.000000
2.000000
2.000000
2.000000
2.000000
2.000000
2.000000
2.000000
2.000000
2.000000
2.000000
2.000000
2.000000
2.000000
2.000000
2.000000
2.000000
2.000000
2.000000
2.000000
2.000000
2.000000
2.000000
2.000000
2.000000
2.000000
2.000000
2.000000
2.000000
2.000000
2.000000
2.000000
2.000000
2.000000
2.000000
2.000000
2.000000
2.000000
2.000000
2.000000
2.000000
2.000000
2.000000
2.000000
2.000000
2.000000
2.000000
2.000000
2.000000
2.000000
2.000000
2.000000
2.000000
2.000000
2.000000
2.000000
2.000000
2.000000
2.000000
2.000000
2.000000
2.000000
2.000000
2.000000
2.000000
2.000000
2.000000
2.000000
2.000000
2.000000
2.000000
2.000000
2.000000
2.000000
2.000000
2.000000
2.000000
2.000000
2.000000
2.000000
2.000000
2.000000
2.000000
2.000000
2.000000
2.000000
2.000000
2.000000
2.000000
2.000000
2.000000
2.000000
2.000000
2.000000
2.000000
2.000000
2.000000
2.000000
2.000000
2.000000
2.000000
2.000000
2.000000
2.000000
2.000000
2.000000
2.000000
2.000000
2.000000
2.000000
2.000000
2.000000
2.000000
2.000000
2.000000
2.000000
2.000000
2.000000
2.000000
2.000000
2.000000
2.000000
2.000000
2.000000
2.000000
2.000000
2.000000
2.000000
2.000000
2.000000
2.000000
2.000000
2.000000
2.000000
2.000000
2.000000
2.000000
2.000000
2.000000
2.000000
2.000000
2.000000
