2.172892
2.101181
2.058366
2.058366
2.101181
2.172892
2.266216
2.368793
2.475168
2.574953
2.664757
2.736305
2.788352
2.814784
2.816514
2.789564
2.736939
2.656681
2.553719
2.427888
2.285744
2.128547
1.964029
1.794323
1.627673
1.466293
1.317981
1.183910
1.070166
0.975563
0.903291
0.849120
0.813435
0.790035
0.778262
0.771977
0.771125
0.770716
0.771721
0.770347
0.768392
0.763093
0.756992
0.748506
0.741265
0.735495
0.736652
0.747494
0.775484
0.825026
0.903120
1.011894
1.153907
1.326360
1.527112
1.749813
1.989840
2.239398
2.493153
2.743202
2.984527
3.209891
3.415202
3.594374
3.744632
3.861353
3.943328
3.987579
3.994591
3.963101
3.895302
3.791609
3.655832
3.489923
3.299121
3.086672
2.858952
2.620167
2.377429
2.135441
1.901514
1.680200
1.478205
1.298939
1.147255
1.023943
0.930393
0.863481
0.820695
0.796055
0.785568
0.783531
0.787185
0.792860
0.799746
0.806254
0.813274
0.820999
0.831784
0.847415
0.871472
0.906854
0.957503
1.026063
1.115156
1.225430
1.356928
1.507719
1.675464
1.856350
2.046639
2.241635
2.437133
2.628341
2.811247
2.981500
3.135719
3.270352
3.382937
3.470943
3.533001
3.567728
3.574926
3.554391
3.507094
3.433967
3.337063
3.218334
3.080762
2.927130
2.761133
2.586132
2.406246
2.225094
2.046856
1.875003
1.713313
1.564594
1.431654
1.316041
1.219007
1.140376
1.079609
1.034939
1.004575
0.986089
0.977558
0.976998
0.983239
0.995329
1.013117
1.036683
1.066698
1.103906
1.149328
1.203822
1.268177
1.342790
1.427743
1.522610
1.626567
1.738327
1.856277
1.978478
2.102815
2.227016
2.348787
2.465837
2.575980
2.677160
2.767528
2.845454
2.909583
2.958840
2.992460
3.009991
3.011300
2.996570
2.966292
2.921248
2.862497
2.791342
2.709310
2.618113
2.519609
2.415769
2.308619
2.200208
2.092541
1.987545
1.886999
1.792505
1.705418
1.626839
1.557555
1.498072
1.448578
1.409030
1.379131
1.358473
1.346501
1.342682
1.346434
1.357287
1.374758
1.398507
1.428158
1.463453
1.504041
1.549647
1.599845
1.654244
1.712267
1.773359
1.836765
1.901769
1.967472
2.033043
2.097507
2.159996
2.219541
2.275326
2.326471
2.372293
2.412074
2.445330
2.471561
2.490521
2.501965
2.505908
2.502366
2.491614
2.473918
2.449791
2.419715
2.384399
2.344493
2.300844
2.254208
2.205504
2.155521
2.105178
2.055227
2.006514
1.959691
1.915471
1.874350
1.836873
1.803352
1.774142
1.749369
1.729213
1.713633
1.702661
1.696127
1.693952
1.695875
1.701744
1.711238
1.724156
1.740135
1.758944
1.780189
1.803611
1.828792
1.855452
1.883154
1.911602
1.940350
1.969100
1.997410
2.024995
2.051433
2.076474
2.099738
2.121023
2.140012
2.156572
2.170459
2.181623
2.189904
2.195340
2.197863
2.197595
2.194556
2.188950
2.180873
2.170601
2.158289
2.144265
2.128729
2.112042
2.094423
2.076243
2.057724
2.039223
2.020944
2.003215
1.986201
1.970187
1.955290
1.941742
1.929603
1.919049
1.910083
1.902823
1.897220
1.893340
1.891085
1.890476
1.891376
1.893770
1.897488
1.902488
1.908577
1.915694
1.923631
1.932314
1.941529
1.951197
1.961104
1.971173
1.981199
1.991111
2.000717
2.009963
2.018674
2.026816
2.034236
2.040924
2.046754
2.051742
2.055791
2.058944
2.061132
2.062425
2.062780
2.062294
2.060947
2.058855
2.056021
2.052576
2.048538
2.044048
2.039134
2.033941
2.028499
2.022955
2.017335
2.011779
2.006308
2.001050
1.996015
1.991318
1.986953
1.983021
1.979502
1.976478
1.973913
1.971873
1.970308
1.969268
1.968688
1.968606
1.968946
1.969732
1.970881
1.972409
1.974225
1.976338
1.978657
1.981186
1.983832
1.986600
1.989398
1.992233
1.995017
1.997760
2.000379
2.002890
2.005218
2.007385
2.009323
2.011062
2.012542
2.013799
2.014785
2.015540
2.016025
2.016287
2.016293
2.016097
2.015671
2.015073
2.014280
2.013354
2.012275
2.011105
2.009826
2.008502
2.007114
2.005724
2.004314
2.002942
2.001588
2.000308
1.999078
1.997949
1.996897
1.995967
1.995130
1.994428
1.993829
1.993369
1.993013
1.992795
1.992676
1.992685
1.992783
1.992994
1.993278
1.993659
1.994093
1.994603
1.995147
1.995745
1.996355
1.996999
1.997635
1.998285
1.998908
1.999528
2.000105
2.000664
2.001169
2.001644
2.002055
2.002430
2.002736
2.003000
2.003196
2.003349
2.003434
2.003481
2.003464
2.003413
2.003306
2.003172
2.002990
2.002791
2.002553
2.002306
2.002031
2.001757
2.001463
2.001180
2.000886
2.000610
2.000332
2.000078
1.999829
1.999609
1.999398
1.999220
1.999054
1.998923
1.998806
1.998724
1.998656
1.998621
1.998600
1.998609
1.998629
1.998677
1.998732
1.998811
1.998893
1.998996
1.999097
1.999215
1.999328
1.999452
1.999568
1.999691
1.999803
1.999919
2.000021
2.000124
2.000212
2.000299
2.000369
2.000436
2.000487
2.000534
2.000564
2.000591
2.000601
2.000610
2.000602
2.000593
2.000571
2.000548
2.000513
2.000479
2.000435
2.000394
2.000344
2.000299
2.000246
2.000200
2.000149
2.000105
2.000057
2.000017
1.999974
1.999940
1.999904
1.999877
1.999849
1.999831
1.999811
1.999800
1.999788
1.999785
1.999780
1.999784
1.999786
1.999796
1.999804
1.999818
1.999830
1.999848
1.999862
1.999882
1.999898
1.999918
1.999935
1.999955
1.999970
1.999989
2.000003
2.000019
2.000031
2.000045
2.000054
2.000065
2.000070
2.000078
2.000081
2.000086
2.000086
2.000088
2.000085
2.000085
2.000080
2.000078
2.000072
2.000068
2.000060
2.000055
2.000047
2.000042
2.000034
2.000028
2.000020
2.000015
2.000008
2.000003
1.999996
1.999993
1.999987
1.999985
1.999980
1.999979
1.999975
1.999975
1.999972
1.999973
1.999972
1.999973
1.999972
1.999975
1.999975
1.999978
1.999978
1.999981
1.999982
1.999986
1.999987
1.999990
1.999992
1.999995
1.999996
1.999999
2.000000
2.000003
2.000003
2.000006
2.000006
2.000008
2.000008
2.000010
2.000009
2.000010
2.000010
2.000011
2.000010
2.000010
2.000009
2.000009
2.000008
2.000008
2.000007
2.000007
2.000005
2.000005
2.000004
2.000003
2.000002
2.000002
2.000001
2.000001
1.999999
1.999999
1.999998
1.999999
1.999998
1.999998
1.999997
1.999998
1.999997
1.999997
1.999997
1.999997
1.999997
1.999998
1.999997
1.999998
1.999998
1.999998
1.999998
1.999999
1.999999
1.999999
1.999999
2.000000
1.999999
2.000000
2.000000
2.000000
2.000000
2.000001
2.000000
2.000001
2.000001
2.000001
2.000001
2.000001
2.000001
2.000001
2.000001
2.000001
2.000001
2.000001
2.000001
2.000001
2.000001
2.000001
2.000000
2.000001
2.000000
2.000000
2.000000
2.000000
2.000000
2.000000
2.000000
2.000000
2.000000
2.000000
2.000000
2.000000
2.000000
2.000000
2.000000
2.000000
2.000000
2.000000
2.000000
2.000000
2.000000
2.000000
2.000000
2.000000
2.000000
2.000000
2.000000
2.000000
2.000000
2.000000
2.000000
2.000000
2.000000
2.000000
2.000000
2.000000
2.000000
2.000000
2.000000
2.000000
2.000000
2.000000
2.000000
2.000000
2.000000
2.000000
2.000000
2.000000
2.000000
2.000000
2.000000
2.000000
2.000000
2.000000
2.000000
2.000000
2.000000
2.000000
2.000000
2.000000
2.000000
2.000000
2.000000
2.000000
2.000000
2.000000
2.000000
2.000000
2.000000
2.000000
2.000000
2.000000
2.000000
2.000000
2.000000
2.000000
2.000000
2.000000
2.000000
2.000000
2.000000
2.000000
2.000000
2.000000
2.000000
2.000000
2.000000
2.000000
2.000000
2.000000
2.000000
2.000000
2.000000
2.000000
2.000000
2.000000
2.000000
2.000000
2.000000
2.000000
2.000000
2.000000
2.000000
2.000000
2.000000
2.000000
2.000000
2.000000
2.000000
2.000000
2.000000
2.000000
2.000000
2.000000
2.000000
2.000000
2.000000
2.000000
2.000000
2.000000
2.000000
2.000000
2.000000
2.000000
2.000000
2.000000
2.000000
2.000000
2.000000
2.000000
2.000000
2.000000
2.000000
2.000000
2.000000
2.000000
2.000000
2.000000
2.000000
2.000000
2.000000
2.000000
2.000000
2.000000
2.000000
2.000000
2.000000
2.000000
2.000000
2.000000
2.000000
2.000000
2.000000
2.000000
2.000000
2.000000
2.000000
2.000000
2.000000
2.000000
2.000000
2.000000
2.000000
2.000000
2.000000
2.000000
2.000000
2.000000
2.000000
2.000000
2.000000
2.000000
2.000000
2.000000
2.000000
2.000000
2.000000
2.000000
2.000000
2.000000
2.000000
2.000000
2.000000
2.000000
2.000000
2.000000
2.000000
2.000000
2.000000
2.000000
2.000000
2.000000
2.000000
2.000000
2.000000
2.000000
2.000000
2.000000
2.000000
2.000000
2.000000
2.000000
2.000000
2.000000
2.000000
2.000000
2.000000
2.000000
2.000000
2.000000
2.000000
2.000000
2.000000
2.000000
2.000000
2.000000
2.000000
2.000000
2.000000
2.000000
2.000000
2.000000
2.000000
2.000000
2.000000
2.000000
2.000000
2.000000
2.000000
2.000000
2.000000
2.000000
2.000000
2.000000
2.000000
2.000000
2.000000
2.000000
2.000000
2.000000
2.000000
2.000000
2.000000
2.000000
2.000000
2.000000
2.000000
2.000000
2.000000
2.000000
2.000000
2.000000
2.000000
2.000000
2.000000
2.000000
2.000000
2.000000
2.000000
2.000000
2.000000
2.000000
2.000000
2.000000
2.000000
2.000000
2.000000
2.000000
2.000000
2.000000
2.000000
2.000000
2.000000
2.000000
2.000000
2.000000
2.000000
2.000000
2.000000
2.000000
2.000000
2.000000
2.000000
2.000000
2.000000
2.000000
2.000000
2.000000
2.000000
2.000000
2.000000
2.000000
2.000000
2.000000
2.000000
2.000000
2.000000
2.000000
2.000000
2.000000
2.000000
2.000000
2.000000
2.000000
2.000000
2.000000
2.000000
2.000000
2.000000
2.000000
2.000000
2.000000
2.000000
2.000000
2.000000
2.000000
2.000000
2.000000
2.000000
2.000000
2.000000
2.000000
2.000000
2.000000
2.000000
2.000000
2.000000
2.000000
2.000000
2.000000
