2.172502
2.094030
2.047216
2.047216
2.094030
2.172502
2.275403
2.389303
2.508929
2.622982
2.728350
2.815950
2.884872
2.928248
2.947347
2.937465
2.901961
2.838163
2.751333
2.640584
2.512774
2.368418
2.215502
2.055396
1.896551
1.740424
1.595035
1.460938
1.344621
1.244689
1.165160
1.102181
1.057288
1.024889
1.005207
0.992437
0.986836
0.983470
0.983241
0.982377
0.982449
0.980791
0.979587
0.977313
0.976905
0.978238
0.985304
0.999633
1.026283
1.067958
1.129672
1.213437
1.322048
1.454716
1.610788
1.786356
1.978023
2.179929
2.387354
2.593803
2.794410
2.982997
3.155343
3.306215
3.432542
3.530429
3.598266
3.633721
3.636805
3.606841
3.545483
3.453674
3.334618
3.190722
3.026527
2.845632
2.653571
2.454726
2.255134
2.059378
1.873299
1.700857
1.546731
1.413191
1.302626
1.214646
1.148737
1.101929
1.071636
1.053847
1.045706
1.043846
1.046356
1.051211
1.057705
1.065127
1.073832
1.084232
1.097572
1.115219
1.139114
1.171271
1.213883
1.268944
1.338075
1.422313
1.521843
1.636081
1.763470
1.901835
2.048232
2.199443
2.351803
2.501722
2.645459
2.779621
2.900889
3.006491
3.093875
3.161165
3.206793
3.229935
3.230111
3.207599
3.163010
3.097684
3.013238
2.911943
2.796247
2.669142
2.533652
2.393188
2.251008
2.110555
1.974888
1.847012
1.729288
1.623790
1.531720
1.453860
1.390053
1.339814
1.301896
1.275045
1.257576
1.248162
1.245325
1.248178
1.255793
1.267913
1.284210
1.304986
1.330372
1.361027
1.397289
1.439884
1.489053
1.545280
1.608421
1.678469
1.754715
1.836562
1.922719
2.012065
2.102867
2.193667
2.282512
2.367850
2.447750
2.520795
2.585294
2.640156
2.684092
2.716472
2.736514
2.744128
2.739086
2.721851
2.692740
2.652737
2.602639
2.543863
2.477581
2.405513
2.329056
2.250065
2.169985
2.090622
2.013272
1.939502
1.870289
1.806805
1.749584
1.699329
1.656105
1.620171
1.591207
1.569156
1.553467
1.543933
1.539942
1.541283
1.547398
1.558153
1.573084
1.592145
1.614947
1.641483
1.671379
1.704605
1.740737
1.779655
1.820834
1.864033
1.908603
1.954177
1.999998
2.045607
2.090181
2.133223
2.173907
2.211764
2.246035
2.276346
2.302065
2.322969
2.338601
2.348928
2.353698
2.353083
2.347044
2.335956
2.319976
2.299659
2.275323
2.247661
2.217104
2.184427
2.150117
2.114965
2.079453
2.044331
2.010015
1.977165
1.946087
1.917313
1.891019
1.867594
1.847078
1.829725
1.815454
1.804407
1.796410
1.791519
1.789495
1.790339
1.793771
1.799754
1.807987
1.818405
1.830692
1.844762
1.860285
1.877156
1.895031
1.913787
1.933068
1.952736
1.972431
1.992009
2.011112
2.029604
2.047145
2.063618
2.078715
2.092357
2.104283
2.114459
2.122684
2.128984
2.133222
2.135487
2.135710
2.134042
2.130477
2.125224
2.118330
2.110049
2.100471
2.089880
2.078390
2.066300
2.053735
2.040987
2.028177
2.015579
2.003292
1.991562
1.980457
1.970185
1.960777
1.952401
1.945049
1.938848
1.933752
1.929850
1.927064
1.925448
1.924896
1.925435
1.926937
1.929404
1.932694
1.936791
1.941543
1.946920
1.952765
1.959041
1.965588
1.972366
1.979220
1.986111
1.992889
1.999522
2.005872
2.011917
2.017532
2.022709
2.027342
2.031438
2.034911
2.037786
2.039998
2.041589
2.042516
2.042838
2.042531
2.041671
2.040249
2.038353
2.035990
2.033256
2.030165
2.026820
2.023240
2.019528
2.015704
2.011867
2.008036
2.004301
2.000675
1.997241
1.994003
1.991031
1.988320
1.985930
1.983844
1.982109
1.980699
1.979649
1.978925
1.978550
1.978482
1.978736
1.979263
1.980070
1.981103
1.982365
1.983799
1.985404
1.987123
1.988951
1.990832
1.992764
1.994690
1.996610
1.998473
2.000279
2.001982
2.003587
2.005054
2.006390
2.007561
2.008582
2.009423
2.010102
2.010599
2.010934
2.011092
2.011098
2.010942
2.010652
2.010222
2.009681
2.009028
2.008292
2.007474
2.006604
2.005683
2.004741
2.003778
2.002823
2.001876
2.000963
2.000081
1.999256
1.998481
1.997779
1.997143
1.996590
1.996112
1.995723
1.995411
1.995189
1.995043
1.994983
1.994992
1.995078
1.995225
1.995437
1.995698
1.996011
1.996358
1.996744
1.997149
1.997578
1.998013
1.998456
1.998893
1.999325
1.999739
2.000138
2.000509
2.000856
2.001168
2.001450
2.001692
2.001901
2.002068
2.002200
2.002291
2.002348
2.002366
2.002354
2.002306
2.002232
2.002129
2.002006
2.001859
2.001698
2.001521
2.001336
2.001141
2.000945
2.000746
2.000551
2.000359
2.000176
2.000000
1.999838
1.999686
1.999551
1.999429
1.999325
1.999236
1.999165
1.999109
1.999072
1.999049
1.999043
1.999050
1.999071
1.999104
1.999149
1.999202
1.999265
1.999333
1.999408
1.999486
1.999568
1.999649
1.999732
1.999812
1.999892
1.999966
2.000038
2.000104
2.000165
2.000219
2.000268
2.000308
2.000343
2.000370
2.000391
2.000404
2.000412
2.000412
2.000408
2.000397
2.000383
2.000363
2.000340
2.000313
2.000285
2.000253
2.000221
2.000188
2.000154
2.000121
2.000088
2.000056
2.000026
1.999997
1.999971
1.999947
1.999926
1.999907
1.999891
1.999877
1.999867
1.999859
1.999854
1.999851
1.999851
1.999853
1.999857
1.999863
1.999870
1.999879
1.999889
1.999900
1.999912
1.999924
1.999937
1.999949
1.999962
1.999974
1.999986
1.999997
2.000008
2.000017
2.000026
2.000033
2.000040
2.000046
2.000051
2.000054
2.000057
2.000058
2.000059
2.000059
2.000058
2.000056
2.000054
2.000050
2.000047
2.000043
2.000039
2.000034
2.000030
2.000025
2.000021
2.000016
2.000012
2.000007
2.000003
1.999999
1.999996
1.999993
1.999990
1.999988
1.999986
1.999984
1.999983
1.999982
1.999981
1.999981
1.999981
1.999981
1.999982
1.999983
1.999984
1.999985
1.999986
1.999988
1.999989
1.999991
1.999993
1.999994
1.999996
1.999997
1.999999
2.000000
2.000001
2.000002
2.000003
2.000004
2.000005
2.000006
2.000006
2.000006
2.000007
2.000007
2.000007
2.000007
2.000007
2.000006
2.000006
2.000006
2.000005
2.000005
2.000004
2.000004
2.000003
2.000003
2.000002
2.000002
2.000001
2.000001
2.000000
2.000000
2.000000
1.999999
1.999999
1.999999
1.999998
1.999998
1.999998
1.999998
1.999998
1.999998
1.999998
1.999998
1.999998
1.999998
1.999998
1.999998
1.999999
1.999999
1.999999
1.999999
1.999999
1.999999
2.000000
2.000000
2.000000
2.000000
2.000000
2.000000
2.000000
2.000000
2.000000
2.000001
2.000001
2.000001
2.000001
2.000001
2.000001
2.000001
2.000001
2.000001
2.000001
2.000001
2.000000
2.000000
2.000000
2.000000
2.000000
2.000000
2.000000
2.000000
2.000000
2.000000
2.000000
2.000000
2.000000
2.000000
2.000000
2.000000
2.000000
2.000000
2.000000
2.000000
2.000000
2.000000
2.000000
2.000000
2.000000
2.000000
2.000000
2.000000
2.000000
2.000000
2.000000
2.000000
2.000000
2.000000
2.000000
2.000000
2.000000
2.000000
2.000000
2.000000
2.000000
2.000000
2.000000
2.000000
2.000000
2.000000
2.000000
2.000000
2.000000
2.000000
2.000000
2.000000
2.000000
2.000000
2.000000
2.000000
2.000000
2.000000
2.000000
2.000000
2.000000
2.000000
2.000000
2.000000
2.000000
2.000000
2.000000
2.000000
2.000000
2.000000
2.000000
2.000000
2.000000
2.000000
2.000000
2.000000
2.000000
2.000000
2.000000
2.000000
2.000000
2.000000
2.000000
2.000000
2.000000
2.000000
2.000000
2.000000
2.000000
2.000000
2.000000
2.000000
2.000000
2.000000
2.000000
2.000000
2.000000
2.000000
2.000000
2.000000
2.000000
2.000000
2.000000
2.000000
2.000000
2.000000
2.000000
2.000000
2.000000
2.000000
2.000000
2.000000
2.000000
2.000000
2.000000
2.000000
2.000000
2.000000
2.000000
2.000000
2.000000
2.000000
2.000000
2.000000
2.000000
2.000000
2.000000
2.000000
2.000000
2.000000
2.000000
2.000000
2.000000
2.000000
2.000000
2.000000
2.000000
2.000000
2.000000
2.000000
2.000000
2.000000
2.000000
2.000000
2.000000
2.000000
2.000000
2.000000
2.000000
2.000000
2.000000
2.000000
2.000000
2.000000
2.000000
2.000000
2.000000
2.000000
2.000000
2.000000
2.000000
2.000000
2.000000
2.000000
2.000000
2.000000
2.000000
2.000000
2.000000
2.000000
2.000000
2.000000
2.000000
2.000000
2.000000
2.000000
2.000000
2.000000
2.000000
2.000000
2.000000
2.000000
2.000000
2.000000
2.000000
2.000000
2.000000
2.000000
2.000000
2.000000
2.000000
2.000000
2.000000
2.000000
2.000000
2.000000
2.000000
2.000000
2.000000
2.000000
2.000000
2.000000
2.000000
2.000000
2.000000
2.000000
2.000000
2.000000
2.000000
2.000000
2.000000
2.000000
2.000000
2.000000
2.000000
2.000000
2.000000
2.000000
2.000000
2.000000
2.000000
2.000000
2.000000
2.000000
2.000000
2.000000
2.000000
2.000000
2.000000
2.000000
2.000000
2.000000
2.000000
2.000000
2.000000
2.000000
2.000000
2.000000
2.000000
2.000000
2.000000
2.000000
2.000000
2.000000
2.000000
2.000000
2.000000
2.000000
2.000000
2.000000
2.000000
2.000000
2.000000
2.000000
2.000000
2.000000
2.000000
2.000000
2.000000
2.000000
2.000000
2.000000
2.000000
2.000000
2.000000
2.000000
2.000000
2.000000
2.000000
2.000000
2.000000
2.000000
2.000000
2.000000
2.000000
2.000000
2.000000
2.000000
2.000000
2.000000
2.000000
2.000000
2.000000
2.000000
2.000000
2.000000
2.000000
2.000000
2.000000
2.000000
2.000000
2.000000
2.000000
2.000000
2.000000
2.000000
2.000000
2.000000
2.000000
2.000000
2.000000
2.000000
2.000000
2.000000
2.000000
2.000000
2.000000
2.000000
2.000000
2.000000
2.000000
2.000000
2.000000
2.000000
2.000000
2.000000
2.000000
2.000000
2.000000
2.000000
2.000000
2.000000
2.000000
2.000000
2.000000
2.000000
2.000000
2.000000
2.000000
2.000000
2.000000
2.000000
2.000000
2.000000
2.000000
2.000000
2.000000
