2.165633
2.097740
2.057267
2.057267
2.097740
2.165633
2.253602
2.350057
2.449376
2.541839
2.623807
2.687606
2.731694
2.750517
2.744661
2.710685
2.651254
2.564935
2.456311
2.325739
2.179429
2.019162
1.852323
1.681564
1.514776
1.354657
1.208609
1.078191
0.968951
0.879871
0.813382
0.765198
0.734898
0.716292
0.708200
0.704745
0.705640
0.706272
0.707490
0.705829
0.702974
0.696391
0.688511
0.677935
0.668287
0.660100
0.659143
0.668851
0.697451
0.750185
0.834513
0.952511
1.106204
1.292035
1.507145
1.744549
1.999176
2.262852
2.530018
2.792551
3.045331
3.280984
3.495377
3.682330
3.839064
3.960882
4.046591
4.093156
4.101089
4.069080
3.999361
3.892311
3.751791
3.579728
3.381425
3.160127
2.922300
2.672179
2.417016
2.161608
1.913496
1.677447
1.460567
1.266689
1.101306
0.965826
0.862335
0.788063
0.740588
0.713461
0.702115
0.700078
0.704097
0.710001
0.716813
0.722740
0.728756
0.735089
0.744415
0.758813
0.782434
0.818663
0.872051
0.945542
1.041948
1.161692
1.304534
1.468009
1.649380
1.844319
2.048790
2.257710
2.466700
2.670688
2.865579
3.046816
3.210993
3.354394
3.474570
3.568856
3.635919
3.674261
3.683738
3.664046
3.616223
3.541115
3.440860
3.317334
3.173626
3.012464
2.837672
2.652593
2.461514
2.268088
2.076731
1.891025
1.715086
1.551947
1.404870
1.275730
1.166291
1.076667
1.006680
0.954579
0.918593
0.895984
0.884614
0.882111
0.887132
0.898487
0.916047
0.939862
0.970798
1.009706
1.057862
1.116224
1.185758
1.266835
1.359555
1.463318
1.577190
1.699621
1.828835
1.962614
2.098689
2.234533
2.367734
2.495781
2.616411
2.727387
2.826812
2.912907
2.984300
3.039786
3.078609
3.100206
3.104472
3.091499
3.061819
3.016145
2.955593
2.881416
2.795221
2.698692
2.593794
2.482500
2.366977
2.249313
2.131700
2.016148
1.904669
1.798998
1.700763
1.611229
1.531468
1.462143
1.403690
1.356161
1.319425
1.293075
1.276632
1.269486
1.271070
1.280805
1.298206
1.322821
1.354277
1.392214
1.436284
1.486107
1.541247
1.601199
1.665355
1.733031
1.803427
1.875684
1.948850
2.021952
2.093958
2.163865
2.230655
2.293386
2.351143
2.403126
2.448599
2.486974
2.517747
2.540584
2.555249
2.561684
2.559929
2.550203
2.532810
2.508221
2.476975
2.439755
2.397284
2.350402
2.299955
2.246874
2.192058
2.136454
2.080940
2.026407
1.973642
1.923415
1.876363
1.833084
1.794024
1.759587
1.730014
1.705510
1.686128
1.671900
1.662720
1.658486
1.658973
1.663985
1.673217
1.686409
1.703200
1.723286
1.746267
1.771807
1.799476
1.828911
1.859660
1.891345
1.923504
1.955756
1.987643
2.018802
2.048799
2.077307
2.103937
2.128420
2.150433
2.169782
2.186225
2.199658
2.209929
2.217031
2.220911
2.221656
2.219309
2.214046
2.205994
2.195410
2.182490
2.167549
2.150835
2.132704
2.113429
2.093384
2.072847
2.052186
2.031661
2.011613
1.992266
1.973918
1.956740
1.940975
1.926736
1.914202
1.903424
1.894517
1.887470
1.882341
1.879062
1.877638
1.877954
1.879972
1.883538
1.888581
1.894918
1.902454
1.910987
1.920408
1.930504
1.941159
1.952159
1.963390
1.974643
1.985815
1.996709
2.007238
2.017226
2.026606
2.035226
2.043048
2.049947
2.055914
2.060856
2.064795
2.067668
2.069528
2.070341
2.070190
2.069068
2.067081
2.064245
2.060685
2.056436
2.051635
2.046327
2.040659
2.034678
2.028532
2.022268
2.016027
2.009849
2.003867
1.998107
1.992688
1.987622
1.983011
1.978850
1.975221
1.972104
1.969561
1.967555
1.966131
1.965235
1.964898
1.965051
1.965713
1.966803
1.968330
1.970205
1.972429
1.974911
1.977645
1.980539
1.983587
1.986695
1.989862
1.992996
1.996099
1.999087
2.001966
2.004659
2.007179
2.009460
2.011521
2.013305
2.014840
2.016078
2.017056
2.017733
2.018155
2.018289
2.018188
2.017825
2.017259
2.016467
2.015513
2.014379
2.013128
2.011747
2.010299
2.008771
2.007226
2.005648
2.004100
2.002564
2.001098
1.999682
1.998370
1.997139
1.996037
1.995036
1.994182
1.993441
1.992855
1.992386
1.992071
1.991870
1.991815
1.991862
1.992041
1.992306
1.992684
1.993129
1.993664
1.994243
1.994889
1.995556
1.996266
1.996973
1.997701
1.998405
1.999110
1.999772
2.000418
2.001006
2.001565
2.002055
2.002505
2.002881
2.003211
2.003463
2.003669
2.003798
2.003883
2.003895
2.003867
2.003774
2.003649
2.003468
2.003264
2.003014
2.002751
2.002453
2.002154
2.001829
2.001514
2.001184
2.000871
2.000553
2.000261
1.999972
1.999714
1.999464
1.999251
1.999050
1.998888
1.998740
1.998632
1.998539
1.998486
1.998445
1.998442
1.998450
1.998492
1.998541
1.998621
1.998704
1.998811
1.998919
1.999046
1.999168
1.999306
1.999435
1.999574
1.999700
1.999834
1.999951
2.000072
2.000175
2.000279
2.000363
2.000446
2.000508
2.000569
2.000609
2.000647
2.000665
2.000681
2.000678
2.000675
2.000654
2.000634
2.000598
2.000565
2.000517
2.000474
2.000420
2.000371
2.000312
2.000262
2.000203
2.000153
2.000097
2.000052
2.000001
1.999961
1.999918
1.999886
1.999851
1.999827
1.999801
1.999787
1.999770
1.999764
1.999756
1.999758
1.999757
1.999767
1.999773
1.999788
1.999799
1.999818
1.999833
1.999855
1.999872
1.999895
1.999912
1.999936
1.999953
1.999975
1.999991
2.000011
2.000024
2.000041
2.000051
2.000066
2.000072
2.000083
2.000087
2.000094
2.000094
2.000099
2.000096
2.000097
2.000092
2.000091
2.000084
2.000081
2.000072
2.000068
2.000058
2.000053
2.000043
2.000038
2.000028
2.000023
2.000013
2.000009
2.000000
1.999997
1.999989
1.999986
1.999980
1.999979
1.999974
1.999973
1.999970
1.999971
1.999968
1.999970
1.999968
1.999971
1.999970
1.999974
1.999974
1.999978
1.999978
1.999982
1.999983
1.999988
1.999988
1.999993
1.999993
1.999997
1.999998
2.000002
2.000002
2.000005
2.000005
2.000008
2.000008
2.000010
2.000010
2.000012
2.000011
2.000012
2.000011
2.000012
2.000010
2.000011
2.000009
2.000010
2.000008
2.000008
2.000006
2.000007
2.000004
2.000005
2.000003
2.000003
2.000001
2.000002
2.000000
2.000000
1.999998
1.999999
1.999998
1.999998
1.999997
1.999998
1.999996
1.999997
1.999996
1.999997
1.999996
1.999997
1.999997
1.999998
1.999997
1.999998
1.999997
1.999999
1.999998
1.999999
1.999998
2.000000
1.999999
2.000000
1.999999
2.000000
2.000000
2.000001
2.000000
2.000001
2.000000
2.000001
2.000001
2.000001
2.000001
2.000001
2.000001
2.000001
2.000001
2.000001
2.000001
2.000001
2.000000
2.000001
2.000000
2.000001
2.000000
2.000001
2.000000
2.000001
2.000000
2.000000
2.000000
2.000000
2.000000
2.000000
2.000000
2.000000
2.000000
2.000000
1.999999
2.000000
1.999999
2.000000
2.000000
2.000000
2.000000
2.000000
2.000000
2.000000
2.000000
2.000000
2.000000
2.000000
2.000000
2.000000
2.000000
2.000000
2.000000
2.000000
2.000000
2.000000
2.000000
2.000000
2.000000
2.000000
2.000000
2.000000
2.000000
2.000000
2.000000
2.000000
2.000000
2.000000
2.000000
2.000000
2.000000
2.000000
2.000000
2.000000
2.000000
2.000000
2.000000
2.000000
2.000000
2.000000
2.000000
2.000000
2.000000
2.000000
2.000000
2.000000
2.000000
2.000000
2.000000
2.000000
2.000000
2.000000
2.000000
2.000000
2.000000
2.000000
2.000000
2.000000
2.000000
2.000000
2.000000
2.000000
2.000000
2.000000
2.000000
2.000000
2.000000
2.000000
2.000000
2.000000
2.000000
2.000000
2.000000
2.000000
2.000000
2.000000
2.000000
2.000000
2.000000
2.000000
2.000000
2.000000
2.000000
2.000000
2.000000
2.000000
2.000000
2.000000
2.000000
2.000000
2.000000
2.000000
2.000000
2.000000
2.000000
2.000000
2.000000
2.000000
2.000000
2.000000
2.000000
2.000000
2.000000
2.000000
2.000000
2.000000
2.000000
2.000000
2.000000
2.000000
2.000000
2.000000
2.000000
2.000000
2.000000
2.000000
2.000000
2.000000
2.000000
2.000000
2.000000
2.000000
2.000000
2.000000
2.000000
2.000000
2.000000
2.000000
2.000000
2.000000
2.000000
2.000000
2.000000
2.000000
2.000000
2.000000
2.000000
2.000000
2.000000
2.000000
2.000000
2.000000
2.000000
2.000000
2.000000
2.000000
2.000000
2.000000
2.000000
2.000000
2.000000
2.000000
2.000000
2.000000
2.000000
2.000000
2.000000
2.000000
2.000000
2.000000
2.000000
2.000000
2.000000
2.000000
2.000000
2.000000
2.000000
2.000000
2.000000
2.000000
2.000000
2.000000
2.000000
2.000000
2.000000
2.000000
2.000000
2.000000
2.000000
2.000000
2.000000
2.000000
2.000000
2.000000
2.000000
2.000000
2.000000
2.000000
2.000000
2.000000
2.000000
2.000000
2.000000
2.000000
2.000000
2.000000
2.000000
2.000000
2.000000
2.000000
2.000000
2.000000
2.000000
2.000000
2.000000
2.000000
2.000000
2.000000
2.000000
2.000000
2.000000
2.000000
2.000000
2.000000
2.000000
2.000000
2.000000
2.000000
2.000000
2.000000
2.000000
2.000000
2.000000
2.000000
2.000000
2.000000
2.000000
2.000000
2.000000
2.000000
2.000000
2.000000
2.000000
2.000000
2.000000
2.000000
2.000000
2.000000
2.000000
2.000000
2.000000
2.000000
2.000000
2.000000
2.000000
2.000000
2.000000
2.000000
2.000000
2.000000
2.000000
2.000000
2.000000
2.000000
2.000000
2.000000
2.000000
2.000000
2.000000
2.000000
2.000000
2.000000
2.000000
2.000000
2.000000
2.000000
2.000000
2.000000
2.000000
2.000000
2.000000
2.000000
2.000000
2.000000
2.000000
2.000000
2.000000
2.000000
2.000000
2.000000
2.000000
2.000000
2.000000
2.000000
2.000000
2.000000
2.000000
2.000000
2.000000
2.000000
2.000000
2.000000
2.000000
2.000000
2.000000
2.000000
2.000000
2.000000
2.000000
2.000000
2.000000
2.000000
2.000000
2.000000
2.000000
2.000000
2.000000
2.000000
2.000000
2.000000
