2.161613
2.083211
2.036629
2.036629
2.083211
2.161613
2.264535
2.378902
2.499295
2.614728
2.721886
2.811967
2.883816
2.930828
2.953995
2.948860
2.918477
2.860404
2.779572
2.675303
2.554088
2.416628
2.270499
2.117223
1.964789
1.814778
1.674705
1.545251
1.432417
1.335036
1.256767
1.194202
1.148700
1.115304
1.094129
1.080020
1.073045
1.068836
1.067990
1.067222
1.067717
1.067240
1.067519
1.067371
1.069160
1.072925
1.081877
1.097431
1.123634
1.162899
1.219288
1.294815
1.391888
1.510365
1.649781
1.807247
1.979697
2.162263
2.350420
2.538497
2.721642
2.894348
3.052271
3.190736
3.306459
3.396029
3.457558
3.489150
3.490487
3.461286
3.402833
3.316423
3.204848
3.070818
2.918403
2.751435
2.574891
2.393284
2.211964
2.035490
1.868838
1.715764
1.579910
1.463243
1.367145
1.291143
1.234140
1.193636
1.167036
1.151216
1.143542
1.141527
1.143372
1.147696
1.153695
1.161056
1.169847
1.180662
1.194294
1.212091
1.235411
1.266105
1.305747
1.356189
1.418587
1.494067
1.582670
1.684200
1.797234
1.920170
2.050311
2.185037
2.320904
2.454859
2.583300
2.703289
2.811562
2.905721
2.983202
3.042437
3.081791
3.100695
3.098551
3.075847
3.033033
2.971611
2.892985
2.799537
2.693445
2.577741
2.455107
2.328909
2.201968
2.077581
1.958269
1.846798
1.744926
1.654457
1.576029
1.510260
1.456624
1.414705
1.383159
1.361036
1.346745
1.339361
1.337528
1.340709
1.348018
1.359416
1.374501
1.393666
1.416872
1.444780
1.477518
1.515788
1.559648
1.609599
1.665397
1.727138
1.794117
1.865929
1.941374
2.019583
2.098959
2.178320
2.255857
2.330279
2.399784
2.463188
2.518894
2.566007
2.603296
2.630288
2.646221
2.651119
2.644736
2.627610
2.600001
2.562921
2.517071
2.463851
2.404288
2.340039
2.272310
2.202845
2.132852
2.063985
1.997276
1.934120
1.875225
1.821602
1.773554
1.731673
1.695864
1.666351
1.642740
1.625011
1.612612
1.605422
1.602863
1.604824
1.610786
1.620703
1.634139
1.651112
1.671247
1.694586
1.720766
1.749801
1.781281
1.815143
1.850891
1.888352
1.926927
1.966332
2.005876
2.045191
2.083531
2.120491
2.155325
2.187651
2.216783
2.242421
2.263995
2.281340
2.294045
2.302113
2.305320
2.303853
2.297677
2.287161
2.272444
2.254051
2.232262
2.207717
2.180789
2.152181
2.122305
2.091870
2.061272
2.031169
2.001893
1.974011
1.947754
1.923574
1.901584
1.882110
1.865154
1.850927
1.839332
1.830489
1.824227
1.820598
1.819385
1.820591
1.823970
1.829498
1.836910
1.846159
1.856970
1.869277
1.882792
1.897431
1.912896
1.929084
1.945688
1.962592
1.979483
1.996240
2.012555
2.028310
2.043214
2.057167
2.069908
2.081366
2.091322
2.099749
2.106480
2.111539
2.114816
2.116390
2.116212
2.114415
2.111003
2.106158
2.099933
2.092545
2.084082
2.074786
2.064766
2.054273
2.043421
2.032457
2.021487
2.010739
2.000301
1.990373
1.981016
1.972396
1.964543
1.957587
1.951525
1.946451
1.942332
1.939229
1.937083
1.935926
1.935675
1.936340
1.937821
1.940108
1.943087
1.946736
1.950931
1.955639
1.960732
1.966172
1.971829
1.977662
1.983545
1.989438
1.995222
2.000861
2.006247
2.011352
2.016080
2.020417
2.024282
2.027673
2.030528
2.032860
2.034625
2.035853
2.036516
2.036659
2.036271
2.035411
2.034082
2.032353
2.030237
2.027811
2.025096
2.022173
2.019067
2.015856
2.012568
2.009279
2.006010
2.002833
1.999765
1.996866
1.994148
1.991663
1.989411
1.987435
1.985727
1.984317
1.983192
1.982371
1.981831
1.981584
1.981600
1.981884
1.982401
1.983148
1.984087
1.985212
1.986481
1.987886
1.989385
1.990967
1.992591
1.994248
1.995898
1.997533
1.999116
2.000642
2.002079
2.003423
2.004649
2.005756
2.006724
2.007556
2.008238
2.008777
2.009162
2.009406
2.009503
2.009469
2.009301
2.009017
2.008620
2.008128
2.007546
2.006894
2.006178
2.005419
2.004623
2.003810
2.002986
2.002169
2.001365
2.000591
1.999849
1.999155
1.998509
1.997925
1.997401
1.996948
1.996561
1.996248
1.996005
1.995835
1.995732
1.995699
1.995728
1.995818
1.995962
1.996157
1.996395
1.996673
1.996981
1.997317
1.997671
1.998041
1.998416
1.998795
1.999168
1.999534
1.999884
2.000219
2.000530
2.000818
2.001077
2.001308
2.001507
2.001674
2.001807
2.001909
2.001977
2.002016
2.002022
2.002002
2.001953
2.001882
2.001787
2.001675
2.001545
2.001402
2.001248
2.001087
2.000920
2.000751
2.000581
2.000415
2.000253
2.000098
1.999951
1.999815
1.999690
1.999578
1.999479
1.999394
1.999323
1.999267
1.999225
1.999197
1.999183
1.999182
1.999192
1.999214
1.999245
1.999287
1.999335
1.999391
1.999451
1.999516
1.999584
1.999654
1.999724
1.999795
1.999863
1.999930
1.999993
2.000053
2.000108
2.000158
2.000202
2.000242
2.000275
2.000302
2.000323
2.000339
2.000348
2.000353
2.000351
2.000346
2.000335
2.000321
2.000303
2.000282
2.000259
2.000233
2.000206
2.000178
2.000150
2.000121
2.000092
2.000065
2.000038
2.000013
1.999989
1.999967
1.999948
1.999930
1.999915
1.999902
1.999891
1.999883
1.999877
1.999874
1.999872
1.999873
1.999875
1.999879
1.999885
1.999892
1.999900
1.999909
1.999919
1.999929
1.999939
1.999950
1.999961
1.999972
1.999982
1.999992
2.000001
2.000010
2.000018
2.000025
2.000031
2.000036
2.000041
2.000044
2.000047
2.000049
2.000050
2.000050
2.000050
2.000049
2.000047
2.000045
2.000042
2.000039
2.000035
2.000032
2.000028
2.000024
2.000020
2.000016
2.000012
2.000008
2.000005
2.000001
1.999998
1.999995
1.999993
1.999991
1.999989
1.999987
1.999986
1.999985
1.999984
1.999984
1.999984
1.999984
1.999984
1.999985
1.999986
1.999987
1.999988
1.999989
1.999990
1.999991
1.999993
1.999994
1.999996
1.999997
1.999998
1.999999
2.000000
2.000001
2.000002
2.000003
2.000004
2.000004
2.000005
2.000005
2.000006
2.000006
2.000006
2.000006
2.000006
2.000006
2.000005
2.000005
2.000005
2.000004
2.000004
2.000004
2.000003
2.000003
2.000002
2.000002
2.000001
2.000001
2.000000
2.000000
2.000000
1.999999
1.999999
1.999999
1.999999
1.999999
1.999998
1.999998
1.999998
1.999998
1.999998
1.999998
1.999998
1.999998
1.999999
1.999999
1.999999
1.999999
1.999999
1.999999
1.999999
1.999999
2.000000
2.000000
2.000000
2.000000
2.000000
2.000000
2.000000
2.000000
2.000000
2.000000
2.000000
2.000001
2.000001
2.000001
2.000001
2.000001
2.000001
2.000001
2.000001
2.000000
2.000000
2.000000
2.000000
2.000000
2.000000
2.000000
2.000000
2.000000
2.000000
2.000000
2.000000
2.000000
2.000000
2.000000
2.000000
2.000000
2.000000
2.000000
2.000000
2.000000
2.000000
2.000000
2.000000
2.000000
2.000000
2.000000
2.000000
2.000000
2.000000
2.000000
2.000000
2.000000
2.000000
2.000000
2.000000
2.000000
2.000000
2.000000
2.000000
2.000000
2.000000
2.000000
2.000000
2.000000
2.000000
2.000000
2.000000
2.000000
2.000000
2.000000
2.000000
2.000000
2.000000
2.000000
2.000000
2.000000
2.000000
2.000000
2.000000
2.000000
2.000000
2.000000
2.000000
2.000000
2.000000
2.000000
2.000000
2.000000
2.000000
2.000000
2.000000
2.000000
2.000000
2.000000
2.000000
2.000000
2.000000
2.000000
2.000000
2.000000
2.000000
2.000000
2.000000
2.000000
2.000000
2.000000
2.000000
2.000000
2.000000
2.000000
2.000000
2.000000
2.000000
2.000000
2.000000
2.000000
2.000000
2.000000
2.000000
2.000000
2.000000
2.000000
2.000000
2.000000
2.000000
2.000000
2.000000
2.000000
2.000000
2.000000
2.000000
2.000000
2.000000
2.000000
2.000000
2.000000
2.000000
2.000000
2.000000
2.000000
2.000000
2.000000
2.000000
2.000000
2.000000
2.000000
2.000000
2.000000
2.000000
2.000000
2.000000
2.000000
2.000000
2.000000
2.000000
2.000000
2.000000
2.000000
2.000000
2.000000
2.000000
2.000000
2.000000
2.000000
2.000000
2.000000
2.000000
2.000000
2.000000
2.000000
2.000000
2.000000
2.000000
2.000000
2.000000
2.000000
2.000000
2.000000
2.000000
2.000000
2.000000
2.000000
2.000000
2.000000
2.000000
2.000000
2.000000
2.000000
2.000000
2.000000
2.000000
2.000000
2.000000
2.000000
2.000000
2.000000
2.000000
2.000000
2.000000
2.000000
2.000000
2.000000
2.000000
2.000000
2.000000
2.000000
2.000000
2.000000
2.000000
2.000000
2.000000
2.000000
2.000000
2.000000
2.000000
2.000000
2.000000
2.000000
2.000000
2.000000
2.000000
2.000000
2.000000
2.000000
2.000000
2.000000
2.000000
2.000000
2.000000
2.000000
2.000000
2.000000
2.000000
2.000000
2.000000
2.000000
2.000000
2.000000
2.000000
2.000000
2.000000
2.000000
2.000000
2.000000
2.000000
2.000000
2.000000
2.000000
2.000000
2.000000
2.000000
2.000000
2.000000
2.000000
2.000000
2.000000
2.000000
2.000000
2.000000
2.000000
2.000000
2.000000
2.000000
2.000000
2.000000
2.000000
2.000000
2.000000
2.000000
2.000000
2.000000
2.000000
2.000000
2.000000
2.000000
2.000000
2.000000
2.000000
2.000000
2.000000
2.000000
2.000000
2.000000
2.000000
2.000000
2.000000
2.000000
2.000000
2.000000
2.000000
2.000000
2.000000
2.000000
2.000000
2.000000
2.000000
2.000000
2.000000
2.000000
2.000000
2.000000
2.000000
2.000000
2.000000
2.000000
2.000000
2.000000
2.000000
2.000000
2.000000
2.000000
2.000000
2.000000
2.000000
2.000000
2.000000
2.000000
2.000000
2.000000
2.000000
2.000000
2.000000
2.000000
2.000000
2.000000
2.000000
2.000000
2.000000
2.000000
2.000000
2.000000
2.000000
2.000000
2.000000
2.000000
2.000000
2.000000
2.000000
2.000000
2.000000
2.000000
2.000000
2.000000
2.000000
2.000000
2.000000
2.000000
2.000000
2.000000
2.000000
2.000000
2.000000
2.000000
2.000000
2.000000
2.000000
2.000000
2.000000
