2.169390
2.099634
2.058017
2.058017
2.099634
2.169390
2.259972
2.359414
2.462174
2.558205
2.643988
2.711554
2.759507
2.782017
2.779830
2.749242
2.693083
2.609663
2.503735
2.375399
2.231036
2.072170
1.906358
1.735997
1.569152
1.408285
1.260996
1.128658
1.017088
0.925193
0.855786
0.804612
0.771650
0.750697
0.740826
0.736016
0.736091
0.736241
0.737375
0.735859
0.733440
0.727463
0.720424
0.710828
0.702314
0.695264
0.695307
0.705545
0.733841
0.785029
0.866365
0.979962
1.128125
1.307659
1.516051
1.746603
1.994453
2.251591
2.512564
2.769340
3.016849
3.247770
3.457996
3.641379
3.795149
3.914635
3.998644
4.044157
4.051682
4.019924
3.951102
3.845605
3.707279
3.538056
3.343215
3.125998
2.892836
2.647945
2.398525
2.149322
1.907783
1.678574
1.468627
1.281577
1.122627
0.992886
0.894110
0.823335
0.778091
0.752136
0.741186
0.739133
0.742971
0.748762
0.755615
0.761829
0.768343
0.775361
0.785412
0.800427
0.824283
0.860124
0.912212
0.983343
1.076254
1.191483
1.328939
1.486415
1.661367
1.849707
2.047538
2.249955
2.452656
2.650697
2.840019
3.016157
3.175717
3.315053
3.431713
3.523090
3.587836
3.624501
3.632921
3.612834
3.565249
3.491049
3.392337
3.271021
3.130144
2.972458
2.801732
2.621315
2.435424
2.247694
2.062439
1.883190
1.713915
1.557541
1.417126
1.294387
1.190849
1.106479
1.040921
0.992403
0.959139
0.938534
0.928553
0.927010
0.932650
0.944396
0.962111
0.985857
1.016404
1.054548
1.101443
1.157993
1.225083
1.303097
1.392130
1.491667
1.600832
1.718200
1.842075
1.970373
2.100895
2.231235
2.359036
2.481889
2.597566
2.703913
2.799056
2.881284
2.949232
3.001754
3.038092
3.057733
3.060560
3.046705
3.016685
2.971242
2.911468
2.838642
2.754333
2.660239
2.558279
2.450426
2.338785
2.225428
2.112461
2.001861
1.895532
1.795148
1.702211
1.617908
1.543177
1.478602
1.424499
1.380868
1.347496
1.323966
1.309762
1.304304
1.307018
1.317372
1.334884
1.359154
1.389807
1.426533
1.468983
1.516827
1.569636
1.626959
1.688205
1.752749
1.819818
1.888618
1.958223
2.027730
2.096132
2.162491
2.225812
2.285213
2.339794
2.388813
2.431541
2.467438
2.496004
2.516945
2.530023
2.535213
2.532545
2.522265
2.504660
2.480221
2.449462
2.413078
2.371761
2.326353
2.277661
2.226609
2.174049
2.120912
2.068020
2.016244
1.966305
1.918948
1.874743
1.834261
1.797884
1.765992
1.738768
1.716405
1.698908
1.686307
1.678463
1.675285
1.676529
1.682017
1.691437
1.704555
1.721010
1.740532
1.762723
1.787286
1.813794
1.841926
1.871235
1.901386
1.931922
1.962503
1.992679
2.022123
2.050409
2.077246
2.102249
2.125183
2.145727
2.163716
2.178907
2.191223
2.200509
2.206779
2.209973
2.210196
2.207478
2.202013
2.193911
2.183439
2.170774
2.156238
2.140056
2.122587
2.104080
2.084906
2.065317
2.045678
2.026219
2.007278
1.989048
1.971823
1.955747
1.941058
1.927842
1.916277
1.906390
1.898299
1.891971
1.887469
1.884710
1.883706
1.884331
1.886558
1.890224
1.895272
1.901515
1.908872
1.917139
1.926224
1.935913
1.946107
1.956593
1.967276
1.977945
1.988517
1.998794
2.008706
2.018078
2.026858
2.034895
2.042164
2.048540
2.054026
2.058527
2.062075
2.064604
2.066177
2.066755
2.066428
2.065182
2.063129
2.060279
2.056761
2.052599
2.047935
2.042805
2.037355
2.031624
2.025760
2.019799
2.013884
2.008042
2.002407
1.996995
1.991925
1.987199
1.982919
1.979071
1.975740
1.972895
1.970603
1.968817
1.967587
1.966852
1.966648
1.966900
1.967631
1.968758
1.970294
1.972149
1.974328
1.976738
1.979380
1.982160
1.985078
1.988041
1.991052
1.994019
1.996951
1.999761
2.002463
2.004980
2.007329
2.009442
2.011346
2.012979
2.014378
2.015490
2.016357
2.016936
2.017277
2.017344
2.017193
2.016794
2.016208
2.015411
2.014466
2.013354
2.012139
2.010803
2.009413
2.007949
2.006477
2.004978
2.003513
2.002064
2.000687
1.999361
1.998138
1.996993
1.995976
1.995055
1.994276
1.993605
1.993083
1.992671
1.992405
1.992246
1.992224
1.992298
1.992495
1.992772
1.993154
1.993596
1.994121
1.994685
1.995310
1.995951
1.996630
1.997304
1.997995
1.998661
1.999325
1.999947
2.000550
2.001098
2.001616
2.002068
2.002481
2.002822
2.003120
2.003343
2.003523
2.003629
2.003694
2.003691
2.003651
2.003550
2.003420
2.003237
2.003034
2.002789
2.002533
2.002245
2.001957
2.001647
2.001346
2.001034
2.000738
2.000440
2.000166
1.999896
1.999656
1.999425
1.999230
1.999046
1.998899
1.998767
1.998672
1.998591
1.998548
1.998517
1.998520
1.998535
1.998580
1.998633
1.998712
1.998796
1.998901
1.999006
1.999129
1.999247
1.999379
1.999501
1.999633
1.999753
1.999878
1.999988
2.000101
2.000196
2.000291
2.000368
2.000444
2.000500
2.000554
2.000589
2.000622
2.000635
2.000648
2.000642
2.000636
2.000614
2.000593
2.000557
2.000523
2.000477
2.000435
2.000382
2.000335
2.000279
2.000231
2.000175
2.000129
2.000076
2.000033
1.999986
1.999950
1.999910
1.999881
1.999849
1.999828
1.999805
1.999792
1.999778
1.999774
1.999767
1.999770
1.999771
1.999781
1.999788
1.999803
1.999814
1.999833
1.999847
1.999868
1.999885
1.999907
1.999924
1.999946
1.999962
1.999982
1.999997
2.000016
2.000028
2.000044
2.000053
2.000066
2.000072
2.000081
2.000084
2.000090
2.000090
2.000094
2.000091
2.000091
2.000086
2.000085
2.000078
2.000074
2.000066
2.000062
2.000053
2.000048
2.000038
2.000033
2.000024
2.000019
2.000010
2.000006
1.999998
1.999995
1.999988
1.999985
1.999980
1.999978
1.999974
1.999974
1.999971
1.999972
1.999970
1.999971
1.999970
1.999973
1.999973
1.999976
1.999976
1.999980
1.999980
1.999984
1.999985
1.999989
1.999990
1.999994
1.999995
1.999998
1.999999
2.000002
2.000003
2.000006
2.000006
2.000008
2.000008
2.000010
2.000010
2.000011
2.000010
2.000011
2.000010
2.000011
2.000010
2.000010
2.000009
2.000009
2.000007
2.000007
2.000006
2.000006
2.000004
2.000004
2.000002
2.000003
2.000001
2.000001
2.000000
2.000000
1.999998
1.999999
1.999998
1.999998
1.999997
1.999998
1.999997
1.999997
1.999997
1.999997
1.999997
1.999997
1.999997
1.999998
1.999997
1.999998
1.999998
1.999999
1.999998
1.999999
1.999999
2.000000
1.999999
2.000000
2.000000
2.000000
2.000000
2.000001
2.000000
2.000001
2.000001
2.000001
2.000001
2.000001
2.000001
2.000001
2.000001
2.000001
2.000001
2.000001
2.000001
2.000001
2.000001
2.000001
2.000000
2.000001
2.000000
2.000001
2.000000
2.000000
2.000000
2.000000
2.000000
2.000000
2.000000
2.000000
2.000000
2.000000
2.000000
2.000000
2.000000
2.000000
2.000000
2.000000
2.000000
2.000000
2.000000
2.000000
2.000000
2.000000
2.000000
2.000000
2.000000
2.000000
2.000000
2.000000
2.000000
2.000000
2.000000
2.000000
2.000000
2.000000
2.000000
2.000000
2.000000
2.000000
2.000000
2.000000
2.000000
2.000000
2.000000
2.000000
2.000000
2.000000
2.000000
2.000000
2.000000
2.000000
2.000000
2.000000
2.000000
2.000000
2.000000
2.000000
2.000000
2.000000
2.000000
2.000000
2.000000
2.000000
2.000000
2.000000
2.000000
2.000000
2.000000
2.000000
2.000000
2.000000
2.000000
2.000000
2.000000
2.000000
2.000000
2.000000
2.000000
2.000000
2.000000
2.000000
2.000000
2.000000
2.000000
2.000000
2.000000
2.000000
2.000000
2.000000
2.000000
2.000000
2.000000
2.000000
2.000000
2.000000
2.000000
2.000000
2.000000
2.000000
2.000000
2.000000
2.000000
2.000000
2.000000
2.000000
2.000000
2.000000
2.000000
2.000000
2.000000
2.000000
2.000000
2.000000
2.000000
2.000000
2.000000
2.000000
2.000000
2.000000
2.000000
2.000000
2.000000
2.000000
2.000000
2.000000
2.000000
2.000000
2.000000
2.000000
2.000000
2.000000
2.000000
2.000000
2.000000
2.000000
2.000000
2.000000
2.000000
2.000000
2.000000
2.000000
2.000000
2.000000
2.000000
2.000000
2.000000
2.000000
2.000000
2.000000
2.000000
2.000000
2.000000
2.000000
2.000000
2.000000
2.000000
2.000000
2.000000
2.000000
2.000000
2.000000
2.000000
2.000000
2.000000
2.000000
2.000000
2.000000
2.000000
2.000000
2.000000
2.000000
2.000000
2.000000
2.000000
2.000000
2.000000
2.000000
2.000000
2.000000
2.000000
2.000000
2.000000
2.000000
2.000000
2.000000
2.000000
2.000000
2.000000
2.000000
2.000000
2.000000
2.000000
2.000000
2.000000
2.000000
2.000000
2.000000
2.000000
2.000000
2.000000
2.000000
2.000000
2.000000
2.000000
2.000000
2.000000
2.000000
2.000000
2.000000
2.000000
2.000000
2.000000
2.000000
2.000000
2.000000
2.000000
2.000000
2.000000
2.000000
2.000000
2.000000
2.000000
2.000000
2.000000
2.000000
2.000000
2.000000
2.000000
2.000000
2.000000
2.000000
2.000000
2.000000
2.000000
2.000000
2.000000
2.000000
2.000000
2.000000
2.000000
2.000000
2.000000
2.000000
2.000000
2.000000
2.000000
2.000000
2.000000
2.000000
2.000000
2.000000
2.000000
2.000000
2.000000
2.000000
2.000000
2.000000
2.000000
2.000000
2.000000
2.000000
2.000000
2.000000
2.000000
2.000000
2.000000
2.000000
2.000000
2.000000
2.000000
2.000000
2.000000
2.000000
2.000000
2.000000
2.000000
2.000000
2.000000
2.000000
2.000000
2.000000
2.000000
2.000000
2.000000
2.000000
2.000000
2.000000
2.000000
2.000000
2.000000
2.000000
2.000000
2.000000
2.000000
2.000000
2.000000
2.000000
2.000000
2.000000
2.000000
2.000000
2.000000
2.000000
2.000000
2.000000
2.000000
2.000000
2.000000
2.000000
2.000000
2.000000
2.000000
2.000000
2.000000
2.000000
2.000000
2.000000
2.000000
2.000000
2.000000
2.000000
2.000000
2.000000
2.000000
2.000000
2.000000
2.000000
2.000000
2.000000
