2.129963
2.055644
2.012102
2.012102
2.055644
2.129963
2.227527
2.337030
2.452504
2.564499
2.668894
2.758260
2.830463
2.880155
2.907232
2.908412
2.885559
2.837338
2.767399
2.676102
2.568560
2.446428
2.315787
2.179010
2.042466
1.908489
1.782868
1.667023
1.565256
1.477313
1.405428
1.347506
1.303895
1.271327
1.249156
1.233998
1.225139
1.219825
1.217735
1.216985
1.217723
1.218910
1.221131
1.224165
1.229071
1.236511
1.248124
1.265501
1.290838
1.326412
1.374494
1.437225
1.515937
1.611458
1.723192
1.849942
1.988990
2.137338
2.290774
2.445318
2.596191
2.739313
2.870164
2.985272
3.080978
3.154903
3.204637
3.229184
3.227585
3.200348
3.148007
3.072538
2.975862
2.861241
2.731725
2.591525
2.444399
2.295005
2.147210
2.005436
1.872899
1.752980
1.647443
1.557943
1.484319
1.426367
1.382265
1.350607
1.328829
1.315336
1.307742
1.304969
1.305270
1.308306
1.313032
1.319795
1.328160
1.339043
1.352513
1.369946
1.391795
1.419729
1.454363
1.497353
1.549091
1.610763
1.682072
1.763308
1.853160
1.950855
2.054075
2.161165
2.269114
2.375790
2.477950
2.573451
2.659262
2.733641
2.794125
2.839672
2.868626
2.880828
2.875551
2.853579
2.815123
2.761867
2.694862
2.616542
2.528600
2.433969
2.334693
2.233874
2.133530
2.036537
1.944491
1.859647
1.782839
1.715438
1.657359
1.609070
1.569698
1.539058
1.515840
1.499602
1.488989
1.483643
1.482436
1.485279
1.491382
1.500964
1.513557
1.529630
1.548952
1.572137
1.599061
1.630338
1.665801
1.705914
1.750312
1.799169
1.851809
1.908040
1.966833
2.027638
2.089128
2.150490
2.210223
2.267408
2.320537
2.368758
2.410725
2.445813
2.472978
2.491943
2.502059
2.503469
2.495959
2.480102
2.456108
2.424939
2.387160
2.344031
2.296362
2.245581
2.192600
2.138862
2.085227
2.033003
1.982859
1.935844
1.892341
1.853078
1.818125
1.787896
1.762190
1.741174
1.724468
1.712095
1.703596
1.698943
1.697683
1.699799
1.704890
1.712977
1.723714
1.737156
1.752993
1.771282
1.791716
1.814318
1.838745
1.864955
1.892543
1.921379
1.950986
1.981149
2.011324
2.041231
2.070290
2.098192
2.124361
2.148507
2.170103
2.188927
2.204550
2.216855
2.225543
2.230635
2.231981
2.229749
2.223941
2.214864
2.202659
2.187748
2.170376
2.151048
2.130072
2.107986
2.085117
2.061994
2.038920
2.016369
1.994586
1.973967
1.954676
1.937015
1.921060
1.907021
1.894894
1.884808
1.876692
1.870612
1.866450
1.864226
1.863792
1.865136
1.868091
1.872623
1.878554
1.885832
1.894269
1.903797
1.914219
1.925450
1.937285
1.949624
1.962253
1.975063
1.987836
2.000457
2.012713
2.024494
2.035600
2.045935
2.055324
2.063695
2.070906
2.076922
2.081640
2.085065
2.087141
2.087915
2.087378
2.085617
2.082664
2.078644
2.073623
2.067753
2.061123
2.053902
2.046194
2.038169
2.029935
2.021655
2.013427
2.005401
1.997658
1.990324
1.983460
1.977165
1.971477
1.966468
1.962150
1.958572
1.955722
1.953624
1.952250
1.951601
1.951633
1.952333
1.953640
1.955531
1.957935
1.960817
1.964101
1.967745
1.971670
1.975828
1.980139
1.984557
1.989002
1.993428
1.997762
2.001962
2.005962
2.009728
2.013204
2.016365
2.019166
2.021593
2.023616
2.025233
2.026426
2.027206
2.027568
2.027534
2.027113
2.026336
2.025222
2.023809
2.022125
2.020213
2.018104
2.015846
2.013470
2.011026
2.008543
2.006067
2.003627
2.001261
1.998994
1.996860
1.994876
1.993069
1.991449
1.990036
1.988833
1.987851
1.987089
1.986550
1.986226
1.986115
1.986203
1.986483
1.986938
1.987556
1.988317
1.989206
1.990202
1.991288
1.992443
1.993648
1.994883
1.996131
1.997372
1.998590
1.999768
2.000894
2.001951
2.002931
2.003822
2.004616
2.005307
2.005890
2.006362
2.006723
2.006972
2.007112
2.007145
2.007079
2.006917
2.006668
2.006339
2.005940
2.005480
2.004968
2.004415
2.003831
2.003225
2.002609
2.001990
2.001378
2.000781
2.000208
1.999663
1.999156
1.998689
1.998267
1.997895
1.997574
1.997307
1.997093
1.996933
1.996827
1.996772
1.996767
1.996809
1.996894
1.997019
1.997180
1.997373
1.997592
1.997834
1.998093
1.998365
1.998645
1.998929
1.999213
1.999492
1.999763
2.000022
2.000266
2.000493
2.000701
2.000887
2.001050
2.001189
2.001304
2.001393
2.001459
2.001500
2.001518
2.001514
2.001489
2.001444
2.001383
2.001305
2.001215
2.001112
2.001001
2.000882
2.000759
2.000632
2.000505
2.000378
2.000254
2.000135
2.000021
1.999914
1.999816
1.999726
1.999647
1.999577
1.999518
1.999470
1.999433
1.999406
1.999390
1.999384
1.999387
1.999399
1.999419
1.999447
1.999480
1.999519
1.999563
1.999611
1.999661
1.999712
1.999765
1.999818
1.999870
1.999921
1.999970
2.000016
2.000060
2.000099
2.000135
2.000166
2.000194
2.000216
2.000235
2.000249
2.000258
2.000263
2.000264
2.000262
2.000256
2.000246
2.000234
2.000220
2.000203
2.000184
2.000165
2.000144
2.000123
2.000101
2.000080
2.000059
2.000038
2.000019
2.000000
1.999983
1.999968
1.999954
1.999941
1.999931
1.999922
1.999915
1.999910
1.999906
1.999905
1.999904
1.999905
1.999908
1.999912
1.999916
1.999922
1.999928
1.999935
1.999943
1.999951
1.999959
1.999967
1.999975
1.999983
1.999990
1.999998
2.000004
2.000010
2.000016
2.000021
2.000025
2.000029
2.000032
2.000034
2.000036
2.000037
2.000038
2.000038
2.000037
2.000036
2.000034
2.000032
2.000030
2.000028
2.000025
2.000022
2.000019
2.000016
2.000013
2.000010
2.000007
2.000005
2.000002
2.000000
1.999997
1.999995
1.999994
1.999992
1.999991
1.999990
1.999989
1.999988
1.999988
1.999988
1.999988
1.999988
1.999988
1.999989
1.999990
1.999990
1.999991
1.999992
1.999993
1.999994
1.999995
1.999996
1.999997
1.999998
1.999999
2.000000
2.000001
2.000001
2.000002
2.000003
2.000003
2.000004
2.000004
2.000004
2.000004
2.000004
2.000004
2.000004
2.000004
2.000004
2.000004
2.000004
2.000003
2.000003
2.000003
2.000002
2.000002
2.000002
2.000001
2.000001
2.000001
2.000000
2.000000
2.000000
2.000000
1.999999
1.999999
1.999999
1.999999
1.999999
1.999999
1.999999
1.999999
1.999999
1.999999
1.999999
1.999999
1.999999
1.999999
1.999999
1.999999
1.999999
1.999999
1.999999
2.000000
2.000000
2.000000
2.000000
2.000000
2.000000
2.000000
2.000000
2.000000
2.000000
2.000000
2.000000
2.000000
2.000000
2.000000
2.000000
2.000000
2.000000
2.000000
2.000000
2.000000
2.000000
2.000000
2.000000
2.000000
2.000000
2.000000
2.000000
2.000000
2.000000
2.000000
2.000000
2.000000
2.000000
2.000000
2.000000
2.000000
2.000000
2.000000
2.000000
2.000000
2.000000
2.000000
2.000000
2.000000
2.000000
2.000000
2.000000
2.000000
2.000000
2.000000
2.000000
2.000000
2.000000
2.000000
2.000000
2.000000
2.000000
2.000000
2.000000
2.000000
2.000000
2.000000
2.000000
2.000000
2.000000
2.000000
2.000000
2.000000
2.000000
2.000000
2.000000
2.000000
2.000000
2.000000
2.000000
2.000000
2.000000
2.000000
2.000000
2.000000
2.000000
2.000000
2.000000
2.000000
2.000000
2.000000
2.000000
2.000000
2.000000
2.000000
2.000000
2.000000
2.000000
2.000000
2.000000
2.000000
2.000000
2.000000
2.000000
2.000000
2.000000
2.000000
2.000000
2.000000
2.000000
2.000000
2.000000
2.000000
2.000000
2.000000
2.000000
2.000000
2.000000
2.000000
2.000000
2.000000
2.000000
2.000000
2.000000
2.000000
2.000000
2.000000
2.000000
2.000000
2.000000
2.000000
2.000000
2.000000
2.000000
2.000000
2.000000
2.000000
2.000000
2.000000
2.000000
2.000000
2.000000
2.000000
2.000000
2.000000
2.000000
2.000000
2.000000
2.000000
2.000000
2.000000
2.000000
2.000000
2.000000
2.000000
2.000000
2.000000
2.000000
2.000000
2.000000
2.000000
2.000000
2.000000
2.000000
2.000000
2.000000
2.000000
2.000000
2.000000
2.000000
2.000000
2.000000
2.000000
2.000000
2.000000
2.000000
2.000000
2.000000
2.000000
2.000000
2.000000
2.000000
2.000000
2.000000
2.000000
2.000000
2.000000
2.000000
2.000000
2.000000
2.000000
2.000000
2.000000
2.000000
2.000000
2.000000
2.000000
2.000000
2.000000
2.000000
2.000000
2.000000
2.000000
2.000000
2.000000
2.000000
2.000000
2.000000
2.000000
2.000000
2.000000
2.000000
2.000000
2.000000
2.000000
2.000000
2.000000
2.000000
2.000000
2.000000
2.000000
2.000000
2.000000
2.000000
2.000000
2.000000
2.000000
2.000000
2.000000
2.000000
2.000000
2.000000
2.000000
2.000000
2.000000
2.000000
2.000000
2.000000
2.000000
2.000000
2.000000
2.000000
2.000000
2.000000
2.000000
2.000000
2.000000
2.000000
2.000000
2.000000
2.000000
2.000000
2.000000
2.000000
2.000000
2.000000
2.000000
2.000000
2.000000
2.000000
2.000000
2.000000
2.000000
2.000000
2.000000
2.000000
2.000000
2.000000
2.000000
2.000000
2.000000
2.000000
2.000000
2.000000
2.000000
2.000000
2.000000
2.000000
2.000000
2.000000
2.000000
2.000000
2.000000
2.000000
2.000000
2.000000
2.000000
2.000000
2.000000
2.000000
2.000000
2.000000
2.000000
2.000000
2.000000
2.000000
2.000000
2.000000
2.000000
2.000000
2.000000
2.000000
2.000000
2.000000
2.000000
2.000000
2.000000
2.000000
2.000000
2.000000
2.000000
2.000000
2.000000
2.000000
2.000000
2.000000
2.000000
2.000000
2.000000
2.000000
2.000000
2.000000
2.000000
2.000000
2.000000
2.000000
2.000000
2.000000
2.000000
2.000000
2.000000
2.000000
2.000000
2.000000
2.000000
2.000000
2.000000
2.000000
2.000000
2.000000
2.000000
2.000000
2.000000
2.000000
2.000000
2.000000
2.000000
2.000000
2.000000
2.000000
2.000000
2.000000
2.000000
2.000000
2.000000
2.000000
2.000000
2.000000
2.000000
2.000000
2.000000
2.000000
2.000000
2.000000
