2.177077
2.102063
2.057233
2.057233
2.102063
2.177077
2.275041
2.382960
2.495513
2.601764
2.698524
2.777027
2.836272
2.869687
2.878449
2.858140
2.812039
2.737757
2.640497
2.519667
2.382092
2.228603
2.067193
1.899569
1.734232
1.572986
1.423915
1.287855
1.171272
1.072819
0.996246
0.937374
0.897231
0.869690
0.854555
0.845590
0.842948
0.841435
0.842094
0.840944
0.839821
0.835840
0.831549
0.825260
0.820496
0.817247
0.820558
0.832614
0.860080
0.906625
0.978657
1.078279
1.208361
1.366849
1.552258
1.759011
1.982942
2.216797
2.455465
2.691400
2.919661
3.133262
3.328107
3.498302
3.641024
3.751809
3.829371
3.870872
3.876701
3.845717
3.780005
3.680086
3.549645
3.390724
3.208410
3.006015
2.789727
2.563768
2.335001
2.108063
1.889894
1.684831
1.499021
1.335442
1.198170
1.087447
1.003962
0.944440
0.906326
0.884234
0.874665
0.872716
0.876029
0.881477
0.888359
0.895345
0.903189
0.912105
0.924087
0.940702
0.964952
0.999337
1.047185
1.110863
1.192707
1.293534
1.413548
1.551330
1.704888
1.870973
2.046144
2.226178
2.407050
2.584333
2.754098
2.912275
3.055501
3.180448
3.284626
3.365692
3.422219
3.452984
3.457709
3.436331
3.389718
3.318925
3.225882
3.112642
2.982038
2.836926
2.680813
2.517089
2.349634
2.182028
2.018128
1.861270
1.714800
1.581276
1.462973
1.361122
1.276449
1.208570
1.156634
1.118969
1.093798
1.079060
1.073013
1.074071
1.081185
1.093651
1.111271
1.134186
1.162871
1.198011
1.240375
1.290752
1.349740
1.417768
1.494857
1.580747
1.674683
1.775640
1.882138
1.992535
2.104857
2.217117
2.327136
2.432874
2.532226
2.623349
2.704441
2.774049
2.830836
2.873874
2.902391
2.916057
2.914707
2.898625
2.868245
2.824429
2.768153
2.700776
2.623715
2.538704
2.447462
2.351943
2.253991
2.155595
2.058533
1.964623
1.875372
1.792236
1.716269
1.648415
1.589175
1.538934
1.497657
1.465258
1.441310
1.425453
1.417086
1.415783
1.420958
1.432266
1.449227
1.471613
1.499043
1.531358
1.568200
1.609393
1.654511
1.703276
1.755127
1.809636
1.866087
1.923902
1.982229
2.040382
2.097436
2.152666
2.205145
2.254191
2.298959
2.338884
2.373272
2.401738
2.423792
2.439273
2.447927
2.449837
2.444994
2.433723
2.416249
2.393113
2.364739
2.331846
2.295005
2.255056
2.212655
2.168693
2.123846
2.078986
2.034738
1.991891
1.950960
1.912599
1.877171
1.845166
1.816776
1.792318
1.771820
1.755446
1.743084
1.734776
1.730306
1.729627
1.732457
1.738690
1.748000
1.760246
1.775071
1.792309
1.811578
1.832691
1.855245
1.879034
1.903639
1.928839
1.954207
1.979517
2.004348
2.028481
2.051519
2.073269
2.093371
2.111680
2.127889
2.141915
2.153521
2.162695
2.169281
2.173345
2.174811
2.173826
2.170390
2.164725
2.156900
2.147194
2.135733
2.122841
2.108677
2.093592
2.077763
2.061542
2.045104
2.028788
2.012745
1.997286
1.982525
1.968730
1.955972
1.944467
1.934237
1.925446
1.918068
1.912216
1.907816
1.904938
1.903469
1.903438
1.904701
1.907257
1.910936
1.915712
1.921399
1.927956
1.935183
1.943030
1.951294
1.959919
1.968706
1.977600
1.986408
1.995084
2.003448
2.011466
2.018976
2.025961
2.032280
2.037937
2.042815
2.046942
2.050225
2.052717
2.054351
2.055202
2.055229
2.054526
2.053074
2.050987
2.048261
2.045023
2.041282
2.037175
2.032717
2.028047
2.023184
2.018263
2.013302
2.008429
2.003653
1.999094
1.994750
1.990727
1.987013
1.983697
1.980754
1.978259
1.976172
1.974554
1.973351
1.972612
1.972272
1.972365
1.972819
1.973658
1.974803
1.976269
1.977974
1.979928
1.982046
1.984334
1.986709
1.989177
1.991655
1.994152
1.996589
1.998977
2.001244
2.003405
2.005395
2.007234
2.008864
2.010313
2.011529
2.012547
2.013323
2.013897
2.014232
2.014374
2.014293
2.014039
2.013588
2.012991
2.012230
2.011359
2.010361
2.009291
2.008135
2.006946
2.005711
2.004481
2.003242
2.002043
2.000868
1.999764
1.998711
1.997751
1.996864
1.996086
1.995395
1.994824
1.994345
1.993989
1.993725
1.993580
1.993522
1.993573
1.993701
1.993925
1.994211
1.994576
1.994987
1.995458
1.995956
1.996496
1.997045
1.997617
1.998180
1.998749
1.999293
1.999828
2.000326
2.000802
2.001230
2.001628
2.001971
2.002277
2.002525
2.002734
2.002883
2.002994
2.003047
2.003065
2.003030
2.002965
2.002854
2.002719
2.002546
2.002357
2.002138
2.001911
2.001664
2.001417
2.001158
2.000907
2.000651
2.000410
2.000172
1.999953
1.999742
1.999556
1.999381
1.999233
1.999099
1.998994
1.998903
1.998841
1.998793
1.998772
1.998764
1.998781
1.998808
1.998857
1.998914
1.998989
1.999068
1.999162
1.999256
1.999361
1.999463
1.999572
1.999675
1.999782
1.999880
1.999979
2.000067
2.000153
2.000228
2.000299
2.000357
2.000411
2.000451
2.000487
2.000509
2.000528
2.000533
2.000535
2.000525
2.000513
2.000490
2.000466
2.000434
2.000401
2.000361
2.000323
2.000279
2.000237
2.000192
2.000151
2.000107
2.000068
2.000028
1.999993
1.999958
1.999929
1.999900
1.999878
1.999856
1.999840
1.999826
1.999817
1.999810
1.999808
1.999807
1.999811
1.999815
1.999825
1.999833
1.999846
1.999858
1.999874
1.999888
1.999905
1.999920
1.999937
1.999952
1.999969
1.999983
1.999998
2.000011
2.000024
2.000034
2.000045
2.000053
2.000061
2.000066
2.000071
2.000073
2.000076
2.000076
2.000077
2.000074
2.000073
2.000069
2.000066
2.000060
2.000056
2.000050
2.000045
2.000038
2.000033
2.000026
2.000021
2.000014
2.000009
2.000004
1.999999
1.999994
1.999991
1.999987
1.999984
1.999981
1.999979
1.999977
1.999977
1.999975
1.999976
1.999975
1.999976
1.999977
1.999978
1.999979
1.999981
1.999982
1.999985
1.999986
1.999989
1.999990
1.999993
1.999994
1.999997
1.999998
2.000000
2.000001
2.000003
2.000004
2.000006
2.000006
2.000007
2.000008
2.000009
2.000009
2.000009
2.000009
2.000009
2.000009
2.000009
2.000008
2.000008
2.000007
2.000006
2.000006
2.000005
2.000004
2.000004
2.000003
2.000002
2.000002
2.000001
2.000000
2.000000
1.999999
1.999999
1.999998
1.999998
1.999998
1.999998
1.999998
1.999998
1.999997
1.999998
1.999997
1.999998
1.999998
1.999998
1.999998
1.999998
1.999998
1.999998
1.999999
1.999999
1.999999
1.999999
1.999999
2.000000
2.000000
2.000000
2.000000
2.000000
2.000000
2.000001
2.000001
2.000001
2.000001
2.000001
2.000001
2.000001
2.000001
2.000001
2.000001
2.000001
2.000001
2.000001
2.000001
2.000001
2.000000
2.000000
2.000000
2.000000
2.000000
2.000000
2.000000
2.000000
2.000000
2.000000
2.000000
2.000000
2.000000
2.000000
2.000000
2.000000
2.000000
2.000000
2.000000
2.000000
2.000000
2.000000
2.000000
2.000000
2.000000
2.000000
2.000000
2.000000
2.000000
2.000000
2.000000
2.000000
2.000000
2.000000
2.000000
2.000000
2.000000
2.000000
2.000000
2.000000
2.000000
2.000000
2.000000
2.000000
2.000000
2.000000
2.000000
2.000000
2.000000
2.000000
2.000000
2.000000
2.000000
2.000000
2.000000
2.000000
2.000000
2.000000
2.000000
2.000000
2.000000
2.000000
2.000000
2.000000
2.000000
2.000000
2.000000
2.000000
2.000000
2.000000
2.000000
2.000000
2.000000
2.000000
2.000000
2.000000
2.000000
2.000000
2.000000
2.000000
2.000000
2.000000
2.000000
2.000000
2.000000
2.000000
2.000000
2.000000
2.000000
2.000000
2.000000
2.000000
2.000000
2.000000
2.000000
2.000000
2.000000
2.000000
2.000000
2.000000
2.000000
2.000000
2.000000
2.000000
2.000000
2.000000
2.000000
2.000000
2.000000
2.000000
2.000000
2.000000
2.000000
2.000000
2.000000
2.000000
2.000000
2.000000
2.000000
2.000000
2.000000
2.000000
2.000000
2.000000
2.000000
2.000000
2.000000
2.000000
2.000000
2.000000
2.000000
2.000000
2.000000
2.000000
2.000000
2.000000
2.000000
2.000000
2.000000
2.000000
2.000000
2.000000
2.000000
2.000000
2.000000
2.000000
2.000000
2.000000
2.000000
2.000000
2.000000
2.000000
2.000000
2.000000
2.000000
2.000000
2.000000
2.000000
2.000000
2.000000
2.000000
2.000000
2.000000
2.000000
2.000000
2.000000
2.000000
2.000000
2.000000
2.000000
2.000000
2.000000
2.000000
2.000000
2.000000
2.000000
2.000000
2.000000
2.000000
2.000000
2.000000
2.000000
2.000000
2.000000
2.000000
2.000000
2.000000
2.000000
2.000000
2.000000
2.000000
2.000000
2.000000
2.000000
2.000000
2.000000
2.000000
2.000000
2.000000
2.000000
2.000000
2.000000
2.000000
2.000000
2.000000
2.000000
2.000000
2.000000
2.000000
2.000000
2.000000
2.000000
2.000000
2.000000
2.000000
2.000000
2.000000
2.000000
2.000000
2.000000
2.000000
2.000000
2.000000
2.000000
2.000000
2.000000
2.000000
2.000000
2.000000
2.000000
2.000000
2.000000
2.000000
2.000000
2.000000
2.000000
2.000000
2.000000
2.000000
2.000000
2.000000
2.000000
2.000000
2.000000
2.000000
2.000000
2.000000
2.000000
2.000000
2.000000
2.000000
2.000000
2.000000
2.000000
2.000000
2.000000
2.000000
2.000000
2.000000
2.000000
2.000000
2.000000
2.000000
2.000000
2.000000
2.000000
2.000000
2.000000
2.000000
2.000000
2.000000
2.000000
2.000000
2.000000
2.000000
2.000000
2.000000
2.000000
2.000000
2.000000
2.000000
2.000000
2.000000
2.000000
2.000000
2.000000
2.000000
2.000000
2.000000
2.000000
2.000000
2.000000
2.000000
2.000000
2.000000
2.000000
2.000000
2.000000
2.000000
2.000000
2.000000
2.000000
2.000000
2.000000
2.000000
2.000000
2.000000
2.000000
2.000000
2.000000
2.000000
2.000000
2.000000
2.000000
2.000000
2.000000
2.000000
2.000000
2.000000
2.000000
2.000000
2.000000
2.000000
2.000000
2.000000
2.000000
2.000000
2.000000
2.000000
2.000000
2.000000
2.000000
2.000000
2.000000
