2.166898
2.098396
2.057549
2.057549
2.098396
2.166898
2.255722
2.353153
2.453597
2.547226
2.630440
2.695470
2.740820
2.760844
2.756184
2.723310
2.664942
2.579562
2.471810
2.341957
2.196270
2.036445
1.869925
1.699276
1.532447
1.372060
1.225581
1.094510
0.984483
0.894459
0.826997
0.777822
0.746644
0.727269
0.718599
0.714706
0.715339
0.715818
0.717013
0.715401
0.712687
0.706299
0.698689
0.688427
0.679143
0.671320
0.670684
0.680561
0.709061
0.761290
0.844646
0.961221
1.113134
1.296944
1.509908
1.745127
1.997598
2.259197
2.524399
2.785108
3.036220
3.270375
3.483452
3.669277
3.825076
3.946159
4.031333
4.077568
4.085375
4.053447
3.984016
3.877459
3.737636
3.566473
3.369268
3.149264
2.912917
2.664454
2.411113
2.157675
1.911652
1.677779
1.463109
1.271411
1.108089
0.974452
0.872480
0.799336
0.752582
0.725830
0.714609
0.712564
0.716522
0.722388
0.729214
0.735236
0.741416
0.747975
0.757541
0.772144
0.795846
0.831952
0.884920
0.957646
1.052920
1.171204
1.312309
1.473854
1.653164
1.845990
2.048338
2.255182
2.462167
2.664261
2.857380
3.036994
3.199704
3.341813
3.460873
3.554234
3.620562
3.658372
3.667513
3.647695
3.599947
3.525127
3.425360
3.302535
3.159725
2.999665
2.826164
2.642566
2.453136
2.261522
2.072108
1.888461
1.714651
1.553677
1.408738
1.281656
1.174122
1.086198
1.017648
0.966713
0.931615
0.909660
0.898746
0.896559
0.901787
0.913276
0.930895
0.954698
0.985518
1.024188
1.071944
1.129727
1.198475
1.278566
1.370097
1.472496
1.584851
1.705649
1.833144
1.965159
2.099447
2.233522
2.364986
2.491365
2.610403
2.719891
2.817939
2.902789
2.973072
3.027602
3.065621
3.086583
3.090378
3.077112
3.047312
3.001699
2.941384
2.867626
2.782022
2.686259
2.582290
2.472086
2.357796
2.241504
2.125373
2.011405
1.901578
1.797606
1.701079
1.613236
1.535107
1.467328
1.410296
1.364045
1.328417
1.303000
1.287301
1.280722
1.282691
1.292644
1.310096
1.334614
1.365823
1.403378
1.446932
1.496122
1.550514
1.609620
1.672839
1.739505
1.808826
1.879966
1.951982
2.023920
2.094760
2.163518
2.229184
2.290835
2.347561
2.398581
2.443161
2.480727
2.510778
2.532993
2.547134
2.553156
2.551094
2.541175
2.523700
2.499146
2.468042
2.431078
2.388965
2.342546
2.292653
2.240216
2.186118
2.131303
2.076629
2.022983
1.971129
1.921831
1.875701
1.833332
1.795148
1.761543
1.732741
1.708943
1.690184
1.676498
1.667765
1.663887
1.664634
1.669815
1.679120
1.692300
1.708994
1.728907
1.751642
1.776873
1.804172
1.833191
1.863478
1.894670
1.926304
1.958017
1.989350
2.019953
2.049394
2.077358
2.103459
2.127436
2.148969
2.167872
2.183904
2.196968
2.206914
2.213739
2.217389
2.217958
2.215482
2.210146
2.202070
2.191514
2.178669
2.163852
2.147304
2.129381
2.110349
2.090582
2.070348
2.050015
2.029833
2.010143
1.991157
1.973174
1.956355
1.940941
1.927037
1.914822
1.904337
1.895699
1.888891
1.883972
1.880867
1.879586
1.880008
1.882100
1.885704
1.890754
1.897065
1.904549
1.913000
1.922316
1.932283
1.942792
1.953627
1.964682
1.975747
1.986725
1.997419
2.007749
2.017535
2.026720
2.035150
2.042790
2.049517
2.055326
2.060122
2.063932
2.066690
2.068454
2.069188
2.068976
2.067811
2.065799
2.062955
2.059406
2.055182
2.050423
2.045170
2.039571
2.033669
2.027613
2.021446
2.015310
2.009240
2.003370
1.997723
1.992418
1.987463
1.982960
1.978902
1.975371
1.972344
1.969884
1.967951
1.966592
1.965751
1.965459
1.965646
1.966332
1.967436
1.968968
1.970838
1.973050
1.975509
1.978215
1.981073
1.984080
1.987142
1.990259
1.993339
1.996387
1.999317
2.002139
2.004774
2.007239
2.009464
2.011474
2.013208
2.014698
2.015894
2.016835
2.017479
2.017874
2.017986
2.017867
2.017492
2.016918
2.016123
2.015172
2.014043
2.012804
2.011436
2.010007
2.008499
2.006977
2.005424
2.003903
2.002395
2.000958
1.999571
1.998289
1.997085
1.996011
1.995036
1.994207
1.993490
1.992925
1.992475
1.992177
1.991990
1.991946
1.992002
1.992187
1.992457
1.992837
1.993281
1.993814
1.994388
1.995028
1.995686
1.996386
1.997083
1.997799
1.998491
1.999183
1.999832
2.000464
2.001039
2.001584
2.002062
2.002500
2.002864
2.003183
2.003426
2.003623
2.003745
2.003823
2.003829
2.003798
2.003702
2.003575
2.003393
2.003189
2.002940
2.002680
2.002385
2.002089
2.001769
2.001458
2.001133
2.000827
2.000515
2.000229
1.999945
1.999694
1.999450
1.999243
1.999047
1.998890
1.998748
1.998644
1.998555
1.998505
1.998468
1.998467
1.998477
1.998520
1.998571
1.998650
1.998733
1.998841
1.998947
1.999073
1.999194
1.999330
1.999457
1.999594
1.999718
1.999849
1.999964
2.000082
2.000182
2.000284
2.000365
2.000446
2.000506
2.000565
2.000603
2.000639
2.000655
2.000671
2.000667
2.000663
2.000641
2.000620
2.000584
2.000551
2.000504
2.000461
2.000407
2.000359
2.000301
2.000251
2.000194
2.000145
2.000090
2.000045
1.999996
1.999957
1.999915
1.999884
1.999850
1.999827
1.999802
1.999789
1.999772
1.999767
1.999759
1.999762
1.999762
1.999772
1.999777
1.999793
1.999804
1.999823
1.999837
1.999859
1.999876
1.999899
1.999916
1.999939
1.999956
1.999978
1.999993
2.000013
2.000025
2.000042
2.000052
2.000066
2.000072
2.000083
2.000086
2.000093
2.000093
2.000097
2.000094
2.000095
2.000090
2.000089
2.000082
2.000079
2.000070
2.000066
2.000056
2.000051
2.000041
2.000036
2.000026
2.000021
2.000012
2.000008
1.999999
1.999996
1.999989
1.999986
1.999980
1.999979
1.999974
1.999974
1.999970
1.999971
1.999968
1.999970
1.999969
1.999972
1.999971
1.999974
1.999975
1.999978
1.999979
1.999983
1.999984
1.999988
1.999989
1.999993
1.999994
1.999998
1.999998
2.000002
2.000002
2.000006
2.000006
2.000008
2.000008
2.000010
2.000010
2.000011
2.000010
2.000012
2.000011
2.000012
2.000010
2.000011
2.000009
2.000010
2.000008
2.000008
2.000006
2.000006
2.000004
2.000005
2.000003
2.000003
2.000001
2.000001
2.000000
2.000000
1.999998
1.999999
1.999998
1.999998
1.999997
1.999998
1.999996
1.999997
1.999996
1.999997
1.999996
1.999997
1.999997
1.999998
1.999997
1.999998
1.999998
1.999999
1.999998
1.999999
1.999999
2.000000
1.999999
2.000000
2.000000
2.000000
2.000000
2.000001
2.000000
2.000001
2.000001
2.000001
2.000001
2.000001
2.000001
2.000001
2.000001
2.000001
2.000001
2.000001
2.000001
2.000001
2.000001
2.000001
2.000000
2.000001
2.000000
2.000001
2.000000
2.000000
2.000000
2.000000
2.000000
2.000000
2.000000
2.000000
2.000000
2.000000
2.000000
2.000000
2.000000
2.000000
2.000000
2.000000
2.000000
2.000000
2.000000
2.000000
2.000000
2.000000
2.000000
2.000000
2.000000
2.000000
2.000000
2.000000
2.000000
2.000000
2.000000
2.000000
2.000000
2.000000
2.000000
2.000000
2.000000
2.000000
2.000000
2.000000
2.000000
2.000000
2.000000
2.000000
2.000000
2.000000
2.000000
2.000000
2.000000
2.000000
2.000000
2.000000
2.000000
2.000000
2.000000
2.000000
2.000000
2.000000
2.000000
2.000000
2.000000
2.000000
2.000000
2.000000
2.000000
2.000000
2.000000
2.000000
2.000000
2.000000
2.000000
2.000000
2.000000
2.000000
2.000000
2.000000
2.000000
2.000000
2.000000
2.000000
2.000000
2.000000
2.000000
2.000000
2.000000
2.000000
2.000000
2.000000
2.000000
2.000000
2.000000
2.000000
2.000000
2.000000
2.000000
2.000000
2.000000
2.000000
2.000000
2.000000
2.000000
2.000000
2.000000
2.000000
2.000000
2.000000
2.000000
2.000000
2.000000
2.000000
2.000000
2.000000
2.000000
2.000000
2.000000
2.000000
2.000000
2.000000
2.000000
2.000000
2.000000
2.000000
2.000000
2.000000
2.000000
2.000000
2.000000
2.000000
2.000000
2.000000
2.000000
2.000000
2.000000
2.000000
2.000000
2.000000
2.000000
2.000000
2.000000
2.000000
2.000000
2.000000
2.000000
2.000000
2.000000
2.000000
2.000000
2.000000
2.000000
2.000000
2.000000
2.000000
2.000000
2.000000
2.000000
2.000000
2.000000
2.000000
2.000000
2.000000
2.000000
2.000000
2.000000
2.000000
2.000000
2.000000
2.000000
2.000000
2.000000
2.000000
2.000000
2.000000
2.000000
2.000000
2.000000
2.000000
2.000000
2.000000
2.000000
2.000000
2.000000
2.000000
2.000000
2.000000
2.000000
2.000000
2.000000
2.000000
2.000000
2.000000
2.000000
2.000000
2.000000
2.000000
2.000000
2.000000
2.000000
2.000000
2.000000
2.000000
2.000000
2.000000
2.000000
2.000000
2.000000
2.000000
2.000000
2.000000
2.000000
2.000000
2.000000
2.000000
2.000000
2.000000
2.000000
2.000000
2.000000
2.000000
2.000000
2.000000
2.000000
2.000000
2.000000
2.000000
2.000000
2.000000
2.000000
2.000000
2.000000
2.000000
2.000000
2.000000
2.000000
2.000000
2.000000
2.000000
2.000000
2.000000
2.000000
2.000000
2.000000
2.000000
2.000000
2.000000
2.000000
2.000000
2.000000
2.000000
2.000000
2.000000
2.000000
2.000000
2.000000
2.000000
2.000000
2.000000
2.000000
2.000000
2.000000
2.000000
2.000000
2.000000
2.000000
2.000000
2.000000
2.000000
2.000000
2.000000
2.000000
2.000000
2.000000
2.000000
2.000000
2.000000
2.000000
2.000000
2.000000
2.000000
2.000000
2.000000
2.000000
2.000000
2.000000
2.000000
2.000000
2.000000
2.000000
2.000000
2.000000
2.000000
2.000000
2.000000
2.000000
2.000000
2.000000
2.000000
2.000000
2.000000
2.000000
2.000000
2.000000
2.000000
2.000000
2.000000
2.000000
2.000000
2.000000
2.000000
2.000000
2.000000
2.000000
2.000000
2.000000
2.000000
2.000000
2.000000
2.000000
2.000000
2.000000
2.000000
2.000000
2.000000
2.000000
2.000000
2.000000
2.000000
2.000000
2.000000
