2.169761
2.091136
2.044278
2.044278
2.091136
2.169761
2.272906
2.387201
2.507342
2.622082
2.728269
2.816867
2.886914
2.931588
2.952101
2.943791
2.909953
2.847951
2.762978
2.654179
2.528332
2.385980
2.235016
2.076828
1.919761
1.765284
1.621299
1.488376
1.372892
1.273498
1.194143
1.131089
1.085850
1.053007
1.032777
1.019525
1.013470
1.009823
1.009410
1.008581
1.008807
1.007531
1.006815
1.005221
1.005525
1.007635
1.015313
1.030033
1.056545
1.097443
1.157454
1.238586
1.343535
1.471722
1.622574
1.792500
1.978214
2.174157
2.375668
2.576495
2.771776
2.955527
3.123491
3.270595
3.393707
3.489069
3.554991
3.589268
3.591814
3.562067
3.501574
3.411381
3.294573
3.153647
2.993008
2.816325
2.628972
2.435371
2.241361
2.051520
1.871434
1.705002
1.556590
1.428364
1.322397
1.238252
1.175222
1.130466
1.101392
1.084263
1.076300
1.074413
1.076735
1.081442
1.087804
1.095231
1.103993
1.114555
1.128021
1.145746
1.169488
1.201202
1.242884
1.296482
1.363471
1.444920
1.540977
1.651186
1.774040
1.907546
2.048843
2.194897
2.342113
2.487063
2.626046
2.755809
2.873046
2.975098
3.059405
3.124187
3.167852
3.189654
3.189075
3.166461
3.122371
3.058197
2.975492
2.876564
2.763780
2.640150
2.508595
2.372518
2.235046
2.099584
1.969026
1.846307
1.733600
1.632893
1.545205
1.471258
1.410770
1.363268
1.327466
1.302201
1.285815
1.277110
1.274646
1.277651
1.285212
1.297142
1.313089
1.333385
1.358107
1.387912
1.423070
1.464301
1.511785
1.566014
1.626810
1.694206
1.767490
1.846133
1.928871
2.014667
2.101830
2.188990
2.274239
2.356107
2.432701
2.502680
2.564377
2.616765
2.658569
2.689212
2.707914
2.714624
2.709106
2.691849
2.663151
2.624009
2.575189
2.518108
2.453891
2.384244
2.310503
2.234496
2.157590
2.081548
2.007583
1.937210
1.871316
1.811025
1.756790
1.709279
1.668499
1.634698
1.607524
1.586932
1.572366
1.563648
1.560172
1.561763
1.567870
1.578392
1.592872
1.611288
1.633250
1.658774
1.687485
1.719371
1.754010
1.791304
1.830735
1.872086
1.914722
1.958307
2.002103
2.045681
2.088241
2.129318
2.168110
2.204176
2.236780
2.265573
2.289941
2.309679
2.324346
2.333921
2.338158
2.337239
2.331122
2.320184
2.304575
2.284842
2.261291
2.234601
2.205182
2.173790
2.140885
2.107237
2.073297
2.039788
2.007097
1.975857
1.946346
1.919073
1.894189
1.872066
1.852727
1.836414
1.823039
1.812736
1.805329
1.800876
1.799142
1.800129
1.803567
1.809424
1.817409
1.827466
1.839289
1.852800
1.867683
1.883839
1.900939
1.918869
1.937285
1.956059
1.974846
1.993509
2.011706
2.029308
2.045989
2.061640
2.075967
2.088893
2.100170
2.109770
2.117499
2.123385
2.127298
2.129326
2.129404
2.127680
2.124150
2.119015
2.112324
2.104320
2.095091
2.084908
2.073885
2.062305
2.050287
2.038114
2.025896
2.013898
2.002211
1.991068
1.980533
1.970803
1.961906
1.953999
1.947074
1.941248
1.936479
1.932847
1.930279
1.928822
1.928379
1.928968
1.930472
1.932890
1.936087
1.940046
1.944624
1.949790
1.955395
1.961404
1.967665
1.974139
1.980679
1.987247
1.993702
2.000012
2.006048
2.011785
2.017110
2.022011
2.026391
2.030254
2.033522
2.036216
2.038277
2.039745
2.040581
2.040840
2.040501
2.039636
2.038239
2.036392
2.034105
2.031466
2.028494
2.025283
2.021854
2.018302
2.014651
2.010991
2.007341
2.003787
2.000343
1.997084
1.994016
1.991204
1.988645
1.986392
1.984431
1.982805
1.981491
1.980519
1.979857
1.979528
1.979490
1.979757
1.980283
1.981074
1.982079
1.983299
1.984682
1.986224
1.987873
1.989622
1.991421
1.993264
1.995101
1.996928
1.998700
2.000415
2.002031
2.003551
2.004938
2.006198
2.007302
2.008260
2.009048
2.009680
2.010139
2.010443
2.010579
2.010571
2.010409
2.010120
2.009698
2.009172
2.008540
2.007831
2.007045
2.006211
2.005329
2.004429
2.003510
2.002600
2.001699
2.000832
1.999996
1.999213
1.998481
1.997818
1.997219
1.996699
1.996252
1.995888
1.995600
1.995395
1.995264
1.995214
1.995230
1.995318
1.995465
1.995672
1.995926
1.996228
1.996564
1.996934
1.997323
1.997733
1.998148
1.998571
1.998987
1.999398
1.999791
2.000169
2.000520
2.000848
2.001143
2.001408
2.001635
2.001830
2.001986
2.002108
2.002191
2.002241
2.002255
2.002239
2.002191
2.002118
2.002017
2.001897
2.001755
2.001600
2.001430
2.001253
2.001067
2.000880
2.000690
2.000505
2.000322
2.000148
1.999982
1.999828
1.999685
1.999558
1.999443
1.999346
1.999263
1.999197
1.999146
1.999112
1.999092
1.999088
1.999096
1.999118
1.999150
1.999194
1.999246
1.999306
1.999372
1.999444
1.999519
1.999597
1.999675
1.999753
1.999830
1.999905
1.999976
2.000044
2.000106
2.000164
2.000214
2.000260
2.000298
2.000330
2.000355
2.000374
2.000386
2.000393
2.000393
2.000388
2.000377
2.000362
2.000343
2.000321
2.000295
2.000268
2.000238
2.000207
2.000175
2.000143
2.000111
2.000080
2.000050
2.000021
1.999994
1.999970
1.999947
1.999927
1.999909
1.999894
1.999882
1.999872
1.999865
1.999860
1.999858
1.999858
1.999860
1.999864
1.999870
1.999878
1.999886
1.999896
1.999906
1.999918
1.999929
1.999942
1.999953
1.999965
1.999977
1.999988
1.999998
2.000008
2.000017
2.000026
2.000033
2.000039
2.000044
2.000049
2.000052
2.000054
2.000056
2.000056
2.000056
2.000055
2.000053
2.000051
2.000048
2.000044
2.000041
2.000037
2.000032
2.000028
2.000023
2.000019
2.000015
2.000010
2.000006
2.000003
1.999999
1.999996
1.999993
1.999990
1.999988
1.999986
1.999984
1.999983
1.999982
1.999982
1.999982
1.999982
1.999982
1.999983
1.999984
1.999985
1.999986
1.999987
1.999989
1.999990
1.999992
1.999993
1.999995
1.999996
1.999997
1.999999
2.000000
2.000001
2.000002
2.000003
2.000004
2.000005
2.000005
2.000006
2.000006
2.000006
2.000007
2.000007
2.000006
2.000006
2.000006
2.000006
2.000005
2.000005
2.000005
2.000004
2.000004
2.000003
2.000003
2.000002
2.000002
2.000001
2.000001
2.000000
2.000000
2.000000
1.999999
1.999999
1.999999
1.999998
1.999998
1.999998
1.999998
1.999998
1.999998
1.999998
1.999998
1.999998
1.999998
1.999998
1.999999
1.999999
1.999999
1.999999
1.999999
1.999999
1.999999
2.000000
2.000000
2.000000
2.000000
2.000000
2.000000
2.000000
2.000000
2.000000
2.000001
2.000001
2.000001
2.000001
2.000001
2.000001
2.000001
2.000001
2.000001
2.000001
2.000001
2.000000
2.000000
2.000000
2.000000
2.000000
2.000000
2.000000
2.000000
2.000000
2.000000
2.000000
2.000000
2.000000
2.000000
2.000000
2.000000
2.000000
2.000000
2.000000
2.000000
2.000000
2.000000
2.000000
2.000000
2.000000
2.000000
2.000000
2.000000
2.000000
2.000000
2.000000
2.000000
2.000000
2.000000
2.000000
2.000000
2.000000
2.000000
2.000000
2.000000
2.000000
2.000000
2.000000
2.000000
2.000000
2.000000
2.000000
2.000000
2.000000
2.000000
2.000000
2.000000
2.000000
2.000000
2.000000
2.000000
2.000000
2.000000
2.000000
2.000000
2.000000
2.000000
2.000000
2.000000
2.000000
2.000000
2.000000
2.000000
2.000000
2.000000
2.000000
2.000000
2.000000
2.000000
2.000000
2.000000
2.000000
2.000000
2.000000
2.000000
2.000000
2.000000
2.000000
2.000000
2.000000
2.000000
2.000000
2.000000
2.000000
2.000000
2.000000
2.000000
2.000000
2.000000
2.000000
2.000000
2.000000
2.000000
2.000000
2.000000
2.000000
2.000000
2.000000
2.000000
2.000000
2.000000
2.000000
2.000000
2.000000
2.000000
2.000000
2.000000
2.000000
2.000000
2.000000
2.000000
2.000000
2.000000
2.000000
2.000000
2.000000
2.000000
2.000000
2.000000
2.000000
2.000000
2.000000
2.000000
2.000000
2.000000
2.000000
2.000000
2.000000
2.000000
2.000000
2.000000
2.000000
2.000000
2.000000
2.000000
2.000000
2.000000
2.000000
2.000000
2.000000
2.000000
2.000000
2.000000
2.000000
2.000000
2.000000
2.000000
2.000000
2.000000
2.000000
2.000000
2.000000
2.000000
2.000000
2.000000
2.000000
2.000000
2.000000
2.000000
2.000000
2.000000
2.000000
2.000000
2.000000
2.000000
2.000000
2.000000
2.000000
2.000000
2.000000
2.000000
2.000000
2.000000
2.000000
2.000000
2.000000
2.000000
2.000000
2.000000
2.000000
2.000000
2.000000
2.000000
2.000000
2.000000
2.000000
2.000000
2.000000
2.000000
2.000000
2.000000
2.000000
2.000000
2.000000
2.000000
2.000000
2.000000
2.000000
2.000000
2.000000
2.000000
2.000000
2.000000
2.000000
2.000000
2.000000
2.000000
2.000000
2.000000
2.000000
2.000000
2.000000
2.000000
2.000000
2.000000
2.000000
2.000000
2.000000
2.000000
2.000000
2.000000
2.000000
2.000000
2.000000
2.000000
2.000000
2.000000
2.000000
2.000000
2.000000
2.000000
2.000000
2.000000
2.000000
2.000000
2.000000
2.000000
2.000000
2.000000
2.000000
2.000000
2.000000
2.000000
2.000000
2.000000
2.000000
2.000000
2.000000
2.000000
2.000000
2.000000
2.000000
2.000000
2.000000
2.000000
2.000000
2.000000
2.000000
2.000000
2.000000
2.000000
2.000000
2.000000
2.000000
2.000000
2.000000
2.000000
2.000000
2.000000
2.000000
2.000000
2.000000
2.000000
2.000000
2.000000
2.000000
2.000000
2.000000
2.000000
2.000000
2.000000
2.000000
2.000000
2.000000
2.000000
2.000000
2.000000
2.000000
2.000000
2.000000
2.000000
2.000000
2.000000
2.000000
2.000000
2.000000
2.000000
2.000000
2.000000
2.000000
2.000000
2.000000
2.000000
2.000000
2.000000
2.000000
2.000000
2.000000
2.000000
2.000000
2.000000
2.000000
2.000000
2.000000
2.000000
2.000000
2.000000
2.000000
2.000000
2.000000
2.000000
2.000000
2.000000
2.000000
2.000000
2.000000
2.000000
2.000000
2.000000
2.000000
2.000000
2.000000
