2.159346
2.094301
2.055573
2.055573
2.094301
2.159346
2.243321
2.335206
2.429259
2.516262
2.592396
2.650439
2.688630
2.701839
2.690410
2.651310
2.586949
2.496294
2.383671
2.249830
2.100724
1.938527
1.770369
1.599289
1.432911
1.274300
1.130545
1.003483
0.898227
0.813847
0.752151
0.708776
0.682671
0.667682
0.662260
0.660789
0.662835
0.664116
0.665395
0.663487
0.659971
0.652512
0.643421
0.631454
0.620177
0.610358
0.607948
0.616909
0.646004
0.701119
0.789960
0.914495
1.076257
1.271154
1.495815
1.742878
2.006981
2.279754
2.555489
2.825969
3.085991
3.328134
3.548221
3.740046
3.900802
4.025783
4.113776
4.161743
4.170184
4.137794
4.066796
3.957578
3.814000
3.638005
3.434903
3.207965
2.963677
2.706317
2.443187
2.179161
1.921880
1.676261
1.449613
1.246054
1.071452
0.927671
0.817280
0.737865
0.687107
0.658299
0.646427
0.644481
0.648806
0.654903
0.661644
0.667122
0.672347
0.677598
0.685759
0.699156
0.722344
0.759110
0.814429
0.891468
0.993102
1.119553
1.270309
1.442523
1.633154
1.837549
2.051468
2.269597
2.487447
2.699789
2.902474
3.090832
3.261441
3.410497
3.535554
3.633877
3.704150
3.744814
3.755752
3.736607
3.688452
3.612088
3.509693
3.383109
3.235473
3.069489
2.889047
2.697480
2.499163
2.297770
2.097841
1.903029
1.717636
1.544835
1.388164
1.249720
1.131610
1.034190
0.957556
0.900039
0.859900
0.834223
0.820702
0.816686
0.820685
0.831340
0.848524
0.872287
0.903634
0.943524
0.993417
1.054365
1.127443
1.213009
1.311148
1.421128
1.541914
1.671767
1.808784
1.950560
2.094713
2.238553
2.379583
2.515162
2.642969
2.760657
2.866300
2.958026
3.034450
3.094292
3.136795
3.161333
3.167811
3.156268
3.127256
3.081444
3.019979
2.944082
2.855400
2.755598
2.646699
2.530671
2.409758
2.286070
2.161897
2.039304
1.920435
1.807108
1.701123
1.603856
1.516573
1.440058
1.374932
1.321341
1.279293
1.248414
1.228295
1.218301
1.217882
1.226397
1.243357
1.268245
1.300679
1.340233
1.386551
1.439184
1.497679
1.561450
1.629860
1.702132
1.777427
1.854789
1.933223
2.011655
2.089015
2.164204
2.236172
2.303889
2.366414
2.422873
2.472512
2.514675
2.548853
2.574652
2.591840
2.600310
2.600114
2.591431
2.574585
2.550019
2.518301
2.480095
2.436167
2.387347
2.334535
2.278667
2.220705
2.161614
2.102351
2.043835
1.986941
1.932479
1.881178
1.833682
1.790531
1.752168
1.718923
1.691030
1.668614
1.651720
1.640296
1.634232
1.633339
1.637395
1.646113
1.659193
1.676281
1.697024
1.721017
1.747870
1.777143
1.808417
1.841225
1.875133
1.909662
1.944375
1.978800
2.012518
2.045084
2.076117
2.105220
2.132075
2.156353
2.177817
2.196223
2.211428
2.223286
2.231753
2.236788
2.238449
2.236793
2.231974
2.224140
2.213530
2.200365
2.184952
2.167568
2.148563
2.128247
2.106993
2.085118
2.062993
2.040921
2.019249
1.998244
1.978210
1.959364
1.941953
1.926132
1.912083
1.899893
1.889679
1.881461
1.875291
1.871127
1.868965
1.868709
1.870306
1.873617
1.878551
1.884934
1.892649
1.901499
1.911350
1.921990
1.933279
1.945002
1.957017
1.969117
1.981169
1.992979
2.004430
2.015348
2.025640
2.035157
2.043835
2.051555
2.058284
2.063934
2.068507
2.071949
2.074295
2.075520
2.075692
2.074815
2.072983
2.070227
2.066660
2.062332
2.057374
2.051847
2.045891
2.039572
2.033033
2.026339
2.019629
2.012962
2.006465
2.000185
1.994239
1.988655
1.983531
1.978881
1.974783
1.971231
1.968282
1.965913
1.964164
1.962991
1.962418
1.962387
1.962907
1.963906
1.965384
1.967258
1.969520
1.972081
1.974928
1.977970
1.981193
1.984504
1.987891
1.991267
1.994620
1.997871
2.001014
2.003975
2.006758
2.009297
2.011605
2.013626
2.015381
2.016823
2.017985
2.018826
2.019389
2.019643
2.019637
2.019347
2.018827
2.018063
2.017111
2.015960
2.014671
2.013234
2.011713
2.010098
2.008451
2.006763
2.005094
2.003431
2.001833
2.000283
1.998836
1.997471
1.996237
1.995111
1.994136
1.993284
1.992593
1.992031
1.991632
1.991358
1.991241
1.991239
1.991379
1.991618
1.991981
1.992421
1.992962
1.993557
1.994227
1.994927
1.995676
1.996430
1.997209
1.997969
1.998732
1.999456
2.000163
2.000815
2.001435
2.001986
2.002494
2.002925
2.003307
2.003608
2.003857
2.004025
2.004143
2.004184
2.004179
2.004104
2.003991
2.003817
2.003615
2.003362
2.003092
2.002783
2.002469
2.002126
2.001789
2.001435
2.001098
2.000753
2.000433
2.000114
1.999828
1.999549
1.999309
1.999080
1.998893
1.998721
1.998591
1.998478
1.998407
1.998350
1.998334
1.998331
1.998364
1.998407
1.998483
1.998564
1.998673
1.998782
1.998914
1.999042
1.999188
1.999324
1.999474
1.999611
1.999756
1.999884
2.000018
2.000132
2.000249
2.000343
2.000439
2.000511
2.000583
2.000631
2.000678
2.000703
2.000726
2.000728
2.000730
2.000712
2.000695
2.000660
2.000628
2.000580
2.000537
2.000479
2.000429
2.000366
2.000313
2.000249
2.000196
2.000134
2.000084
2.000028
1.999984
1.999935
1.999899
1.999858
1.999831
1.999800
1.999782
1.999761
1.999753
1.999741
1.999742
1.999738
1.999747
1.999751
1.999766
1.999776
1.999796
1.999810
1.999834
1.999850
1.999876
1.999894
1.999920
1.999938
1.999962
1.999979
2.000002
2.000016
2.000036
2.000047
2.000064
2.000072
2.000085
2.000089
2.000099
2.000099
2.000105
2.000103
2.000106
2.000100
2.000100
2.000093
2.000090
2.000081
2.000077
2.000067
2.000062
2.000051
2.000046
2.000035
2.000030
2.000019
2.000014
2.000004
2.000000
1.999992
1.999989
1.999981
1.999980
1.999974
1.999973
1.999968
1.999970
1.999966
1.999968
1.999966
1.999969
1.999967
1.999971
1.999971
1.999975
1.999975
1.999980
1.999980
1.999985
1.999986
1.999991
1.999991
1.999996
1.999996
2.000001
2.000001
2.000005
2.000005
2.000008
2.000008
2.000011
2.000010
2.000012
2.000011
2.000013
2.000011
2.000013
2.000011
2.000012
2.000010
2.000011
2.000009
2.000010
2.000007
2.000008
2.000005
2.000006
2.000003
2.000004
2.000002
2.000002
2.000000
2.000001
1.999999
2.000000
1.999997
1.999999
1.999997
1.999998
1.999996
1.999997
1.999996
1.999997
1.999996
1.999997
1.999996
1.999998
1.999996
1.999998
1.999997
1.999998
1.999997
1.999999
1.999998
2.000000
1.999999
2.000000
1.999999
2.000001
2.000000
2.000001
2.000000
2.000001
2.000000
2.000002
2.000000
2.000002
2.000001
2.000002
2.000001
2.000002
2.000001
2.000002
2.000001
2.000001
2.000000
2.000001
2.000000
2.000001
2.000000
2.000001
2.000000
2.000001
2.000000
2.000001
2.000000
2.000000
2.000000
2.000000
1.999999
2.000000
1.999999
2.000000
1.999999
2.000000
1.999999
2.000000
1.999999
2.000000
1.999999
2.000000
1.999999
2.000000
1.999999
2.000000
1.999999
2.000000
2.000000
2.000000
2.000000
2.000000
2.000000
2.000000
2.000000
2.000000
2.000000
2.000000
2.000000
2.000000
2.000000
2.000000
2.000000
2.000000
2.000000
2.000000
2.000000
2.000000
2.000000
2.000000
2.000000
2.000000
2.000000
2.000000
2.000000
2.000000
2.000000
2.000000
2.000000
2.000000
2.000000
2.000000
2.000000
2.000000
2.000000
2.000000
2.000000
2.000000
2.000000
2.000000
2.000000
2.000000
2.000000
2.000000
2.000000
2.000000
2.000000
2.000000
2.000000
2.000000
2.000000
2.000000
2.000000
2.000000
2.000000
2.000000
2.000000
2.000000
2.000000
2.000000
2.000000
2.000000
2.000000
2.000000
2.000000
2.000000
2.000000
2.000000
2.000000
2.000000
2.000000
2.000000
2.000000
2.000000
2.000000
2.000000
2.000000
2.000000
2.000000
2.000000
2.000000
2.000000
2.000000
2.000000
2.000000
2.000000
2.000000
2.000000
2.000000
2.000000
2.000000
2.000000
2.000000
2.000000
2.000000
2.000000
2.000000
2.000000
2.000000
2.000000
2.000000
2.000000
2.000000
2.000000
2.000000
2.000000
2.000000
2.000000
2.000000
2.000000
2.000000
2.000000
2.000000
2.000000
2.000000
2.000000
2.000000
2.000000
2.000000
2.000000
2.000000
2.000000
2.000000
2.000000
2.000000
2.000000
2.000000
2.000000
2.000000
2.000000
2.000000
2.000000
2.000000
2.000000
2.000000
2.000000
2.000000
2.000000
2.000000
2.000000
2.000000
2.000000
2.000000
2.000000
2.000000
2.000000
2.000000
2.000000
2.000000
2.000000
2.000000
2.000000
2.000000
2.000000
2.000000
2.000000
2.000000
2.000000
2.000000
2.000000
2.000000
2.000000
2.000000
2.000000
2.000000
2.000000
2.000000
2.000000
2.000000
2.000000
2.000000
2.000000
2.000000
2.000000
2.000000
2.000000
2.000000
2.000000
2.000000
2.000000
2.000000
2.000000
2.000000
2.000000
2.000000
2.000000
2.000000
2.000000
2.000000
2.000000
2.000000
2.000000
2.000000
2.000000
2.000000
2.000000
2.000000
2.000000
2.000000
2.000000
2.000000
2.000000
2.000000
2.000000
2.000000
2.000000
2.000000
2.000000
2.000000
2.000000
2.000000
2.000000
2.000000
2.000000
2.000000
2.000000
2.000000
2.000000
2.000000
2.000000
2.000000
2.000000
2.000000
2.000000
2.000000
2.000000
2.000000
2.000000
2.000000
2.000000
2.000000
2.000000
2.000000
2.000000
2.000000
2.000000
2.000000
2.000000
2.000000
2.000000
2.000000
2.000000
2.000000
2.000000
2.000000
2.000000
2.000000
2.000000
2.000000
2.000000
2.000000
2.000000
2.000000
2.000000
2.000000
2.000000
2.000000
2.000000
2.000000
2.000000
2.000000
2.000000
2.000000
2.000000
2.000000
2.000000
2.000000
2.000000
2.000000
2.000000
2.000000
2.000000
2.000000
2.000000
2.000000
2.000000
2.000000
2.000000
2.000000
2.000000
2.000000
2.000000
2.000000
2.000000
2.000000
2.000000
2.000000
2.000000
2.000000
2.000000
2.000000
2.000000
2.000000
2.000000
2.000000
2.000000
2.000000
2.000000
2.000000
2.000000
