2.147032
2.087084
2.051459
2.051459
2.087084
2.147032
2.223842
2.307493
2.392045
2.469162
2.534724
2.582309
2.609792
2.612788
2.591241
2.542834
2.469556
2.371079
2.251298
2.111666
1.957706
1.792297
1.622141
1.450976
1.285982
1.130875
0.992203
0.872267
0.775347
0.700564
0.648472
0.614449
0.596257
0.587836
0.587059
0.588885
0.592688
0.594871
0.596054
0.593608
0.588896
0.579969
0.568866
0.554631
0.540643
0.528098
0.523207
0.530943
0.561069
0.620694
0.717807
0.853993
1.029714
1.239956
1.480461
1.743350
2.022783
2.310178
2.599566
2.882660
3.154100
3.406457
3.635441
3.834872
4.001853
4.131717
4.223177
4.273245
4.282352
4.249251
4.176105
4.063365
3.914839
3.732542
3.521742
3.285795
3.031164
2.762235
2.486322
2.208456
1.936359
1.675210
1.432551
1.212973
1.022872
0.864921
0.742518
0.654068
0.597553
0.565954
0.553378
0.551841
0.556871
0.563417
0.570039
0.574683
0.578381
0.581545
0.587403
0.598787
0.621006
0.658670
0.717520
0.801100
0.912243
1.050696
1.215338
1.402634
1.608996
1.829263
2.058862
2.292157
2.524480
2.750397
2.965672
3.165494
3.346402
3.504493
3.637309
3.742036
3.817367
3.861677
3.874870
3.856535
3.807774
3.729344
3.623462
3.491936
3.337956
3.164205
2.974643
2.772606
2.562570
2.348249
2.134336
1.924593
1.723567
1.534655
1.361781
1.207425
1.074235
0.963045
0.874475
0.807120
0.759367
0.728053
0.710543
0.703688
0.705656
0.714789
0.730929
0.754172
0.785791
0.827009
0.879631
0.944921
1.024125
1.117566
1.225238
1.346157
1.479051
1.621852
1.772401
1.927988
2.086023
2.243566
2.397974
2.546405
2.686443
2.815586
2.931845
3.033228
3.118312
3.185720
3.234677
3.264476
3.275022
3.266285
3.238832
3.193275
3.130790
3.052555
2.960261
2.855546
2.740498
2.617081
2.487631
2.354284
2.219461
2.085297
1.954118
1.827871
1.708597
1.597862
1.497231
1.407720
1.330269
1.265239
1.212909
1.173038
1.145380
1.129315
1.124349
1.129774
1.145100
1.169708
1.203198
1.245036
1.294838
1.352034
1.416121
1.486373
1.562081
1.642308
1.726131
1.812422
1.900100
1.987925
2.074747
2.159313
2.240506
2.317156
2.388273
2.452859
2.510126
2.559310
2.599884
2.631362
2.653505
2.666129
2.669296
2.663117
2.647943
2.624162
2.592383
2.553233
2.507530
2.456086
2.399874
2.339826
2.277000
2.212379
2.147034
2.081926
2.018067
1.956326
1.897589
1.842573
1.791984
1.746342
1.706139
1.671677
1.643226
1.620874
1.604684
1.594557
1.590384
1.591920
1.598922
1.611039
1.627930
1.649170
1.674349
1.702985
1.734622
1.768741
1.804850
1.842412
1.880921
1.919836
1.958660
1.996871
2.034001
2.069575
2.103178
2.134402
2.162908
2.188375
2.210558
2.229239
2.244278
2.255565
2.263073
2.266803
2.266835
2.263279
2.256310
2.246134
2.233011
2.217220
2.199089
2.178951
2.157173
2.134120
2.110175
2.085709
2.061098
2.036693
2.012840
1.989851
1.968023
1.947611
1.928849
1.911926
1.897003
1.884198
1.873597
1.865245
1.859159
1.855318
1.853672
1.854145
1.856631
1.861007
1.867127
1.874830
1.883939
1.894271
1.905630
1.917821
1.930639
1.943889
1.957368
1.970891
1.984266
1.997325
2.009898
2.021839
2.033007
2.043289
2.052572
2.060780
2.067836
2.073699
2.078330
2.081725
2.083880
2.084826
2.084593
2.083243
2.080832
2.077451
2.073177
2.068120
2.062374
2.056060
2.049281
2.042165
2.034813
2.027351
2.019877
2.012508
2.005329
1.998445
1.991924
1.985854
1.980284
1.975281
1.970873
1.967107
1.963988
1.961543
1.959758
1.958638
1.958152
1.958290
1.959002
1.960266
1.962020
1.964232
1.966831
1.969778
1.972998
1.976450
1.980056
1.983778
1.987538
1.991302
1.994999
1.998598
2.002038
2.005295
2.008317
2.011090
2.013571
2.015758
2.017617
2.019157
2.020354
2.021228
2.021763
2.021989
2.021898
2.021528
2.020878
2.019992
2.018873
2.017570
2.016090
2.014483
2.012758
2.010965
2.009113
2.007250
2.005383
2.003559
2.001779
2.000088
1.998483
1.997002
1.995639
1.994427
1.993353
1.992447
1.991690
1.991105
1.990670
1.990405
1.990281
1.990314
1.990473
1.990770
1.991172
1.991688
1.992284
1.992968
1.993703
1.994499
1.995318
1.996170
1.997019
1.997874
1.998703
1.999515
2.000280
2.001010
2.001676
2.002294
2.002836
2.003320
2.003722
2.004061
2.004316
2.004509
2.004619
2.004671
2.004646
2.004571
2.004428
2.004244
2.004004
2.003734
2.003420
2.003089
2.002726
2.002359
2.001972
2.001593
2.001206
2.000838
2.000471
2.000132
1.999803
1.999509
1.999230
1.998991
1.998772
1.998595
1.998439
1.998327
1.998236
1.998186
1.998156
1.998165
1.998189
1.998249
1.998320
1.998422
1.998530
1.998662
1.998796
1.998949
1.999098
1.999260
1.999414
1.999576
1.999725
1.999878
2.000014
2.000152
2.000269
2.000386
2.000480
2.000571
2.000640
2.000705
2.000746
2.000785
2.000801
2.000814
2.000806
2.000797
2.000769
2.000741
2.000696
2.000653
2.000596
2.000543
2.000477
2.000419
2.000349
2.000289
2.000220
2.000162
2.000097
2.000044
1.999986
1.999940
1.999890
1.999855
1.999815
1.999789
1.999760
1.999745
1.999726
1.999721
1.999712
1.999717
1.999717
1.999729
1.999737
1.999756
1.999769
1.999793
1.999810
1.999836
1.999856
1.999884
1.999904
1.999932
1.999951
1.999978
1.999995
2.000019
2.000033
2.000054
2.000064
2.000081
2.000088
2.000101
2.000104
2.000113
2.000112
2.000118
2.000113
2.000115
2.000108
2.000107
2.000098
2.000095
2.000084
2.000080
2.000067
2.000062
2.000050
2.000044
2.000032
2.000027
2.000015
2.000010
1.999999
1.999996
1.999986
1.999984
1.999976
1.999975
1.999969
1.999969
1.999964
1.999966
1.999962
1.999965
1.999963
1.999967
1.999965
1.999970
1.999969
1.999975
1.999974
1.999980
1.999980
1.999986
1.999986
1.999992
1.999992
1.999998
1.999997
2.000003
2.000002
2.000007
2.000006
2.000010
2.000009
2.000013
2.000011
2.000014
2.000012
2.000015
2.000012
2.000015
2.000012
2.000014
2.000010
2.000012
2.000009
2.000010
2.000007
2.000008
2.000005
2.000006
2.000003
2.000004
2.000001
2.000003
1.999999
2.000001
1.999998
2.000000
1.999997
1.999999
1.999996
1.999998
1.999995
1.999997
1.999995
1.999997
1.999995
1.999997
1.999995
1.999998
1.999996
1.999998
1.999996
1.999999
1.999997
1.999999
1.999998
2.000000
1.999998
2.000001
1.999999
2.000001
1.999999
2.000001
2.000000
2.000002
2.000000
2.000002
2.000000
2.000002
2.000000
2.000002
2.000000
2.000002
2.000000
2.000002
2.000000
2.000002
2.000000
2.000002
2.000000
2.000002
2.000000
2.000001
2.000000
2.000001
1.999999
2.000001
1.999999
2.000001
1.999999
2.000001
1.999999
2.000001
1.999999
2.000000
1.999999
2.000000
1.999999
2.000000
1.999999
2.000000
1.999999
2.000000
1.999999
2.000000
1.999999
2.000000
1.999999
2.000000
1.999999
2.000001
1.999999
2.000001
1.999999
2.000001
1.999999
2.000001
1.999999
2.000001
1.999999
2.000001
2.000000
2.000001
2.000000
2.000001
2.000000
2.000001
2.000000
2.000001
2.000000
2.000001
2.000000
2.000001
2.000000
2.000001
2.000000
2.000001
2.000000
2.000001
2.000000
2.000000
2.000000
2.000000
2.000000
2.000000
2.000000
2.000000
2.000000
2.000000
2.000000
2.000000
2.000000
2.000000
2.000000
2.000000
2.000000
2.000000
2.000000
2.000000
2.000000
2.000000
2.000000
2.000000
2.000000
2.000000
2.000000
2.000000
2.000000
2.000000
2.000000
2.000000
2.000000
2.000000
2.000000
2.000000
2.000000
2.000000
2.000000
2.000000
2.000000
2.000000
2.000000
2.000000
2.000000
2.000000
2.000000
2.000000
2.000000
2.000000
2.000000
2.000000
2.000000
2.000000
2.000000
2.000000
2.000000
2.000000
2.000000
2.000000
2.000000
2.000000
2.000000
2.000000
2.000000
2.000000
2.000000
2.000000
2.000000
2.000000
2.000000
2.000000
2.000000
2.000000
2.000000
2.000000
2.000000
2.000000
2.000000
2.000000
2.000000
2.000000
2.000000
2.000000
2.000000
2.000000
2.000000
2.000000
2.000000
2.000000
2.000000
2.000000
2.000000
2.000000
2.000000
2.000000
2.000000
2.000000
2.000000
2.000000
2.000000
2.000000
2.000000
2.000000
2.000000
2.000000
2.000000
2.000000
2.000000
2.000000
2.000000
2.000000
2.000000
2.000000
2.000000
2.000000
2.000000
2.000000
2.000000
2.000000
2.000000
2.000000
2.000000
2.000000
2.000000
2.000000
2.000000
2.000000
2.000000
2.000000
2.000000
2.000000
2.000000
2.000000
2.000000
2.000000
2.000000
2.000000
2.000000
2.000000
2.000000
2.000000
2.000000
2.000000
2.000000
2.000000
2.000000
2.000000
2.000000
2.000000
2.000000
2.000000
2.000000
2.000000
2.000000
2.000000
2.000000
2.000000
2.000000
2.000000
2.000000
2.000000
2.000000
2.000000
2.000000
2.000000
2.000000
2.000000
2.000000
2.000000
2.000000
2.000000
2.000000
2.000000
2.000000
2.000000
2.000000
2.000000
2.000000
2.000000
2.000000
2.000000
2.000000
2.000000
2.000000
2.000000
2.000000
2.000000
2.000000
2.000000
2.000000
2.000000
2.000000
2.000000
2.000000
2.000000
2.000000
2.000000
2.000000
2.000000
2.000000
2.000000
2.000000
2.000000
2.000000
2.000000
2.000000
2.000000
2.000000
2.000000
2.000000
2.000000
2.000000
2.000000
2.000000
2.000000
2.000000
2.000000
2.000000
2.000000
2.000000
2.000000
2.000000
2.000000
2.000000
2.000000
2.000000
2.000000
2.000000
2.000000
2.000000
2.000000
2.000000
2.000000
2.000000
2.000000
2.000000
2.000000
2.000000
2.000000
2.000000
2.000000
2.000000
2.000000
2.000000
2.000000
2.000000
2.000000
2.000000
2.000000
2.000000
2.000000
2.000000
2.000000
1.999999
1.999999
1.999999
1.999999
1.999999
1.999998
1.999998
1.999998
1.999997
1.999997
1.999997
1.999997
1.999997
1.999997
1.999997
1.999997
