2.164364
2.097068
2.056961
2.056961
2.097068
2.164364
2.251497
2.346996
2.445213
2.536534
2.617281
2.679877
2.722731
2.740378
2.733354
2.698302
2.637834
2.550602
2.441132
2.309864
2.162955
2.002266
1.835131
1.664280
1.497548
1.337712
1.192107
1.062353
0.953906
0.865771
0.800254
0.753053
0.723618
0.705767
0.698239
0.695207
0.696354
0.697130
0.698367
0.696657
0.693664
0.686893
0.678753
0.667876
0.657878
0.649339
0.648072
0.657618
0.686318
0.739547
0.824823
0.944204
1.099618
1.287394
1.504566
1.744064
2.000752
2.266411
2.535450
2.799723
3.054091
3.291167
3.506813
3.694837
3.852458
3.974973
4.061189
4.108066
4.116115
4.084027
4.014032
3.906511
3.765324
3.592402
3.393052
3.170521
2.931283
2.679580
2.422679
2.165391
1.915282
1.677152
1.458155
1.262184
1.094818
0.957560
0.852600
0.777235
0.729062
0.701573
0.690109
0.688084
0.692163
0.698106
0.704903
0.710737
0.716591
0.722701
0.731789
0.745984
0.769520
0.805867
0.859663
0.933899
1.031406
1.152569
1.297092
1.462433
1.645789
1.842762
2.049273
2.260185
2.471096
2.676898
2.873484
3.056271
3.221850
3.366484
3.487726
3.582894
3.650660
3.689509
3.699306
3.679734
3.631840
3.556459
3.455736
3.331543
3.186978
3.024764
2.848740
2.662246
2.469592
2.274434
2.081215
1.893536
1.715554
1.550333
1.401197
1.270067
1.158784
1.067509
0.996122
0.942884
0.906029
0.882780
0.870963
0.868147
0.872961
0.884179
0.901674
0.925493
0.956532
0.995663
1.044200
1.103119
1.173411
1.255443
1.349315
1.454398
1.569741
1.693751
1.824628
1.960114
2.097914
2.235468
2.370343
2.500003
2.622169
2.734580
2.835335
2.922634
2.995099
3.051512
3.091114
3.113331
3.118059
3.105377
3.075823
3.030100
2.969331
2.894764
2.808012
2.710757
2.604978
2.492645
2.375945
2.256970
2.137934
2.020861
1.907793
1.800481
1.700593
1.609418
1.528069
1.457235
1.397390
1.348604
1.310775
1.283501
1.266315
1.258601
1.259794
1.269301
1.286636
1.311334
1.343018
1.381316
1.425877
1.476308
1.532169
1.592938
1.658002
1.726656
1.798093
1.871434
1.945717
2.019948
2.093087
2.164110
2.231994
2.295776
2.354537
2.407460
2.453806
2.492972
2.524452
2.547901
2.563084
2.569931
2.568486
2.558958
2.541658
2.517049
2.485678
2.448223
2.405417
2.358099
2.307128
2.253433
2.197930
2.141570
2.085247
2.029859
1.976212
1.925085
1.877135
1.832968
1.793053
1.757799
1.727466
1.702266
1.682265
1.667498
1.657870
1.653275
1.653496
1.658332
1.667480
1.680671
1.697545
1.717790
1.741002
1.766835
1.794856
1.824691
1.855884
1.888046
1.920711
1.953487
1.985912
2.017612
2.048150
2.077188
2.104336
2.129314
2.151799
2.171586
2.188434
2.202230
2.212825
2.220203
2.224313
2.225238
2.223022
2.217838
2.209818
2.199214
2.186227
2.171174
2.154305
2.135977
2.116471
2.096162
2.075334
2.054357
2.033500
2.013106
1.993407
1.974703
1.957175
1.941067
1.926499
1.913652
1.902583
1.893410
1.886125
1.880787
1.877332
1.875764
1.875971
1.877911
1.881434
1.886465
1.892821
1.900405
1.909013
1.918533
1.928750
1.939545
1.950702
1.962102
1.973537
1.984897
1.995985
2.006709
2.016892
2.026463
2.035270
2.043270
2.050338
2.056462
2.061549
2.065616
2.068604
2.070560
2.071455
2.071366
2.070289
2.068329
2.065503
2.061937
2.057665
2.052826
2.047467
2.041734
2.035678
2.029446
2.023088
2.016746
2.010464
2.004372
1.998503
1.992973
1.987798
1.983081
1.978818
1.975093
1.971887
1.969262
1.967182
1.965693
1.964743
1.964360
1.964478
1.965114
1.966188
1.967708
1.969586
1.971822
1.974323
1.977084
1.980011
1.983098
1.986251
1.989466
1.992652
1.995809
1.998852
2.001786
2.004535
2.007111
2.009445
2.011558
2.013390
2.014970
2.016249
2.017264
2.017974
2.018424
2.018582
2.018499
2.018149
2.017591
2.016803
2.015847
2.014708
2.013448
2.012053
2.010589
2.009041
2.007473
2.005872
2.004298
2.002734
2.001240
1.999796
1.998456
1.997197
1.996067
1.995041
1.994162
1.993399
1.992791
1.992304
1.991972
1.991757
1.991689
1.991727
1.991899
1.992160
1.992536
1.992980
1.993518
1.994101
1.994753
1.995427
1.996146
1.996863
1.997602
1.998319
1.999036
1.999711
2.000370
2.000972
2.001543
2.002046
2.002508
2.002895
2.003236
2.003498
2.003712
2.003849
2.003940
2.003957
2.003934
2.003844
2.003722
2.003541
2.003337
2.003086
2.002822
2.002521
2.002218
2.001890
2.001569
2.001234
2.000916
2.000592
2.000295
1.999999
1.999735
1.999479
1.999260
1.999054
1.998886
1.998734
1.998622
1.998525
1.998467
1.998424
1.998418
1.998424
1.998464
1.998513
1.998591
1.998674
1.998782
1.998890
1.999019
1.999143
1.999282
1.999412
1.999554
1.999683
1.999819
1.999938
2.000062
2.000167
2.000274
2.000360
2.000445
2.000510
2.000573
2.000614
2.000654
2.000673
2.000691
2.000689
2.000687
2.000666
2.000647
2.000611
2.000578
2.000530
2.000487
2.000432
2.000383
2.000323
2.000272
2.000212
2.000162
2.000104
2.000058
2.000006
1.999966
1.999921
1.999888
1.999852
1.999828
1.999800
1.999786
1.999768
1.999762
1.999752
1.999755
1.999753
1.999763
1.999768
1.999783
1.999794
1.999814
1.999828
1.999851
1.999867
1.999891
1.999909
1.999933
1.999950
1.999973
1.999988
2.000009
2.000022
2.000041
2.000051
2.000066
2.000072
2.000084
2.000087
2.000095
2.000096
2.000100
2.000097
2.000099
2.000094
2.000093
2.000086
2.000083
2.000074
2.000070
2.000060
2.000055
2.000045
2.000039
2.000029
2.000024
2.000014
2.000010
2.000001
1.999997
1.999989
1.999987
1.999980
1.999979
1.999974
1.999973
1.999969
1.999970
1.999967
1.999969
1.999968
1.999971
1.999970
1.999973
1.999973
1.999977
1.999978
1.999982
1.999983
1.999987
1.999988
1.999992
1.999993
1.999997
1.999998
2.000002
2.000002
2.000005
2.000005
2.000008
2.000008
2.000011
2.000010
2.000012
2.000011
2.000012
2.000011
2.000012
2.000010
2.000011
2.000009
2.000010
2.000008
2.000009
2.000006
2.000007
2.000005
2.000005
2.000003
2.000003
2.000001
2.000002
2.000000
2.000000
1.999998
1.999999
1.999997
1.999998
1.999997
1.999998
1.999996
1.999997
1.999996
1.999997
1.999996
1.999997
1.999996
1.999998
1.999997
1.999998
1.999997
1.999999
1.999998
1.999999
1.999998
2.000000
1.999999
2.000000
1.999999
2.000000
2.000000
2.000001
2.000000
2.000001
2.000000
2.000001
2.000001
2.000001
2.000001
2.000001
2.000001
2.000001
2.000001
2.000001
2.000001
2.000001
2.000000
2.000001
2.000000
2.000001
2.000000
2.000001
2.000000
2.000001
2.000000
2.000000
2.000000
2.000000
2.000000
2.000000
2.000000
2.000000
1.999999
2.000000
1.999999
2.000000
1.999999
2.000000
1.999999
2.000000
1.999999
2.000000
2.000000
2.000000
2.000000
2.000000
2.000000
2.000000
2.000000
2.000000
2.000000
2.000000
2.000000
2.000000
2.000000
2.000000
2.000000
2.000000
2.000000
2.000000
2.000000
2.000000
2.000000
2.000000
2.000000
2.000000
2.000000
2.000000
2.000000
2.000000
2.000000
2.000000
2.000000
2.000000
2.000000
2.000000
2.000000
2.000000
2.000000
2.000000
2.000000
2.000000
2.000000
2.000000
2.000000
2.000000
2.000000
2.000000
2.000000
2.000000
2.000000
2.000000
2.000000
2.000000
2.000000
2.000000
2.000000
2.000000
2.000000
2.000000
2.000000
2.000000
2.000000
2.000000
2.000000
2.000000
2.000000
2.000000
2.000000
2.000000
2.000000
2.000000
2.000000
2.000000
2.000000
2.000000
2.000000
2.000000
2.000000
2.000000
2.000000
2.000000
2.000000
2.000000
2.000000
2.000000
2.000000
2.000000
2.000000
2.000000
2.000000
2.000000
2.000000
2.000000
2.000000
2.000000
2.000000
2.000000
2.000000
2.000000
2.000000
2.000000
2.000000
2.000000
2.000000
2.000000
2.000000
2.000000
2.000000
2.000000
2.000000
2.000000
2.000000
2.000000
2.000000
2.000000
2.000000
2.000000
2.000000
2.000000
2.000000
2.000000
2.000000
2.000000
2.000000
2.000000
2.000000
2.000000
2.000000
2.000000
2.000000
2.000000
2.000000
2.000000
2.000000
2.000000
2.000000
2.000000
2.000000
2.000000
2.000000
2.000000
2.000000
2.000000
2.000000
2.000000
2.000000
2.000000
2.000000
2.000000
2.000000
2.000000
2.000000
2.000000
2.000000
2.000000
2.000000
2.000000
2.000000
2.000000
2.000000
2.000000
2.000000
2.000000
2.000000
2.000000
2.000000
2.000000
2.000000
2.000000
2.000000
2.000000
2.000000
2.000000
2.000000
2.000000
2.000000
2.000000
2.000000
2.000000
2.000000
2.000000
2.000000
2.000000
2.000000
2.000000
2.000000
2.000000
2.000000
2.000000
2.000000
2.000000
2.000000
2.000000
2.000000
2.000000
2.000000
2.000000
2.000000
2.000000
2.000000
2.000000
2.000000
2.000000
2.000000
2.000000
2.000000
2.000000
2.000000
2.000000
2.000000
2.000000
2.000000
2.000000
2.000000
2.000000
2.000000
2.000000
2.000000
2.000000
2.000000
2.000000
2.000000
2.000000
2.000000
2.000000
2.000000
2.000000
2.000000
2.000000
2.000000
2.000000
2.000000
2.000000
2.000000
2.000000
2.000000
2.000000
2.000000
2.000000
2.000000
2.000000
2.000000
2.000000
2.000000
2.000000
2.000000
2.000000
2.000000
2.000000
2.000000
2.000000
2.000000
2.000000
2.000000
2.000000
2.000000
2.000000
2.000000
2.000000
2.000000
2.000000
2.000000
2.000000
2.000000
2.000000
2.000000
2.000000
2.000000
2.000000
2.000000
2.000000
2.000000
2.000000
2.000000
2.000000
2.000000
2.000000
2.000000
2.000000
2.000000
2.000000
2.000000
2.000000
2.000000
2.000000
2.000000
2.000000
2.000000
2.000000
2.000000
2.000000
2.000000
2.000000
2.000000
2.000000
2.000000
2.000000
2.000000
2.000000
2.000000
2.000000
2.000000
2.000000
2.000000
2.000000
2.000000
2.000000
2.000000
2.000000
