2.103686
2.034600
1.994709
1.994709
2.034600
2.103686
2.194254
2.296839
2.404997
2.510868
2.609607
2.695182
2.764557
2.813650
2.841325
2.845471
2.826820
2.785125
2.722818
2.641264
2.544265
2.434391
2.316310
2.193214
2.069954
1.949601
1.836364
1.732387
1.640455
1.561181
1.495517
1.442510
1.401554
1.370758
1.348738
1.333532
1.323726
1.317866
1.314882
1.314012
1.314597
1.316545
1.319577
1.324233
1.330635
1.339973
1.352830
1.371065
1.395694
1.429060
1.472285
1.527626
1.595592
1.677506
1.772473
1.880236
1.998183
2.124485
2.255157
2.387369
2.516495
2.639467
2.751772
2.850793
2.932733
2.995926
3.037700
3.057652
3.054454
3.029097
2.981643
2.914441
2.828829
2.728317
2.615237
2.493901
2.367189
2.239682
2.114206
1.994943
1.883956
1.784341
1.696791
1.622867
1.561693
1.513396
1.475930
1.448618
1.429004
1.416348
1.408423
1.404892
1.404045
1.406075
1.409817
1.415945
1.423765
1.434339
1.447365
1.464206
1.484858
1.510864
1.542353
1.580832
1.626290
1.679872
1.741081
1.810375
1.886497
1.969056
2.055988
2.146142
2.236849
2.326504
2.412196
2.492256
2.563923
2.625842
2.675733
2.712848
2.735623
2.744092
2.737533
2.716826
2.682093
2.635014
2.576454
2.508734
2.433256
2.352732
2.268806
2.184252
2.100612
2.020360
1.944593
1.875182
1.812534
1.757757
1.710527
1.671251
1.639041
1.613849
1.594520
1.580854
1.571712
1.566975
1.565698
1.567955
1.573060
1.581295
1.592213
1.606259
1.623154
1.643428
1.666880
1.694020
1.724613
1.759039
1.796917
1.838398
1.882864
1.930175
1.979444
2.030241
2.081440
2.132396
2.181840
2.229033
2.272701
2.312156
2.346263
2.374525
2.396065
2.410686
2.417859
2.417742
2.410187
2.395721
2.374560
2.347557
2.315221
2.278645
2.238530
2.196084
2.152069
2.107676
2.063596
2.020877
1.980029
1.941869
1.906665
1.874965
1.846792
1.822448
1.801756
1.784837
1.771391
1.761435
1.754621
1.750934
1.750033
1.751912
1.756268
1.763117
1.772196
1.783535
1.796893
1.812294
1.829494
1.848483
1.868984
1.890933
1.914001
1.938053
1.962703
1.987748
2.012751
2.037459
2.061405
2.084317
2.105737
2.125408
2.142919
2.158071
2.170537
2.180211
2.186875
2.190539
2.191112
2.188728
2.183423
2.175445
2.164944
2.152259
2.137624
2.121441
2.103989
2.085693
2.066842
2.047844
2.028962
2.010558
1.992842
1.976108
1.960500
1.946235
1.933387
1.922101
1.912386
1.904326
1.897880
1.893081
1.889853
1.888195
1.888005
1.889258
1.891837
1.895697
1.900711
1.906819
1.913883
1.921831
1.930516
1.939849
1.949676
1.959897
1.970350
1.980926
1.991459
2.001840
2.011906
2.021551
2.030625
2.039035
2.046652
2.053405
2.059193
2.063975
2.067685
2.070316
2.071839
2.072284
2.071660
2.070030
2.067437
2.063974
2.059712
2.054763
2.049218
2.043203
2.036815
2.030185
2.023409
2.016611
2.009881
2.003328
1.997027
1.991070
1.985514
1.980429
1.975853
1.971833
1.968388
1.965546
1.963306
1.961677
1.960643
1.960197
1.960311
1.960963
1.962114
1.963734
1.965774
1.968196
1.970947
1.973982
1.977244
1.980687
1.984253
1.987894
1.991553
1.995186
1.998738
2.002170
2.005433
2.008494
2.011312
2.013863
2.016116
2.018055
2.019662
2.020929
2.021849
2.022426
2.022664
2.022576
2.022174
2.021481
2.020517
2.019311
2.017889
2.016284
2.014526
2.012649
2.010685
2.008668
2.006628
2.004598
2.002603
2.000674
1.998832
1.997101
1.995499
1.994042
1.992744
1.991615
1.990661
1.989889
1.989298
1.988888
1.988656
1.988595
1.988698
1.988956
1.989356
1.989886
1.990533
1.991281
1.992114
1.993019
1.993977
1.994973
1.995991
1.997017
1.998034
1.999030
1.999991
2.000906
2.001763
2.002554
2.003271
2.003908
2.004458
2.004919
2.005289
2.005567
2.005753
2.005850
2.005860
2.005789
2.005641
2.005422
2.005140
2.004801
2.004413
2.003985
2.003525
2.003041
2.002541
2.002033
2.001526
2.001025
2.000539
2.000072
1.999632
1.999221
1.998846
1.998508
1.998211
1.997957
1.997747
1.997581
1.997460
1.997382
1.997346
1.997350
1.997392
1.997469
1.997579
1.997717
1.997880
1.998064
1.998266
1.998482
1.998707
1.998938
1.999172
1.999404
1.999632
1.999852
2.000063
2.000260
2.000443
2.000610
2.000759
2.000888
2.000998
2.001087
2.001157
2.001206
2.001235
2.001246
2.001238
2.001214
2.001174
2.001120
2.001054
2.000977
2.000892
2.000799
2.000700
2.000598
2.000494
2.000389
2.000286
2.000185
2.000088
1.999996
1.999910
1.999831
1.999759
1.999695
1.999641
1.999594
1.999557
1.999529
1.999509
1.999498
1.999495
1.999499
1.999511
1.999529
1.999552
1.999581
1.999614
1.999651
1.999690
1.999732
1.999775
1.999818
1.999861
1.999904
1.999945
1.999985
2.000022
2.000057
2.000089
2.000117
2.000142
2.000164
2.000181
2.000196
2.000206
2.000213
2.000216
2.000216
2.000213
2.000208
2.000199
2.000189
2.000177
2.000162
2.000147
2.000131
2.000114
2.000096
2.000078
2.000061
2.000044
2.000027
2.000011
1.999996
1.999983
1.999970
1.999959
1.999949
1.999941
1.999934
1.999929
1.999925
1.999923
1.999922
1.999922
1.999923
1.999925
1.999928
1.999933
1.999937
1.999943
1.999949
1.999955
1.999961
1.999968
1.999975
1.999981
1.999988
1.999994
1.999999
2.000005
2.000010
2.000014
2.000018
2.000022
2.000025
2.000027
2.000029
2.000030
2.000031
2.000031
2.000031
2.000030
2.000029
2.000028
2.000026
2.000024
2.000022
2.000020
2.000017
2.000015
2.000013
2.000010
2.000008
2.000005
2.000003
2.000001
1.999999
1.999997
1.999996
1.999994
1.999993
1.999992
1.999991
1.999991
1.999990
1.999990
1.999990
1.999990
1.999990
1.999991
1.999991
1.999992
1.999992
1.999993
1.999994
1.999995
1.999995
1.999996
1.999997
1.999998
1.999999
1.999999
2.000000
2.000001
2.000001
2.000002
2.000002
2.000003
2.000003
2.000003
2.000003
2.000004
2.000004
2.000004
2.000004
2.000003
2.000003
2.000003
2.000003
2.000003
2.000002
2.000002
2.000002
2.000002
2.000001
2.000001
2.000001
2.000001
2.000000
2.000000
2.000000
2.000000
2.000000
1.999999
1.999999
1.999999
1.999999
1.999999
1.999999
1.999999
1.999999
1.999999
1.999999
1.999999
1.999999
1.999999
1.999999
1.999999
1.999999
1.999999
2.000000
2.000000
2.000000
2.000000
2.000000
2.000000
2.000000
2.000000
2.000000
2.000000
2.000000
2.000000
2.000000
2.000000
2.000000
2.000000
2.000000
2.000000
2.000000
2.000000
2.000000
2.000000
2.000000
2.000000
2.000000
2.000000
2.000000
2.000000
2.000000
2.000000
2.000000
2.000000
2.000000
2.000000
2.000000
2.000000
2.000000
2.000000
2.000000
2.000000
2.000000
2.000000
2.000000
2.000000
2.000000
2.000000
2.000000
2.000000
2.000000
2.000000
2.000000
2.000000
2.000000
2.000000
2.000000
2.000000
2.000000
2.000000
2.000000
2.000000
2.000000
2.000000
2.000000
2.000000
2.000000
2.000000
2.000000
2.000000
2.000000
2.000000
2.000000
2.000000
2.000000
2.000000
2.000000
2.000000
2.000000
2.000000
2.000000
2.000000
2.000000
2.000000
2.000000
2.000000
2.000000
2.000000
2.000000
2.000000
2.000000
2.000000
2.000000
2.000000
2.000000
2.000000
2.000000
2.000000
2.000000
2.000000
2.000000
2.000000
2.000000
2.000000
2.000000
2.000000
2.000000
2.000000
2.000000
2.000000
2.000000
2.000000
2.000000
2.000000
2.000000
2.000000
2.000000
2.000000
2.000000
2.000000
2.000000
2.000000
2.000000
2.000000
2.000000
2.000000
2.000000
2.000000
2.000000
2.000000
2.000000
2.000000
2.000000
2.000000
2.000000
2.000000
2.000000
2.000000
2.000000
2.000000
2.000000
2.000000
2.000000
2.000000
2.000000
2.000000
2.000000
2.000000
2.000000
2.000000
2.000000
2.000000
2.000000
2.000000
2.000000
2.000000
2.000000
2.000000
2.000000
2.000000
2.000000
2.000000
2.000000
2.000000
2.000000
2.000000
2.000000
2.000000
2.000000
2.000000
2.000000
2.000000
2.000000
2.000000
2.000000
2.000000
2.000000
2.000000
2.000000
2.000000
2.000000
2.000000
2.000000
2.000000
2.000000
2.000000
2.000000
2.000000
2.000000
2.000000
2.000000
2.000000
2.000000
2.000000
2.000000
2.000000
2.000000
2.000000
2.000000
2.000000
2.000000
2.000000
2.000000
2.000000
2.000000
2.000000
2.000000
2.000000
2.000000
2.000000
2.000000
2.000000
2.000000
2.000000
2.000000
2.000000
2.000000
2.000000
2.000000
2.000000
2.000000
2.000000
2.000000
2.000000
2.000000
2.000000
2.000000
2.000000
2.000000
2.000000
2.000000
2.000000
2.000000
2.000000
2.000000
2.000000
2.000000
2.000000
2.000000
2.000000
2.000000
2.000000
2.000000
2.000000
2.000000
2.000000
2.000000
2.000000
2.000000
2.000000
2.000000
2.000000
2.000000
2.000000
2.000000
2.000000
2.000000
2.000000
2.000000
2.000000
2.000000
2.000000
2.000000
2.000000
2.000000
2.000000
2.000000
2.000000
2.000000
2.000000
2.000000
2.000000
2.000000
2.000000
2.000000
2.000000
2.000000
2.000000
2.000000
2.000000
2.000000
2.000000
2.000000
2.000000
2.000000
2.000000
2.000000
2.000000
2.000000
2.000000
2.000000
2.000000
2.000000
2.000000
2.000000
2.000000
2.000000
2.000000
2.000000
2.000000
2.000000
2.000000
2.000000
2.000000
2.000000
2.000000
2.000000
2.000000
2.000000
2.000000
2.000000
2.000000
2.000000
2.000000
2.000000
2.000000
2.000000
2.000000
2.000000
2.000000
2.000000
2.000000
2.000000
2.000000
2.000000
2.000000
2.000000
2.000000
2.000000
2.000000
2.000000
2.000000
2.000000
2.000000
2.000000
2.000000
2.000000
2.000000
2.000000
2.000000
2.000000
2.000000
2.000000
2.000000
2.000000
2.000000
2.000000
2.000000
2.000000
2.000000
2.000000
2.000000
2.000000
2.000000
2.000000
2.000000
2.000000
2.000000
2.000000
2.000000
2.000000
2.000000
2.000000
