2.176901
2.099555
2.053341
2.053341
2.099555
2.176901
2.278165
2.389975
2.507079
2.618219
2.720309
2.804301
2.869312
2.908509
2.923197
2.908704
2.868439
2.799763
2.708001
2.592309
2.459623
2.310517
2.153078
1.988748
1.826107
1.666698
1.518685
1.382687
1.265309
1.165121
1.086152
1.024337
0.981096
0.950503
0.932670
0.921480
0.917200
0.914661
0.914886
0.913905
0.913476
0.910747
0.908143
0.903996
0.901586
0.900782
0.906125
0.919385
0.946407
0.990281
1.056729
1.147800
1.266427
1.411243
1.581275
1.771794
1.979062
2.196496
2.419199
2.640111
2.854341
3.055271
3.238756
3.399199
3.533671
3.637959
3.710640
3.749098
3.753556
3.723079
3.659562
3.563714
3.439005
3.287640
3.114464
2.922913
2.718886
2.506669
2.292753
2.081737
1.880053
1.691837
1.522529
1.374711
1.251601
1.153037
1.079049
1.026434
0.992615
0.972893
0.964151
0.962286
0.965224
0.970403
0.977153
0.984452
0.992862
1.002681
1.015519
1.032804
1.056981
1.090253
1.135348
1.194417
1.269440
1.361362
1.470422
1.595663
1.735356
1.886819
2.046886
2.211845
2.377859
2.540918
2.697184
2.842923
2.974789
3.089726
3.185210
3.259128
3.309979
3.336739
3.339027
3.316951
3.271252
3.203130
3.114362
3.007113
2.884033
2.748051
2.602443
2.450620
2.296161
2.142589
1.993370
1.851681
1.720372
1.601746
1.497514
1.408646
1.335375
1.277222
1.233094
1.201508
1.180727
1.169072
1.164950
1.167155
1.174713
1.187160
1.204233
1.226155
1.253215
1.286076
1.325270
1.371547
1.425316
1.487035
1.556644
1.634027
1.718462
1.809161
1.904752
2.003876
2.104687
2.205480
2.304193
2.399042
2.488009
2.569473
2.641684
2.703379
2.753240
2.790496
2.814367
2.824649
2.821143
2.804231
2.774287
2.732242
2.678983
2.615907
2.544309
2.465926
2.382314
2.295390
2.206794
2.118431
2.031830
1.948685
1.870219
1.797742
1.732019
1.673861
1.623516
1.581291
1.546976
1.520489
1.501318
1.489179
1.483453
1.483831
1.489734
1.500936
1.516962
1.537688
1.562723
1.592000
1.625148
1.662077
1.702359
1.745809
1.791884
1.840263
1.890263
1.941427
1.992952
2.044279
2.094533
2.143117
2.189154
2.232082
2.271095
2.305735
2.335337
2.359607
2.378069
2.390634
2.397046
2.397444
2.391796
2.380464
2.363631
2.341857
2.315505
2.285290
2.251706
2.215567
2.177435
2.138159
2.098305
2.058688
2.019815
1.982411
1.946873
1.913792
1.883420
1.856197
1.832219
1.811773
1.794815
1.781501
1.771672
1.765382
1.762391
1.762684
1.765970
1.772188
1.781015
1.792360
1.805880
1.821460
1.838742
1.857588
1.877623
1.898692
1.920406
1.942596
1.964865
1.987039
2.008726
2.029759
2.049764
2.068599
2.085926
2.101641
2.115457
2.127324
2.137020
2.144560
2.149792
2.152803
2.153514
2.152082
2.148499
2.142986
2.135596
2.126602
2.116104
2.104412
2.091657
2.078165
2.064082
2.049734
2.035259
2.020968
2.006978
1.993569
1.980825
1.968984
1.958091
1.948339
1.939728
1.932405
1.926328
1.921599
1.918138
1.916008
1.915095
1.915431
1.916876
1.919433
1.922943
1.927390
1.932601
1.938546
1.945043
1.952055
1.959396
1.967026
1.974762
1.982566
1.990262
1.997817
2.005070
2.011998
2.018456
2.024435
2.029809
2.034590
2.038673
2.042089
2.044757
2.046728
2.047945
2.048477
2.048291
2.047474
2.046010
2.044002
2.041449
2.038465
2.035059
2.031351
2.027358
2.023201
2.018897
2.014564
2.010217
2.005967
2.001823
1.997885
1.994153
1.990717
1.987563
1.984768
1.982309
1.980247
1.978548
1.977260
1.976337
1.975816
1.975642
1.975842
1.976352
1.977189
1.978288
1.979656
1.981225
1.982999
1.984906
1.986951
1.989061
1.991239
1.993418
1.995600
1.997722
1.999790
2.001745
2.003598
2.005295
2.006852
2.008224
2.009431
2.010433
2.011257
2.011870
2.012304
2.012532
2.012591
2.012459
2.012177
2.011729
2.011155
2.010446
2.009643
2.008737
2.007773
2.006741
2.005684
2.004596
2.003516
2.002436
2.001394
2.000381
1.999431
1.998533
1.997718
1.996971
1.996321
1.995751
1.995284
1.994902
1.994624
1.994430
1.994336
1.994320
1.994395
1.994538
1.994760
1.995036
1.995376
1.995755
1.996182
1.996632
1.997113
1.997600
1.998103
1.998597
1.999091
1.999564
2.000024
2.000451
2.000855
2.001218
2.001551
2.001837
2.002087
2.002289
2.002453
2.002568
2.002647
2.002679
2.002677
2.002633
2.002561
2.002453
2.002322
2.002162
2.001986
2.001789
2.001584
2.001365
2.001146
2.000919
2.000698
2.000477
2.000268
2.000065
1.999877
1.999700
1.999542
1.999397
1.999274
1.999166
1.999080
1.999010
1.998963
1.998929
1.998918
1.998919
1.998940
1.998971
1.999019
1.999074
1.999143
1.999217
1.999301
1.999387
1.999479
1.999571
1.999665
1.999756
1.999848
1.999933
2.000017
2.000092
2.000165
2.000228
2.000286
2.000334
2.000377
2.000410
2.000437
2.000454
2.000465
2.000468
2.000466
2.000455
2.000441
2.000420
2.000396
2.000366
2.000335
2.000300
2.000265
2.000226
2.000189
2.000150
2.000114
2.000077
2.000043
2.000009
1.999979
1.999950
1.999925
1.999902
1.999883
1.999866
1.999854
1.999843
1.999837
1.999832
1.999831
1.999832
1.999836
1.999842
1.999850
1.999859
1.999870
1.999882
1.999896
1.999909
1.999923
1.999937
1.999952
1.999965
1.999979
1.999992
2.000004
2.000015
2.000026
2.000035
2.000043
2.000050
2.000056
2.000060
2.000064
2.000065
2.000067
2.000067
2.000066
2.000064
2.000062
2.000059
2.000055
2.000051
2.000046
2.000041
2.000036
2.000031
2.000026
2.000020
2.000015
2.000010
2.000006
2.000001
1.999997
1.999993
1.999990
1.999987
1.999985
1.999982
1.999981
1.999980
1.999979
1.999978
1.999979
1.999979
1.999979
1.999980
1.999981
1.999982
1.999984
1.999985
1.999987
1.999989
1.999991
1.999992
1.999994
1.999996
1.999998
1.999999
2.000001
2.000002
2.000003
2.000004
2.000005
2.000006
2.000007
2.000007
2.000008
2.000008
2.000008
2.000008
2.000008
2.000007
2.000007
2.000007
2.000006
2.000006
2.000005
2.000005
2.000004
2.000003
2.000003
2.000002
2.000002
2.000001
2.000001
2.000000
2.000000
1.999999
1.999999
1.999999
1.999998
1.999998
1.999998
1.999998
1.999998
1.999998
1.999998
1.999998
1.999998
1.999998
1.999998
1.999998
1.999998
1.999999
1.999999
1.999999
1.999999
1.999999
1.999999
2.000000
2.000000
2.000000
2.000000
2.000000
2.000000
2.000000
2.000001
2.000001
2.000001
2.000001
2.000001
2.000001
2.000001
2.000001
2.000001
2.000001
2.000001
2.000001
2.000001
2.000001
2.000000
2.000000
2.000000
2.000000
2.000000
2.000000
2.000000
2.000000
2.000000
2.000000
2.000000
2.000000
2.000000
2.000000
2.000000
2.000000
2.000000
2.000000
2.000000
2.000000
2.000000
2.000000
2.000000
2.000000
2.000000
2.000000
2.000000
2.000000
2.000000
2.000000
2.000000
2.000000
2.000000
2.000000
2.000000
2.000000
2.000000
2.000000
2.000000
2.000000
2.000000
2.000000
2.000000
2.000000
2.000000
2.000000
2.000000
2.000000
2.000000
2.000000
2.000000
2.000000
2.000000
2.000000
2.000000
2.000000
2.000000
2.000000
2.000000
2.000000
2.000000
2.000000
2.000000
2.000000
2.000000
2.000000
2.000000
2.000000
2.000000
2.000000
2.000000
2.000000
2.000000
2.000000
2.000000
2.000000
2.000000
2.000000
2.000000
2.000000
2.000000
2.000000
2.000000
2.000000
2.000000
2.000000
2.000000
2.000000
2.000000
2.000000
2.000000
2.000000
2.000000
2.000000
2.000000
2.000000
2.000000
2.000000
2.000000
2.000000
2.000000
2.000000
2.000000
2.000000
2.000000
2.000000
2.000000
2.000000
2.000000
2.000000
2.000000
2.000000
2.000000
2.000000
2.000000
2.000000
2.000000
2.000000
2.000000
2.000000
2.000000
2.000000
2.000000
2.000000
2.000000
2.000000
2.000000
2.000000
2.000000
2.000000
2.000000
2.000000
2.000000
2.000000
2.000000
2.000000
2.000000
2.000000
2.000000
2.000000
2.000000
2.000000
2.000000
2.000000
2.000000
2.000000
2.000000
2.000000
2.000000
2.000000
2.000000
2.000000
2.000000
2.000000
2.000000
2.000000
2.000000
2.000000
2.000000
2.000000
2.000000
2.000000
2.000000
2.000000
2.000000
2.000000
2.000000
2.000000
2.000000
2.000000
2.000000
2.000000
2.000000
2.000000
2.000000
2.000000
2.000000
2.000000
2.000000
2.000000
2.000000
2.000000
2.000000
2.000000
2.000000
2.000000
2.000000
2.000000
2.000000
2.000000
2.000000
2.000000
2.000000
2.000000
2.000000
2.000000
2.000000
2.000000
2.000000
2.000000
2.000000
2.000000
2.000000
2.000000
2.000000
2.000000
2.000000
2.000000
2.000000
2.000000
2.000000
2.000000
2.000000
2.000000
2.000000
2.000000
2.000000
2.000000
2.000000
2.000000
2.000000
2.000000
2.000000
2.000000
2.000000
2.000000
2.000000
2.000000
2.000000
2.000000
2.000000
2.000000
2.000000
2.000000
2.000000
2.000000
2.000000
2.000000
2.000000
2.000000
2.000000
2.000000
2.000000
2.000000
2.000000
2.000000
2.000000
2.000000
2.000000
2.000000
2.000000
2.000000
2.000000
2.000000
2.000000
2.000000
2.000000
2.000000
2.000000
2.000000
2.000000
2.000000
2.000000
2.000000
2.000000
2.000000
2.000000
2.000000
2.000000
2.000000
2.000000
2.000000
2.000000
2.000000
2.000000
2.000000
2.000000
2.000000
2.000000
2.000000
2.000000
2.000000
2.000000
2.000000
2.000000
2.000000
2.000000
2.000000
2.000000
2.000000
2.000000
2.000000
2.000000
2.000000
2.000000
2.000000
2.000000
2.000000
2.000000
2.000000
2.000000
2.000000
2.000000
2.000000
2.000000
2.000000
2.000000
2.000000
2.000000
2.000000
2.000000
2.000000
2.000000
2.000000
2.000000
2.000000
2.000000
2.000000
2.000000
2.000000
2.000000
2.000000
2.000000
2.000000
2.000000
2.000000
2.000000
2.000000
2.000000
2.000000
2.000000
2.000000
2.000000
2.000000
2.000000
