1.995400
1.976521
1.967798
1.967798
1.976521
1.995400
2.017052
2.043500
2.068359
2.094183
2.115495
2.135323
2.149011
2.160003
2.164367
2.165872
2.161179
2.154245
2.142159
2.128902
2.111813
2.094732
2.075104
2.056512
2.036420
2.018098
1.999014
1.982129
1.964949
1.950163
1.935363
1.923009
1.910821
1.901060
1.891597
1.884511
1.877832
1.873465
1.869601
1.867971
1.866925
1.868028
1.869783
1.873595
1.878111
1.884584
1.891792
1.900842
1.910625
1.922104
1.934264
1.947919
1.962119
1.977531
1.993244
2.009771
2.026222
2.042967
2.059130
2.074960
2.089611
2.103256
2.115112
2.125335
2.133252
2.139058
2.142238
2.143073
2.141226
2.137086
2.130491
2.121924
2.111366
2.099357
2.085967
2.071742
2.056785
2.041600
2.026280
2.011252
1.996572
1.982578
1.969283
1.956942
1.945528
1.935230
1.925993
1.917955
1.911050
1.905377
1.900866
1.897588
1.895475
1.894579
1.894832
1.896269
1.898824
1.902515
1.907273
1.913098
1.919914
1.927700
1.936366
1.945864
1.956084
1.966946
1.978314
1.990070
2.002050
2.014101
2.026033
2.037664
2.048788
2.059216
2.068744
2.077196
2.084397
2.090212
2.094521
2.097250
2.098354
2.097834
2.095724
2.092102
2.087076
2.080785
2.073388
2.065066
2.056005
2.046397
2.036431
2.026288
2.016138
2.006137
1.996423
1.987118
1.978326
1.970135
1.962617
1.955830
1.949819
1.944619
1.940253
1.936737
1.934078
1.932278
1.931331
1.931227
1.931948
1.933473
1.935775
1.938820
1.942570
1.946980
1.951999
1.957569
1.963624
1.970093
1.976898
1.983953
1.991166
1.998441
2.005677
2.012769
2.019615
2.026110
2.032153
2.037652
2.042521
2.046683
2.050077
2.052655
2.054386
2.055254
2.055263
2.054432
2.052796
2.050407
2.047327
2.043632
2.039404
2.034733
2.029710
2.024429
2.018982
2.013461
2.007949
2.002526
1.997266
1.992234
1.987489
1.983081
1.979054
1.975442
1.972276
1.969576
1.967359
1.965633
1.964404
1.963670
1.963424
1.963655
1.964348
1.965482
1.967034
1.968976
1.971275
1.973896
1.976800
1.979945
1.983288
1.986781
1.990375
1.994022
1.997669
2.001268
2.004768
2.008122
2.011284
2.014211
2.016865
2.019212
2.021223
2.022877
2.024157
2.025052
2.025559
2.025683
2.025432
2.024822
2.023875
2.022617
2.021077
2.019289
2.017291
2.015119
2.012813
2.010412
2.007955
2.005480
2.003024
2.000619
1.998298
1.996090
1.994020
1.992111
1.990383
1.988850
1.987526
1.986421
1.985540
1.984887
1.984461
1.984261
1.984280
1.984511
1.984944
1.985565
1.986361
1.987315
1.988410
1.989626
1.990944
1.992342
1.993799
1.995293
1.996803
1.998308
1.999786
2.001217
2.002584
2.003869
2.005055
2.006131
2.007083
2.007902
2.008582
2.009116
2.009503
2.009742
2.009835
2.009787
2.009603
2.009291
2.008862
2.008325
2.007693
2.006980
2.006198
2.005363
2.004487
2.003586
2.002673
2.001762
2.000865
1.999995
1.999163
1.998378
1.997650
1.996986
1.996393
1.995875
1.995437
1.995082
1.994810
1.994622
1.994517
1.994492
1.994545
1.994672
1.994868
1.995127
1.995443
1.995810
1.996219
1.996665
1.997138
1.997632
1.998138
1.998649
1.999158
1.999657
2.000140
2.000601
2.001034
2.001434
2.001797
2.002119
2.002398
2.002632
2.002819
2.002958
2.003050
2.003095
2.003095
2.003052
2.002968
2.002847
2.002693
2.002507
2.002296
2.002063
2.001812
2.001548
2.001275
2.000998
2.000720
2.000446
2.000180
1.999924
1.999681
1.999456
1.999249
1.999063
1.998900
1.998760
1.998645
1.998555
1.998490
1.998449
1.998433
1.998439
1.998468
1.998516
1.998584
1.998668
1.998767
1.998879
1.999001
1.999131
1.999267
1.999407
1.999548
1.999689
1.999827
1.999961
2.000089
2.000209
2.000321
2.000422
2.000513
2.000591
2.000658
2.000711
2.000753
2.000781
2.000797
2.000802
2.000795
2.000777
2.000749
2.000712
2.000668
2.000616
2.000559
2.000497
2.000432
2.000364
2.000294
2.000225
2.000156
2.000089
2.000024
1.999963
1.999906
1.999853
1.999806
1.999764
1.999728
1.999698
1.999673
1.999655
1.999643
1.999637
1.999636
1.999641
1.999651
1.999665
1.999683
1.999705
1.999729
1.999756
1.999786
1.999816
1.999848
1.999880
1.999912
1.999943
1.999974
2.000003
2.000030
2.000056
2.000079
2.000100
2.000118
2.000133
2.000146
2.000156
2.000163
2.000168
2.000170
2.000169
2.000166
2.000161
2.000154
2.000145
2.000135
2.000123
2.000111
2.000098
2.000084
2.000069
2.000055
2.000041
2.000027
2.000014
2.000001
1.999989
1.999978
1.999968
1.999960
1.999952
1.999945
1.999940
1.999936
1.999933
1.999932
1.999931
1.999931
1.999933
1.999935
1.999938
1.999942
1.999947
1.999952
1.999957
1.999963
1.999969
1.999974
1.999980
1.999986
1.999992
1.999997
2.000002
2.000007
2.000012
2.000016
2.000019
2.000022
2.000024
2.000026
2.000028
2.000029
2.000029
2.000029
2.000029
2.000028
2.000027
2.000026
2.000024
2.000022
2.000020
2.000018
2.000016
2.000013
2.000011
2.000008
2.000006
2.000004
2.000002
2.000000
1.999998
1.999996
1.999995
1.999993
1.999992
1.999991
1.999990
1.999990
1.999989
1.999989
1.999989
1.999990
1.999990
1.999990
1.999991
1.999991
1.999992
1.999993
1.999994
1.999995
1.999996
1.999997
1.999997
1.999998
1.999999
2.000000
2.000001
2.000001
2.000002
2.000002
2.000003
2.000003
2.000004
2.000004
2.000004
2.000004
2.000004
2.000004
2.000004
2.000004
2.000004
2.000004
2.000003
2.000003
2.000003
2.000002
2.000002
2.000002
2.000001
2.000001
2.000001
2.000000
2.000000
2.000000
2.000000
1.999999
1.999999
1.999999
1.999999
1.999999
1.999999
1.999999
1.999999
1.999999
1.999999
1.999999
1.999999
1.999999
1.999999
1.999999
1.999999
1.999999
1.999999
1.999999
2.000000
2.000000
2.000000
2.000000
2.000000
2.000000
2.000000
2.000000
2.000000
2.000000
2.000000
2.000000
2.000000
2.000000
2.000000
2.000000
2.000000
2.000000
2.000000
2.000000
2.000000
2.000000
2.000000
2.000000
2.000000
2.000000
2.000000
2.000000
2.000000
2.000000
2.000000
2.000000
2.000000
2.000000
2.000000
2.000000
2.000000
2.000000
2.000000
2.000000
2.000000
2.000000
2.000000
2.000000
2.000000
2.000000
2.000000
2.000000
2.000000
2.000000
2.000000
2.000000
2.000000
2.000000
2.000000
2.000000
2.000000
2.000000
2.000000
2.000000
2.000000
2.000000
2.000000
2.000000
2.000000
2.000000
2.000000
2.000000
2.000000
2.000000
2.000000
2.000000
2.000000
2.000000
2.000000
2.000000
2.000000
2.000000
2.000000
2.000000
2.000000
2.000000
2.000000
2.000000
2.000000
2.000000
2.000000
2.000000
2.000000
2.000000
2.000000
2.000000
2.000000
2.000000
2.000000
2.000000
2.000000
2.000000
2.000000
2.000000
2.000000
2.000000
2.000000
2.000000
2.000000
2.000000
2.000000
2.000000
2.000000
2.000000
2.000000
2.000000
2.000000
2.000000
2.000000
2.000000
2.000000
2.000000
2.000000
2.000000
2.000000
2.000000
2.000000
2.000000
2.000000
2.000000
2.000000
2.000000
2.000000
2.000000
2.000000
2.000000
2.000000
2.000000
2.000000
2.000000
2.000000
2.000000
2.000000
2.000000
2.000000
2.000000
2.000000
2.000000
2.000000
2.000000
2.000000
2.000000
2.000000
2.000000
2.000000
2.000000
2.000000
2.000000
2.000000
2.000000
2.000000
2.000000
2.000000
2.000000
2.000000
2.000000
2.000000
2.000000
2.000000
2.000000
2.000000
2.000000
2.000000
2.000000
2.000000
2.000000
2.000000
2.000000
2.000000
2.000000
2.000000
2.000000
2.000000
2.000000
2.000000
2.000000
2.000000
2.000000
2.000000
2.000000
2.000000
2.000000
2.000000
2.000000
2.000000
2.000000
2.000000
2.000000
2.000000
2.000000
2.000000
2.000000
2.000000
2.000000
2.000000
2.000000
2.000000
2.000000
2.000000
2.000000
2.000000
2.000000
2.000000
2.000000
2.000000
2.000000
2.000000
2.000000
2.000000
2.000000
2.000000
2.000000
2.000000
2.000000
2.000000
2.000000
2.000000
2.000000
2.000000
2.000000
2.000000
2.000000
2.000000
2.000000
2.000000
2.000000
2.000000
2.000000
2.000000
2.000000
2.000000
2.000000
2.000000
2.000000
2.000000
2.000000
2.000000
2.000000
2.000000
2.000000
2.000000
2.000000
2.000000
2.000000
2.000000
2.000000
2.000000
2.000000
2.000000
2.000000
2.000000
2.000000
2.000000
2.000000
2.000000
2.000000
2.000000
2.000000
2.000000
2.000000
2.000000
2.000000
2.000000
2.000000
2.000000
2.000000
2.000000
2.000000
2.000000
2.000000
2.000000
2.000000
2.000000
2.000000
2.000000
2.000000
2.000000
2.000000
2.000000
2.000000
2.000000
2.000000
2.000000
2.000000
2.000000
2.000000
2.000000
2.000000
2.000000
2.000000
2.000000
2.000000
2.000000
2.000000
2.000000
2.000000
2.000000
2.000000
2.000000
2.000000
2.000000
2.000000
2.000000
2.000000
2.000000
2.000000
2.000000
2.000000
2.000000
2.000000
2.000000
2.000000
2.000000
2.000000
2.000000
2.000000
2.000000
2.000000
2.000000
2.000000
2.000000
2.000000
2.000000
2.000000
2.000000
2.000000
2.000000
2.000000
2.000000
2.000000
2.000000
2.000000
2.000000
2.000000
2.000000
2.000000
2.000000
2.000000
2.000000
2.000000
2.000000
2.000000
2.000000
2.000000
2.000000
2.000000
2.000000
2.000000
2.000000
2.000000
2.000000
2.000000
2.000000
2.000000
2.000000
2.000000
2.000000
2.000000
2.000000
2.000000
2.000000
2.000000
2.000000
2.000000
2.000000
2.000000
2.000000
2.000000
2.000000
2.000000
2.000000
2.000000
2.000000
2.000000
2.000000
2.000000
2.000000
2.000000
2.000000
2.000000
2.000000
2.000000
2.000000
2.000000
2.000000
2.000000
2.000000
2.000000
2.000000
2.000000
2.000000
2.000000
2.000000
2.000000
2.000000
2.000000
2.000000
2.000000
2.000000
2.000000
2.000000
2.000000
2.000000
2.000000
2.000000
2.000000
2.000000
2.000000
2.000000
