2.002682
1.973498
1.958885
1.958885
1.973498
2.002682
2.038763
2.082231
2.126125
2.171467
2.212043
2.249503
2.278486
2.301398
2.313820
2.318973
2.313375
2.301000
2.279166
2.252400
2.218562
2.182428
2.142070
2.102169
2.060696
2.021952
1.983597
1.949407
1.916684
1.888691
1.862479
1.840921
1.820985
1.805307
1.790926
1.780349
1.770783
1.764654
1.759371
1.757281
1.756001
1.757783
1.760438
1.766113
1.772801
1.782534
1.793477
1.807538
1.823035
1.841737
1.862069
1.885623
1.910864
1.939147
1.968892
2.001153
2.034227
2.068837
2.103128
2.137525
2.170072
2.201007
2.228394
2.252453
2.271436
2.285724
2.293912
2.296682
2.293067
2.284114
2.269301
2.250007
2.226072
2.199090
2.169113
2.137778
2.105178
2.072828
2.040713
2.010106
1.980804
1.953797
1.928695
1.906231
1.885881
1.868196
1.852593
1.839510
1.828373
1.819564
1.812556
1.807704
1.804546
1.803420
1.803930
1.806399
1.810487
1.816497
1.824139
1.833688
1.844884
1.857963
1.872676
1.889198
1.907261
1.926955
1.947957
1.970244
1.993409
2.017302
2.041417
2.065483
2.088918
2.111363
2.132211
2.151088
2.167433
2.180941
2.191179
2.197989
2.201127
2.200633
2.196486
2.188930
2.178151
2.164567
2.148518
2.130526
2.111009
2.090509
2.069442
2.048297
2.027420
2.007200
1.987877
1.969722
1.952869
1.937480
1.923601
1.911312
1.900603
1.891502
1.883967
1.878001
1.873550
1.870607
1.869118
1.869070
1.870413
1.873130
1.877171
1.882513
1.889099
1.896893
1.905825
1.915835
1.926831
1.938725
1.951390
1.964702
1.978497
1.992611
2.006845
2.021000
2.034849
2.048174
2.060741
2.072333
2.082734
2.091757
2.099233
2.105031
2.109051
2.111241
2.111584
2.110113
2.106896
2.102046
2.095705
2.088047
2.079262
2.069562
2.059160
2.048273
2.037110
2.025872
2.014742
2.003887
1.993453
1.983567
1.974333
1.965838
1.958149
1.951316
1.945376
1.940353
1.936259
1.933097
1.930863
1.929545
1.929124
1.929577
1.930874
1.932981
1.935858
1.939459
1.943734
1.948626
1.954070
1.959999
1.966337
1.973003
1.979910
1.986969
1.994083
2.001156
2.008088
2.014784
2.021145
2.027082
2.032509
2.037350
2.041537
2.045016
2.047745
2.049695
2.050854
2.051222
2.050816
2.049666
2.047814
2.045316
2.042235
2.038644
2.034620
2.030244
2.025602
2.020776
2.015848
2.010897
2.005998
2.001219
1.996622
1.992264
1.988194
1.984452
1.981075
1.978090
1.975519
1.973375
1.971669
1.970404
1.969578
1.969184
1.969211
1.969643
1.970462
1.971643
1.973161
1.974985
1.977083
1.979421
1.981961
1.984664
1.987491
1.990401
1.993351
1.996301
1.999211
2.002041
2.004753
2.007314
2.009689
2.011852
2.013776
2.015441
2.016830
2.017933
2.018743
2.019257
2.019478
2.019414
2.019077
2.018481
2.017647
2.016595
2.015351
2.013942
2.012394
2.010737
2.009000
2.007212
2.005400
2.003592
2.001814
2.000090
1.998440
1.996886
1.995445
1.994130
1.992955
1.991930
1.991062
1.990355
1.989812
1.989433
1.989217
1.989159
1.989253
1.989491
1.989865
1.990363
1.990974
1.991684
1.992480
1.993347
1.994271
1.995237
1.996229
1.997234
1.998235
1.999220
2.000176
2.001089
2.001950
2.002747
2.003473
2.004119
2.004681
2.005153
2.005533
2.005819
2.006011
2.006110
2.006120
2.006044
2.005887
2.005655
2.005355
2.004994
2.004580
2.004122
2.003629
2.003109
2.002570
2.002022
2.001473
2.000931
2.000402
1.999894
1.999413
1.998965
1.998553
1.998183
1.997857
1.997577
1.997346
1.997164
1.997031
1.996947
1.996910
1.996919
1.996971
1.997063
1.997192
1.997355
1.997547
1.997765
1.998003
1.998259
1.998526
1.998801
1.999079
1.999357
1.999631
1.999896
2.000150
2.000389
2.000610
2.000813
2.000994
2.001151
2.001285
2.001394
2.001479
2.001538
2.001573
2.001584
2.001572
2.001539
2.001487
2.001416
2.001330
2.001229
2.001117
2.000996
2.000867
2.000733
2.000596
2.000459
2.000323
2.000190
2.000062
1.999940
1.999827
1.999722
1.999627
1.999543
1.999470
1.999409
1.999360
1.999323
1.999298
1.999284
1.999282
1.999290
1.999308
1.999335
1.999369
1.999412
1.999460
1.999513
1.999570
1.999630
1.999692
1.999756
1.999819
1.999881
1.999941
1.999999
2.000054
2.000104
2.000151
2.000192
2.000229
2.000260
2.000286
2.000307
2.000321
2.000331
2.000335
2.000335
2.000329
2.000320
2.000306
2.000289
2.000269
2.000247
2.000222
2.000196
2.000169
2.000141
2.000112
2.000084
2.000057
2.000031
2.000005
1.999982
1.999960
1.999940
1.999922
1.999907
1.999894
1.999883
1.999875
1.999869
1.999865
1.999864
1.999864
1.999867
1.999871
1.999878
1.999885
1.999894
1.999903
1.999914
1.999925
1.999936
1.999948
1.999960
1.999971
1.999983
1.999993
2.000004
2.000013
2.000022
2.000030
2.000037
2.000043
2.000048
2.000052
2.000055
2.000057
2.000058
2.000058
2.000058
2.000056
2.000054
2.000051
2.000048
2.000044
2.000040
2.000036
2.000031
2.000027
2.000022
2.000017
2.000013
2.000008
2.000004
2.000000
1.999996
1.999993
1.999990
1.999987
1.999985
1.999983
1.999981
1.999980
1.999979
1.999979
1.999979
1.999979
1.999980
1.999981
1.999982
1.999983
1.999984
1.999986
1.999988
1.999989
1.999991
1.999993
1.999995
1.999996
1.999998
2.000000
2.000001
2.000002
2.000004
2.000005
2.000006
2.000006
2.000007
2.000008
2.000008
2.000008
2.000008
2.000008
2.000008
2.000008
2.000007
2.000007
2.000007
2.000006
2.000005
2.000005
2.000004
2.000003
2.000003
2.000002
2.000002
2.000001
2.000000
2.000000
1.999999
1.999999
1.999999
1.999998
1.999998
1.999998
1.999998
1.999997
1.999997
1.999997
1.999997
1.999997
1.999997
1.999998
1.999998
1.999998
1.999998
1.999998
1.999999
1.999999
1.999999
1.999999
1.999999
2.000000
2.000000
2.000000
2.000000
2.000000
2.000000
2.000001
2.000001
2.000001
2.000001
2.000001
2.000001
2.000001
2.000001
2.000001
2.000001
2.000001
2.000001
2.000001
2.000001
2.000001
2.000001
2.000001
2.000000
2.000000
2.000000
2.000000
2.000000
2.000000
2.000000
2.000000
2.000000
2.000000
2.000000
2.000000
2.000000
2.000000
2.000000
2.000000
2.000000
2.000000
2.000000
2.000000
2.000000
2.000000
2.000000
2.000000
2.000000
2.000000
2.000000
2.000000
2.000000
2.000000
2.000000
2.000000
2.000000
2.000000
2.000000
2.000000
2.000000
2.000000
2.000000
2.000000
2.000000
2.000000
2.000000
2.000000
2.000000
2.000000
2.000000
2.000000
2.000000
2.000000
2.000000
2.000000
2.000000
2.000000
2.000000
2.000000
2.000000
2.000000
2.000000
2.000000
2.000000
2.000000
2.000000
2.000000
2.000000
2.000000
2.000000
2.000000
2.000000
2.000000
2.000000
2.000000
2.000000
2.000000
2.000000
2.000000
2.000000
2.000000
2.000000
2.000000
2.000000
2.000000
2.000000
2.000000
2.000000
2.000000
2.000000
2.000000
2.000000
2.000000
2.000000
2.000000
2.000000
2.000000
2.000000
2.000000
2.000000
2.000000
2.000000
2.000000
2.000000
2.000000
2.000000
2.000000
2.000000
2.000000
2.000000
2.000000
2.000000
2.000000
2.000000
2.000000
2.000000
2.000000
2.000000
2.000000
2.000000
2.000000
2.000000
2.000000
2.000000
2.000000
2.000000
2.000000
2.000000
2.000000
2.000000
2.000000
2.000000
2.000000
2.000000
2.000000
2.000000
2.000000
2.000000
2.000000
2.000000
2.000000
2.000000
2.000000
2.000000
2.000000
2.000000
2.000000
2.000000
2.000000
2.000000
2.000000
2.000000
2.000000
2.000000
2.000000
2.000000
2.000000
2.000000
2.000000
2.000000
2.000000
2.000000
2.000000
2.000000
2.000000
2.000000
2.000000
2.000000
2.000000
2.000000
2.000000
2.000000
2.000000
2.000000
2.000000
2.000000
2.000000
2.000000
2.000000
2.000000
2.000000
2.000000
2.000000
2.000000
2.000000
2.000000
2.000000
2.000000
2.000000
2.000000
2.000000
2.000000
2.000000
2.000000
2.000000
2.000000
2.000000
2.000000
2.000000
2.000000
2.000000
2.000000
2.000000
2.000000
2.000000
2.000000
2.000000
2.000000
2.000000
2.000000
2.000000
2.000000
2.000000
2.000000
2.000000
2.000000
2.000000
2.000000
2.000000
2.000000
2.000000
2.000000
2.000000
2.000000
2.000000
2.000000
2.000000
2.000000
2.000000
2.000000
2.000000
2.000000
2.000000
2.000000
2.000000
2.000000
2.000000
2.000000
2.000000
2.000000
2.000000
2.000000
2.000000
2.000000
2.000000
2.000000
2.000000
2.000000
2.000000
2.000000
2.000000
2.000000
2.000000
2.000000
2.000000
2.000000
2.000000
2.000000
2.000000
2.000000
2.000000
2.000000
2.000000
2.000000
2.000000
2.000000
2.000000
2.000000
2.000000
2.000000
2.000000
2.000000
2.000000
2.000000
2.000000
2.000000
2.000000
2.000000
2.000000
2.000000
2.000000
2.000000
2.000000
2.000000
2.000000
2.000000
2.000000
2.000000
2.000000
2.000000
2.000000
2.000000
2.000000
2.000000
2.000000
2.000000
2.000000
2.000000
2.000000
2.000000
2.000000
2.000000
2.000000
2.000000
2.000000
2.000000
2.000000
2.000000
2.000000
2.000000
2.000000
2.000000
2.000000
2.000000
2.000000
2.000000
2.000000
2.000000
2.000000
2.000000
2.000000
2.000000
2.000000
2.000000
2.000000
2.000000
2.000000
2.000000
2.000000
2.000000
2.000000
2.000000
2.000000
2.000000
2.000000
2.000000
2.000000
2.000000
2.000000
2.000000
2.000000
2.000000
2.000000
2.000000
2.000000
2.000000
2.000000
2.000000
2.000000
2.000000
2.000000
2.000000
2.000000
2.000000
2.000000
2.000000
2.000000
2.000000
2.000000
2.000000
2.000000
2.000000
2.000000
2.000000
2.000000
2.000000
2.000000
2.000000
2.000000
2.000000
2.000000
2.000000
2.000000
2.000000
2.000000
2.000000
2.000000
2.000000
2.000000
2.000000
2.000000
2.000000
2.000000
2.000000
2.000000
2.000000
2.000000
2.000000
2.000000
2.000000
2.000000
2.000000
