2.070029
2.009666
1.975652
1.975652
2.009666
2.070029
2.148851
2.239394
2.334679
2.429204
2.517242
2.594811
2.657718
2.703695
2.730247
2.736891
2.722836
2.689306
2.637059
2.568783
2.486454
2.393811
2.293545
2.189864
2.085514
1.984472
1.888810
1.801597
1.723632
1.656668
1.600037
1.554269
1.517562
1.489761
1.468566
1.453767
1.443103
1.436709
1.432630
1.431463
1.431608
1.434095
1.437657
1.443714
1.451331
1.462314
1.476083
1.494819
1.518273
1.548883
1.586519
1.633534
1.689474
1.756066
1.831982
1.917841
2.011112
2.111183
2.214427
2.319318
2.421603
2.519416
2.608490
2.687221
2.751878
2.801612
2.833635
2.848165
2.843587
2.821329
2.780992
2.725175
2.654573
2.572741
2.481171
2.383998
2.283061
2.182556
2.084110
1.991399
1.905283
1.828434
1.760592
1.703242
1.655040
1.616512
1.585634
1.562462
1.544817
1.532748
1.524302
1.519779
1.517605
1.518392
1.520949
1.526160
1.533167
1.543062
1.555265
1.571019
1.589952
1.613379
1.641033
1.674164
1.712431
1.756816
1.806677
1.862513
1.923181
1.988565
2.056953
2.127644
2.198462
2.268319
2.334827
2.396806
2.451964
2.499340
2.537026
2.564539
2.580565
2.585266
2.578033
2.559728
2.530449
2.491708
2.444200
2.389930
2.329992
2.266640
2.201099
2.135582
2.071151
2.009701
1.951883
1.899073
1.851388
1.809630
1.773412
1.743066
1.717861
1.697851
1.682175
1.670802
1.662915
1.658538
1.656994
1.658420
1.662308
1.668913
1.677876
1.689534
1.703634
1.720544
1.740054
1.762501
1.787643
1.815715
1.846375
1.879689
1.915154
1.952627
1.991417
2.031174
2.071040
2.110506
2.148615
2.184786
2.218063
2.247908
2.273478
2.294384
2.309994
2.320157
2.324520
2.323215
2.316195
2.303879
2.286504
2.264739
2.239039
2.210243
2.178937
2.146025
2.112117
2.078076
2.044437
2.011934
1.980951
1.952037
1.925396
1.901382
1.880023
1.861507
1.845731
1.832762
1.822419
1.814705
1.809408
1.806508
1.805799
1.807261
1.810707
1.816126
1.823349
1.832366
1.843015
1.855273
1.868967
1.884045
1.900307
1.917656
1.935852
1.954749
1.974065
1.993605
2.013053
2.032179
2.050652
2.068232
2.084596
2.099523
2.112730
2.124046
2.133255
2.140259
2.144931
2.147265
2.147233
2.144923
2.140403
2.133852
2.125418
2.115349
2.103854
2.091220
2.077689
2.063559
2.049071
2.034510
2.020091
2.006062
1.992596
1.979888
1.968062
1.957257
1.947544
1.939012
1.931686
1.925610
1.920773
1.917186
1.914809
1.913627
1.913584
1.914644
1.916736
1.919811
1.923788
1.928603
1.934166
1.940402
1.947211
1.954509
1.962185
1.970147
1.978279
1.986483
1.994642
2.002655
2.010409
2.017809
2.024752
2.031156
2.036933
2.042021
2.046354
2.049893
2.052602
2.054468
2.055483
2.055665
2.055032
2.053627
2.051498
2.048707
2.045320
2.041419
2.037080
2.032394
2.027444
2.022320
2.017106
2.011885
2.006733
2.001726
1.996926
1.992396
1.988183
1.984333
1.980881
1.977856
1.975277
1.973159
1.971506
1.970319
1.969591
1.969312
1.969462
1.970023
1.970967
1.972266
1.973887
1.975797
1.977957
1.980330
1.982875
1.985551
1.988318
1.991134
1.993960
1.996758
1.999488
2.002117
2.004612
2.006943
2.009083
2.011011
2.012706
2.014155
2.015346
2.016272
2.016931
2.017325
2.017459
2.017343
2.016989
2.016412
2.015632
2.014668
2.013544
2.012283
2.010910
2.009450
2.007928
2.006370
2.004800
2.003241
2.001714
2.000241
1.998838
1.997524
1.996311
1.995212
1.994237
1.993393
1.992685
1.992116
1.991688
1.991398
1.991244
1.991221
1.991324
1.991543
1.991871
1.992298
1.992811
1.993401
1.994055
1.994761
1.995506
1.996278
1.997065
1.997855
1.998637
1.999400
2.000134
2.000831
2.001482
2.002081
2.002621
2.003098
2.003509
2.003850
2.004120
2.004319
2.004448
2.004509
2.004503
2.004435
2.004310
2.004130
2.003903
2.003634
2.003328
2.002993
2.002634
2.002258
2.001872
2.001480
2.001090
2.000707
2.000335
1.999980
1.999646
1.999336
1.999053
1.998799
1.998578
1.998390
1.998235
1.998115
1.998029
1.997976
1.997955
1.997965
1.998003
1.998068
1.998158
1.998268
1.998398
1.998543
1.998701
1.998869
1.999044
1.999222
1.999402
1.999580
1.999755
1.999923
2.000083
2.000233
2.000371
2.000496
2.000607
2.000703
2.000784
2.000850
2.000899
2.000934
2.000953
2.000958
2.000949
2.000927
2.000894
2.000850
2.000797
2.000737
2.000669
2.000596
2.000520
2.000441
2.000360
2.000280
2.000201
2.000124
2.000050
1.999980
1.999915
1.999856
1.999802
1.999755
1.999714
1.999680
1.999653
1.999633
1.999620
1.999612
1.999612
1.999616
1.999626
1.999641
1.999661
1.999684
1.999710
1.999739
1.999769
1.999802
1.999835
1.999868
1.999902
1.999934
1.999966
1.999996
2.000024
2.000050
2.000074
2.000095
2.000114
2.000129
2.000142
2.000152
2.000160
2.000164
2.000166
2.000166
2.000163
2.000158
2.000151
2.000143
2.000133
2.000122
2.000110
2.000097
2.000084
2.000070
2.000057
2.000043
2.000030
2.000017
2.000006
1.999994
1.999984
1.999975
1.999967
1.999959
1.999953
1.999948
1.999945
1.999942
1.999940
1.999940
1.999940
1.999941
1.999943
1.999946
1.999949
1.999953
1.999957
1.999962
1.999967
1.999972
1.999977
1.999982
1.999987
1.999992
1.999996
2.000001
2.000005
2.000009
2.000012
2.000015
2.000017
2.000019
2.000021
2.000022
2.000023
2.000024
2.000024
2.000023
2.000023
2.000022
2.000021
2.000020
2.000018
2.000016
2.000015
2.000013
2.000011
2.000009
2.000007
2.000005
2.000004
2.000002
2.000000
1.999999
1.999998
1.999996
1.999995
1.999995
1.999994
1.999993
1.999993
1.999993
1.999992
1.999992
1.999992
1.999993
1.999993
1.999993
1.999994
1.999994
1.999995
1.999995
1.999996
1.999997
1.999997
1.999998
1.999999
1.999999
2.000000
2.000000
2.000001
2.000001
2.000002
2.000002
2.000002
2.000002
2.000003
2.000003
2.000003
2.000003
2.000003
2.000003
2.000003
2.000002
2.000002
2.000002
2.000002
2.000002
2.000002
2.000001
2.000001
2.000001
2.000001
2.000001
2.000000
2.000000
2.000000
2.000000
2.000000
2.000000
1.999999
1.999999
1.999999
1.999999
1.999999
1.999999
1.999999
1.999999
1.999999
1.999999
1.999999
1.999999
1.999999
1.999999
1.999999
2.000000
2.000000
2.000000
2.000000
2.000000
2.000000
2.000000
2.000000
2.000000
2.000000
2.000000
2.000000
2.000000
2.000000
2.000000
2.000000
2.000000
2.000000
2.000000
2.000000
2.000000
2.000000
2.000000
2.000000
2.000000
2.000000
2.000000
2.000000
2.000000
2.000000
2.000000
2.000000
2.000000
2.000000
2.000000
2.000000
2.000000
2.000000
2.000000
2.000000
2.000000
2.000000
2.000000
2.000000
2.000000
2.000000
2.000000
2.000000
2.000000
2.000000
2.000000
2.000000
2.000000
2.000000
2.000000
2.000000
2.000000
2.000000
2.000000
2.000000
2.000000
2.000000
2.000000
2.000000
2.000000
2.000000
2.000000
2.000000
2.000000
2.000000
2.000000
2.000000
2.000000
2.000000
2.000000
2.000000
2.000000
2.000000
2.000000
2.000000
2.000000
2.000000
2.000000
2.000000
2.000000
2.000000
2.000000
2.000000
2.000000
2.000000
2.000000
2.000000
2.000000
2.000000
2.000000
2.000000
2.000000
2.000000
2.000000
2.000000
2.000000
2.000000
2.000000
2.000000
2.000000
2.000000
2.000000
2.000000
2.000000
2.000000
2.000000
2.000000
2.000000
2.000000
2.000000
2.000000
2.000000
2.000000
2.000000
2.000000
2.000000
2.000000
2.000000
2.000000
2.000000
2.000000
2.000000
2.000000
2.000000
2.000000
2.000000
2.000000
2.000000
2.000000
2.000000
2.000000
2.000000
2.000000
2.000000
2.000000
2.000000
2.000000
2.000000
2.000000
2.000000
2.000000
2.000000
2.000000
2.000000
2.000000
2.000000
2.000000
2.000000
2.000000
2.000000
2.000000
2.000000
2.000000
2.000000
2.000000
2.000000
2.000000
2.000000
2.000000
2.000000
2.000000
2.000000
2.000000
2.000000
2.000000
2.000000
2.000000
2.000000
2.000000
2.000000
2.000000
2.000000
2.000000
2.000000
2.000000
2.000000
2.000000
2.000000
2.000000
2.000000
2.000000
2.000000
2.000000
2.000000
2.000000
2.000000
2.000000
2.000000
2.000000
2.000000
2.000000
2.000000
2.000000
2.000000
2.000000
2.000000
2.000000
2.000000
2.000000
2.000000
2.000000
2.000000
2.000000
2.000000
2.000000
2.000000
2.000000
2.000000
2.000000
2.000000
2.000000
2.000000
2.000000
2.000000
2.000000
2.000000
2.000000
2.000000
2.000000
2.000000
2.000000
2.000000
2.000000
2.000000
2.000000
2.000000
2.000000
2.000000
2.000000
2.000000
2.000000
2.000000
2.000000
2.000000
2.000000
2.000000
2.000000
2.000000
2.000000
2.000000
2.000000
2.000000
2.000000
2.000000
2.000000
2.000000
2.000000
2.000000
2.000000
2.000000
2.000000
2.000000
2.000000
2.000000
2.000000
2.000000
2.000000
2.000000
2.000000
2.000000
2.000000
2.000000
2.000000
2.000000
2.000000
2.000000
2.000000
2.000000
2.000000
2.000000
2.000000
2.000000
2.000000
2.000000
2.000000
2.000000
2.000000
2.000000
2.000000
2.000000
2.000000
2.000000
2.000000
2.000000
2.000000
2.000000
2.000000
2.000000
2.000000
2.000000
2.000000
2.000000
2.000000
2.000000
2.000000
2.000000
2.000000
2.000000
2.000000
2.000000
2.000000
2.000000
2.000000
2.000000
2.000000
2.000000
2.000000
2.000000
2.000000
2.000000
2.000000
2.000000
2.000000
2.000000
2.000000
2.000000
2.000000
2.000000
2.000000
2.000000
2.000000
2.000000
2.000000
2.000000
2.000000
2.000000
2.000000
2.000000
2.000000
2.000000
2.000000
2.000000
2.000000
2.000000
2.000000
2.000000
2.000000
2.000000
2.000000
2.000000
2.000000
2.000000
2.000000
2.000000
2.000000
2.000000
2.000000
2.000000
2.000000
2.000000
2.000000
2.000000
2.000000
2.000000
2.000000
2.000000
2.000000
2.000000
