2.153422
2.090884
2.053686
2.053686
2.090884
2.153422
2.233875
2.321719
2.411114
2.493277
2.564239
2.617172
2.650133
2.658359
2.641993
2.598356
2.529646
2.435177
2.319058
2.182386
2.030896
1.867109
1.697936
1.526761
1.360983
1.203984
1.062585
0.938857
0.837507
0.757654
0.700513
0.661616
0.639338
0.627566
0.624452
0.624646
0.627606
0.629374
0.630639
0.628485
0.624384
0.616190
0.606087
0.592974
0.580336
0.569153
0.565512
0.573857
0.603432
0.660710
0.753561
0.883799
1.052460
1.254995
1.487591
1.742611
2.014450
2.294617
2.577273
2.854155
3.119983
3.367324
3.591947
3.787652
3.951592
4.079073
4.168850
4.217903
4.226704
4.193970
4.121901
4.010910
3.864837
3.685654
3.478660
3.247160
2.997639
2.734423
2.464828
2.193805
1.929047
1.675600
1.440906
1.229320
1.046990
0.896178
0.779865
0.696009
0.642419
0.612211
0.599953
0.598165
0.602806
0.609104
0.615782
0.620855
0.625349
0.629601
0.636669
0.649115
0.671857
0.709067
0.766092
0.846288
0.952539
1.084853
1.242439
1.422112
1.620565
1.832881
2.054653
2.280398
2.505533
2.724721
2.933767
3.127924
3.303751
3.457389
3.586388
3.687968
3.760820
3.803346
3.815445
3.796726
3.748282
3.670887
3.566742
3.437669
3.286836
3.116934
2.931891
2.735040
2.530815
2.322907
2.115941
1.913625
1.720394
1.539536
1.374791
1.228449
1.102893
0.998705
0.916236
0.853925
0.810086
0.781668
0.766209
0.760818
0.763848
0.773796
0.790524
0.814097
0.845649
0.886253
0.937536
1.000647
1.076749
1.166184
1.269003
1.384357
1.511101
1.647335
1.791036
1.939643
2.090673
2.241309
2.388981
2.530943
2.664828
2.788207
2.899123
2.995641
3.076357
3.139939
3.185624
3.212741
3.221197
3.210995
3.182696
3.136939
3.074887
2.997740
2.907169
2.804825
2.692767
2.572961
2.447705
2.319119
2.189567
2.061151
1.936112
1.816336
1.703748
1.599823
1.505979
1.423114
1.352007
1.292904
1.245941
1.210798
1.187142
1.174333
1.171844
1.178994
1.195294
1.220170
1.253235
1.294008
1.342120
1.397063
1.458362
1.525363
1.597397
1.673607
1.753116
1.834883
1.917871
2.000925
2.082936
2.162728
2.239218
2.311307
2.378029
2.438448
2.491793
2.537355
2.574615
2.603135
2.622678
2.633100
2.634458
2.626898
2.610759
2.586457
2.554583
2.515781
2.470847
2.420604
2.365989
2.307938
2.247466
2.185545
2.123194
2.061355
2.000971
1.942885
1.887905
1.836711
1.789926
1.748029
1.711431
1.680397
1.655119
1.635661
1.622024
1.614101
1.611737
1.614695
1.622709
1.635450
1.652569
1.673675
1.698360
1.726189
1.756712
1.789461
1.823957
1.859716
1.896245
1.933056
1.969666
2.005605
2.040417
2.073675
2.104975
2.133952
2.160276
2.183667
2.203882
2.220740
2.234101
2.243888
2.250067
2.252669
2.251764
2.247484
2.239993
2.229513
2.216286
2.200606
2.182777
2.163140
2.142037
2.119834
2.096886
2.073561
2.050201
2.027155
2.004728
1.983231
1.962918
1.944040
1.926792
1.911357
1.897859
1.886415
1.877075
1.869888
1.864839
1.861914
1.861040
1.862150
1.865121
1.869845
1.876161
1.883930
1.892963
1.903101
1.914142
1.925916
1.938213
1.950866
1.963669
1.976464
1.989057
2.001306
2.013040
2.024141
2.034462
2.043916
2.052388
2.059823
2.066140
2.071321
2.075317
2.078146
2.079795
2.080312
2.079716
2.078085
2.075462
2.071951
2.067615
2.062576
2.056910
2.050750
2.044179
2.037333
2.030295
2.023199
2.016122
2.009187
2.002459
1.996050
1.990006
1.984422
1.979327
1.974795
1.970835
1.967500
1.964780
1.962709
1.961255
1.960436
1.960203
1.960558
1.961439
1.962834
1.964671
1.966929
1.969528
1.972443
1.975589
1.978939
1.982408
1.985971
1.989545
1.993107
1.996582
1.999953
2.003150
2.006166
2.008939
2.011472
2.013713
2.015674
2.017313
2.018651
2.019657
2.020362
2.020743
2.020839
2.020635
2.020177
2.019457
2.018526
2.017380
2.016074
2.014606
2.013034
2.011357
2.009631
2.007856
2.006087
2.004320
2.002608
2.000943
1.999376
1.997893
1.996539
1.995299
1.994211
1.993253
1.992461
1.991808
1.991324
1.990977
1.990793
1.990737
1.990831
1.991037
1.991374
1.991802
1.992337
1.992937
1.993620
1.994341
1.995118
1.995907
1.996725
1.997531
1.998342
1.999119
1.999879
2.000586
2.001261
2.001867
2.002429
2.002912
2.003343
2.003691
2.003982
2.004190
2.004342
2.004413
2.004434
2.004380
2.004283
2.004121
2.003925
2.003675
2.003403
2.003089
2.002764
2.002409
2.002056
2.001684
2.001325
2.000958
2.000614
2.000271
1.999959
1.999656
1.999389
1.999136
1.998925
1.998730
1.998579
1.998446
1.998355
1.998283
1.998252
1.998237
1.998260
1.998296
1.998365
1.998442
1.998549
1.998659
1.998793
1.998924
1.999075
1.999218
1.999375
1.999520
1.999674
1.999813
1.999957
2.000082
2.000209
2.000314
2.000420
2.000502
2.000584
2.000641
2.000697
2.000729
2.000760
2.000767
2.000775
2.000761
2.000747
2.000714
2.000684
2.000637
2.000593
2.000535
2.000483
2.000419
2.000362
2.000295
2.000239
2.000173
2.000119
2.000058
2.000010
1.999956
1.999916
1.999870
1.999839
1.999804
1.999783
1.999758
1.999747
1.999731
1.999730
1.999724
1.999731
1.999733
1.999747
1.999756
1.999776
1.999790
1.999814
1.999831
1.999857
1.999876
1.999903
1.999922
1.999949
1.999966
1.999991
2.000007
2.000029
2.000042
2.000060
2.000069
2.000084
2.000090
2.000101
2.000103
2.000110
2.000108
2.000112
2.000107
2.000108
2.000100
2.000099
2.000089
2.000086
2.000075
2.000070
2.000059
2.000054
2.000041
2.000036
2.000024
2.000020
2.000009
2.000005
1.999995
1.999992
1.999983
1.999982
1.999974
1.999974
1.999968
1.999969
1.999965
1.999967
1.999964
1.999967
1.999965
1.999969
1.999968
1.999973
1.999972
1.999977
1.999977
1.999983
1.999983
1.999989
1.999989
1.999994
1.999994
2.000000
1.999999
2.000004
2.000004
2.000008
2.000007
2.000011
2.000009
2.000013
2.000011
2.000014
2.000012
2.000014
2.000012
2.000014
2.000011
2.000013
2.000009
2.000011
2.000008
2.000009
2.000006
2.000007
2.000004
2.000005
2.000002
2.000003
2.000000
2.000002
1.999999
2.000000
1.999998
1.999999
1.999997
1.999998
1.999996
1.999998
1.999996
1.999997
1.999995
1.999997
1.999996
1.999998
1.999996
1.999998
1.999996
1.999998
1.999997
1.999999
1.999997
1.999999
1.999998
2.000000
1.999999
2.000001
1.999999
2.000001
2.000000
2.000001
2.000000
2.000002
2.000000
2.000002
2.000000
2.000002
2.000001
2.000002
2.000001
2.000002
2.000000
2.000002
2.000000
2.000002
2.000000
2.000001
2.000000
2.000001
2.000000
2.000001
2.000000
2.000001
2.000000
2.000001
1.999999
2.000001
1.999999
2.000000
1.999999
2.000000
1.999999
2.000000
1.999999
2.000000
1.999999
2.000000
1.999999
2.000000
1.999999
2.000000
1.999999
2.000000
1.999999
2.000000
1.999999
2.000000
1.999999
2.000000
1.999999
2.000000
2.000000
2.000000
2.000000
2.000000
2.000000
2.000000
2.000000
2.000001
2.000000
2.000000
2.000000
2.000000
2.000000
2.000000
2.000000
2.000000
2.000000
2.000000
2.000000
2.000000
2.000000
2.000000
2.000000
2.000000
2.000000
2.000000
2.000000
2.000000
2.000000
2.000000
2.000000
2.000000
2.000000
2.000000
2.000000
2.000000
2.000000
2.000000
2.000000
2.000000
2.000000
2.000000
2.000000
2.000000
2.000000
2.000000
2.000000
2.000000
2.000000
2.000000
2.000000
2.000000
2.000000
2.000000
2.000000
2.000000
2.000000
2.000000
2.000000
2.000000
2.000000
2.000000
2.000000
2.000000
2.000000
2.000000
2.000000
2.000000
2.000000
2.000000
2.000000
2.000000
2.000000
2.000000
2.000000
2.000000
2.000000
2.000000
2.000000
2.000000
2.000000
2.000000
2.000000
2.000000
2.000000
2.000000
2.000000
2.000000
2.000000
2.000000
2.000000
2.000000
2.000000
2.000000
2.000000
2.000000
2.000000
2.000000
2.000000
2.000000
2.000000
2.000000
2.000000
2.000000
2.000000
2.000000
2.000000
2.000000
2.000000
2.000000
2.000000
2.000000
2.000000
2.000000
2.000000
2.000000
2.000000
2.000000
2.000000
2.000000
2.000000
2.000000
2.000000
2.000000
2.000000
2.000000
2.000000
2.000000
2.000000
2.000000
2.000000
2.000000
2.000000
2.000000
2.000000
2.000000
2.000000
2.000000
2.000000
2.000000
2.000000
2.000000
2.000000
2.000000
2.000000
2.000000
2.000000
2.000000
2.000000
2.000000
2.000000
2.000000
2.000000
2.000000
2.000000
2.000000
2.000000
2.000000
2.000000
2.000000
2.000000
2.000000
2.000000
2.000000
2.000000
2.000000
2.000000
2.000000
2.000000
2.000000
2.000000
2.000000
2.000000
2.000000
2.000000
2.000000
2.000000
2.000000
2.000000
2.000000
2.000000
2.000000
2.000000
2.000000
2.000000
2.000000
2.000000
2.000000
2.000000
2.000000
2.000000
2.000000
2.000000
2.000000
2.000000
2.000000
2.000000
2.000000
2.000000
2.000000
2.000000
2.000000
2.000000
2.000000
2.000000
2.000000
2.000000
2.000000
2.000000
2.000000
2.000000
2.000000
2.000000
2.000000
2.000000
2.000000
2.000000
2.000000
2.000000
2.000000
2.000000
2.000000
2.000000
2.000000
2.000000
2.000000
2.000000
2.000000
2.000000
2.000000
2.000000
2.000000
2.000000
2.000000
2.000000
2.000000
2.000000
2.000000
2.000000
2.000000
2.000000
2.000000
2.000000
2.000000
2.000000
2.000000
2.000000
2.000000
2.000000
2.000000
2.000000
2.000000
2.000000
2.000000
2.000000
2.000000
2.000000
2.000000
2.000000
2.000000
2.000000
2.000000
2.000000
2.000000
2.000000
2.000000
2.000000
2.000000
2.000000
2.000000
2.000000
2.000000
2.000000
2.000000
2.000000
2.000000
2.000000
2.000000
2.000000
2.000000
2.000000
2.000000
2.000000
2.000000
2.000000
1.999999
1.999999
1.999999
1.999999
1.999999
1.999999
1.999999
1.999999
1.999999
1.999999
1.999999
