2.161836
2.095692
2.056292
2.056292
2.095692
2.161836
2.247352
2.341001
2.437087
2.526198
2.604585
2.664852
2.705320
2.720695
2.711417
2.674291
2.611828
2.522839
2.411748
2.279155
2.131110
1.969635
1.801959
1.630970
1.464394
1.305156
1.160465
1.032053
0.925202
0.838954
0.775362
0.730098
0.702356
0.685968
0.679523
0.677298
0.678914
0.679957
0.681222
0.679414
0.676152
0.669025
0.660392
0.648949
0.638288
0.629085
0.627228
0.636469
0.665368
0.719558
0.806660
0.928690
1.087380
1.278843
1.499903
1.743335
2.003887
2.273256
2.545792
2.813308
3.070633
3.310360
3.528331
3.718346
3.877611
4.001420
4.088570
4.136021
4.144280
4.112037
4.041523
3.933117
3.790684
3.616158
3.414850
3.190018
2.948144
2.693488
2.433337
2.172533
1.918686
1.676655
1.453679
1.253766
1.082651
0.942020
0.834259
0.756807
0.707302
0.679129
0.667449
0.665458
0.669659
0.675678
0.682447
0.688099
0.693634
0.699308
0.707928
0.721720
0.745084
0.781649
0.836227
0.911899
1.011522
1.135402
1.283137
1.452027
1.639147
1.839966
2.050322
2.264985
2.479505
2.688712
2.888476
3.074167
3.242369
3.389310
3.512544
3.609359
3.678435
3.718233
3.728626
3.709279
3.661250
3.585356
3.483762
3.358321
3.212154
3.047974
2.869646
2.680506
2.484902
2.286495
2.089784
1.898395
1.716564
1.547411
1.394374
1.259465
1.144662
1.050226
0.976147
0.920717
0.882182
0.857692
0.845006
0.841580
0.845983
0.856922
0.874270
0.898074
0.929286
0.968821
1.018067
1.078038
1.149769
1.233623
1.329693
1.437298
1.555446
1.682469
1.816513
1.955246
2.096327
2.237129
2.375186
2.507906
2.632988
2.748128
2.851409
2.940994
3.015502
3.073684
3.114779
3.138187
3.143808
3.131702
3.102413
3.056627
2.995479
2.920203
2.832432
2.733837
2.626422
2.512155
2.393255
2.271824
2.150115
2.030174
1.914099
1.803675
1.700639
1.606327
1.521929
1.448185
1.385643
1.334410
1.294440
1.265343
1.246682
1.237828
1.238223
1.247248
1.264417
1.289236
1.321326
1.360287
1.405767
1.457343
1.514568
1.576889
1.643681
1.714200
1.787626
1.863037
1.939457
2.015849
2.091158
2.164323
2.234304
2.300106
2.360798
2.415533
2.463564
2.504261
2.537116
2.561760
2.577958
2.585623
2.584801
2.575687
2.558598
2.533988
2.502415
2.464549
2.421142
2.373028
2.321087
2.266252
2.209464
2.151682
2.093831
2.036823
1.981499
1.928652
1.878979
1.833105
1.791534
1.754694
1.722880
1.696314
1.675093
1.659256
1.648729
1.643403
1.643077
1.647536
1.656487
1.669643
1.686647
1.707166
1.730797
1.757169
1.785846
1.816432
1.848464
1.881530
1.915158
1.948933
1.982388
2.015126
2.046704
2.076765
2.104913
2.130850
2.154250
2.174890
2.192530
2.207039
2.218272
2.226198
2.230771
2.232061
2.230118
2.225108
2.217170
2.206549
2.193457
2.178206
2.161059
2.142372
2.122440
2.101635
2.080261
2.058688
2.037202
2.016148
1.995776
1.976389
1.958186
1.941411
1.926204
1.912746
1.901109
1.891409
1.883655
1.877899
1.874091
1.872228
1.872208
1.873983
1.877408
1.882399
1.888779
1.896439
1.905180
1.914877
1.925318
1.936372
1.947825
1.959545
1.971324
1.983042
1.994502
2.005600
2.016159
2.026099
2.035269
2.043614
2.051013
2.057444
2.062816
2.067138
2.070354
2.072504
2.073563
2.073602
2.072622
2.070722
2.067926
2.064354
2.060048
2.055143
2.049693
2.043841
2.037647
2.031254
2.024721
2.018188
2.011706
2.005406
1.999325
1.993582
1.988198
1.983273
1.978814
1.974899
1.971518
1.968730
1.966505
1.964885
1.963824
1.963348
1.963392
1.963972
1.965012
1.966514
1.968393
1.970645
1.973180
1.975988
1.978977
1.982135
1.985371
1.988676
1.991960
1.995219
1.998368
2.001410
2.004268
2.006950
2.009388
2.011601
2.013528
2.015197
2.016558
2.017647
2.018422
2.018929
2.019134
2.019088
2.018767
2.018227
2.017449
2.016494
2.015346
2.014070
2.012653
2.011158
2.009574
2.007965
2.006318
2.004695
2.003080
2.001533
2.000034
1.998639
1.997326
1.996144
1.995066
1.994139
1.993331
1.992681
1.992156
1.991791
1.991547
1.991454
1.991473
1.991630
1.991880
1.992250
1.992694
1.993234
1.993824
1.994486
1.995174
1.995909
1.996645
1.997405
1.998144
1.998885
1.999586
2.000269
2.000897
2.001493
2.002020
2.002506
2.002915
2.003277
2.003558
2.003790
2.003942
2.004047
2.004075
2.004061
2.003978
2.003860
2.003683
2.003479
2.003227
2.002959
2.002654
2.002345
2.002009
2.001680
2.001335
2.001006
2.000672
2.000363
2.000055
1.999780
1.999512
1.999282
1.999065
1.998888
1.998725
1.998604
1.998499
1.998435
1.998385
1.998374
1.998375
1.998412
1.998458
1.998536
1.998618
1.998726
1.998835
1.998966
1.999092
1.999234
1.999368
1.999514
1.999647
1.999788
1.999912
2.000041
2.000150
2.000262
2.000352
2.000443
2.000511
2.000579
2.000624
2.000667
2.000689
2.000710
2.000710
2.000710
2.000690
2.000672
2.000636
2.000604
2.000556
2.000512
2.000456
2.000406
2.000345
2.000292
2.000231
2.000179
2.000119
2.000071
2.000017
1.999974
1.999927
1.999893
1.999854
1.999829
1.999800
1.999784
1.999764
1.999757
1.999746
1.999748
1.999745
1.999755
1.999759
1.999775
1.999785
1.999805
1.999819
1.999842
1.999859
1.999884
1.999901
1.999926
1.999944
1.999968
1.999984
2.000006
2.000019
2.000038
2.000049
2.000065
2.000072
2.000085
2.000088
2.000097
2.000098
2.000103
2.000100
2.000102
2.000097
2.000097
2.000089
2.000087
2.000078
2.000074
2.000063
2.000059
2.000048
2.000043
2.000032
2.000027
2.000016
2.000012
2.000002
1.999999
1.999990
1.999988
1.999981
1.999979
1.999973
1.999973
1.999969
1.999970
1.999967
1.999969
1.999967
1.999970
1.999968
1.999972
1.999972
1.999976
1.999976
1.999981
1.999981
1.999986
1.999987
1.999991
1.999992
1.999997
1.999997
2.000001
2.000001
2.000005
2.000005
2.000008
2.000008
2.000011
2.000010
2.000012
2.000011
2.000013
2.000011
2.000013
2.000011
2.000012
2.000010
2.000011
2.000008
2.000009
2.000007
2.000007
2.000005
2.000006
2.000003
2.000004
2.000001
2.000002
2.000000
2.000001
1.999999
1.999999
1.999997
1.999998
1.999997
1.999998
1.999996
1.999997
1.999996
1.999997
1.999996
1.999997
1.999996
1.999998
1.999997
1.999998
1.999997
1.999998
1.999998
1.999999
1.999998
2.000000
1.999999
2.000000
1.999999
2.000001
2.000000
2.000001
2.000000
2.000001
2.000000
2.000001
2.000001
2.000002
2.000001
2.000002
2.000001
2.000002
2.000001
2.000001
2.000001
2.000001
2.000000
2.000001
2.000000
2.000001
2.000000
2.000001
2.000000
2.000001
2.000000
2.000001
2.000000
2.000000
2.000000
2.000000
1.999999
2.000000
1.999999
2.000000
1.999999
2.000000
1.999999
2.000000
1.999999
2.000000
1.999999
2.000000
1.999999
2.000000
2.000000
2.000000
2.000000
2.000000
2.000000
2.000000
2.000000
2.000000
2.000000
2.000000
2.000000
2.000000
2.000000
2.000000
2.000000
2.000000
2.000000
2.000000
2.000000
2.000000
2.000000
2.000000
2.000000
2.000000
2.000000
2.000000
2.000000
2.000000
2.000000
2.000000
2.000000
2.000000
2.000000
2.000000
2.000000
2.000000
2.000000
2.000000
2.000000
2.000000
2.000000
2.000000
2.000000
2.000000
2.000000
2.000000
2.000000
2.000000
2.000000
2.000000
2.000000
2.000000
2.000000
2.000000
2.000000
2.000000
2.000000
2.000000
2.000000
2.000000
2.000000
2.000000
2.000000
2.000000
2.000000
2.000000
2.000000
2.000000
2.000000
2.000000
2.000000
2.000000
2.000000
2.000000
2.000000
2.000000
2.000000
2.000000
2.000000
2.000000
2.000000
2.000000
2.000000
2.000000
2.000000
2.000000
2.000000
2.000000
2.000000
2.000000
2.000000
2.000000
2.000000
2.000000
2.000000
2.000000
2.000000
2.000000
2.000000
2.000000
2.000000
2.000000
2.000000
2.000000
2.000000
2.000000
2.000000
2.000000
2.000000
2.000000
2.000000
2.000000
2.000000
2.000000
2.000000
2.000000
2.000000
2.000000
2.000000
2.000000
2.000000
2.000000
2.000000
2.000000
2.000000
2.000000
2.000000
2.000000
2.000000
2.000000
2.000000
2.000000
2.000000
2.000000
2.000000
2.000000
2.000000
2.000000
2.000000
2.000000
2.000000
2.000000
2.000000
2.000000
2.000000
2.000000
2.000000
2.000000
2.000000
2.000000
2.000000
2.000000
2.000000
2.000000
2.000000
2.000000
2.000000
2.000000
2.000000
2.000000
2.000000
2.000000
2.000000
2.000000
2.000000
2.000000
2.000000
2.000000
2.000000
2.000000
2.000000
2.000000
2.000000
2.000000
2.000000
2.000000
2.000000
2.000000
2.000000
2.000000
2.000000
2.000000
2.000000
2.000000
2.000000
2.000000
2.000000
2.000000
2.000000
2.000000
2.000000
2.000000
2.000000
2.000000
2.000000
2.000000
2.000000
2.000000
2.000000
2.000000
2.000000
2.000000
2.000000
2.000000
2.000000
2.000000
2.000000
2.000000
2.000000
2.000000
2.000000
2.000000
2.000000
2.000000
2.000000
2.000000
2.000000
2.000000
2.000000
2.000000
2.000000
2.000000
2.000000
2.000000
2.000000
2.000000
2.000000
2.000000
2.000000
2.000000
2.000000
2.000000
2.000000
2.000000
2.000000
2.000000
2.000000
2.000000
2.000000
2.000000
2.000000
2.000000
2.000000
2.000000
2.000000
2.000000
2.000000
2.000000
2.000000
2.000000
2.000000
2.000000
2.000000
2.000000
2.000000
2.000000
2.000000
2.000000
2.000000
2.000000
2.000000
2.000000
2.000000
2.000000
2.000000
2.000000
2.000000
2.000000
2.000000
2.000000
2.000000
2.000000
2.000000
2.000000
2.000000
2.000000
2.000000
2.000000
2.000000
2.000000
2.000000
2.000000
2.000000
2.000000
2.000000
2.000000
2.000000
2.000000
2.000000
2.000000
2.000000
2.000000
2.000000
2.000000
2.000000
2.000000
2.000000
2.000000
2.000000
2.000000
2.000000
2.000000
2.000000
2.000000
2.000000
2.000000
