2.168153
2.099029
2.057802
2.057802
2.099029
2.168153
2.257848
2.356276
2.457867
2.552685
2.637172
2.703457
2.750095
2.771349
2.767912
2.736167
2.678889
2.594476
2.487622
2.358514
2.213475
2.054116
1.887937
1.717419
1.550571
1.389933
1.243040
1.111327
1.000522
0.909559
0.841123
0.790950
0.758885
0.738727
0.729464
0.725119
0.725479
0.725797
0.726964
0.725400
0.722832
0.716646
0.709316
0.699380
0.690474
0.683030
0.682728
0.692781
0.721179
0.772893
0.855253
0.970360
1.120431
1.302145
1.512871
1.745808
1.996023
2.255444
2.518585
2.777377
3.026734
3.259314
3.471003
3.655640
3.810453
3.930759
4.015368
4.061252
4.068924
4.037080
3.967947
3.861907
3.722815
3.552597
3.356545
3.137899
2.903105
2.656383
2.404955
2.153582
1.909748
1.678153
1.465792
1.276368
1.115188
0.983463
0.883062
0.811083
0.765072
0.738711
0.727622
0.725571
0.729469
0.735298
0.742138
0.748255
0.754601
0.761388
0.771196
0.786005
0.809785
0.845763
0.898297
0.970237
1.064346
1.181126
1.320437
1.479983
1.657156
1.847783
2.047920
2.252598
2.457489
2.657602
2.848866
3.026783
3.187955
3.328711
3.446600
3.538993
3.604549
3.641800
3.650589
3.630639
3.582971
3.508453
3.409200
3.287110
3.145242
2.986340
2.814193
2.632147
2.444444
2.254726
2.067345
1.885848
1.714258
1.555537
1.412817
1.287868
1.182299
1.096127
1.029053
0.979312
0.945121
0.923834
0.913383
0.911516
0.916951
0.928570
0.946242
0.970021
1.000712
1.039129
1.086465
1.143644
1.211578
1.290648
1.380951
1.481942
1.592729
1.711841
1.837557
1.967745
2.100184
2.232425
2.362091
2.486739
2.604127
2.712073
2.808695
2.892256
2.961391
3.014934
3.052125
3.072435
3.075750
3.062190
3.032276
2.986740
2.926683
2.853375
2.768398
2.673446
2.570455
2.461397
2.348400
2.233541
2.118959
2.006640
1.898528
1.796318
1.701557
1.615457
1.539004
1.472808
1.417227
1.372275
1.337768
1.313291
1.298340
1.292323
1.294669
1.304828
1.322318
1.346721
1.377663
1.414815
1.457830
1.506361
1.559976
1.618206
1.680455
1.746078
1.814290
1.884278
1.955107
2.025848
2.095487
2.163063
2.227573
2.288114
2.343782
2.393814
2.437478
2.474219
2.503534
2.525118
2.538730
2.544336
2.541969
2.531866
2.514320
2.489815
2.458873
2.422187
2.380458
2.334530
2.285222
2.233461
2.180114
2.126121
2.072321
2.019593
1.968681
1.920339
1.875158
1.833721
1.796431
1.763675
1.735656
1.712572
1.694442
1.681298
1.673011
1.669486
1.670484
1.675824
1.685192
1.698348
1.714930
1.734655
1.757127
1.782032
1.808945
1.837529
1.867337
1.898017
1.929111
1.960267
1.991029
2.021061
2.049932
2.077339
2.102897
2.126359
2.147402
2.165851
2.181466
2.194158
2.203775
2.210323
2.213744
2.214138
2.211540
2.206136
2.198043
2.187524
2.174764
2.160082
2.143711
2.126008
2.107232
2.087755
2.067837
2.047845
2.028018
2.008696
1.990084
1.972475
1.956023
1.940968
1.927405
1.915512
1.905324
1.896959
1.890391
1.885680
1.882749
1.881608
1.882133
1.884294
1.887932
1.892984
1.899264
1.906688
1.915051
1.924255
1.934086
1.944441
1.955105
1.965978
1.976848
1.987626
1.998115
2.008238
2.017820
2.026805
2.035040
2.042496
2.049049
2.054698
2.059346
2.063026
2.065669
2.067337
2.067993
2.067722
2.066515
2.064482
2.061633
2.058098
2.053903
2.049190
2.043996
2.038469
2.032651
2.026689
2.020623
2.014595
2.008638
2.002883
1.997353
1.992163
1.987322
1.982929
1.978975
1.975544
1.972607
1.970231
1.968372
1.967077
1.966289
1.966042
1.966262
1.966971
1.968088
1.969623
1.971486
1.973682
1.976118
1.978794
1.981613
1.984577
1.987591
1.990655
1.993680
1.996671
1.999542
2.002305
2.004881
2.007289
2.009458
2.011416
2.013100
2.014544
2.015698
2.016602
2.017214
2.017582
2.017671
2.017536
2.017148
2.016568
2.015771
2.014823
2.013702
2.012474
2.011122
2.009711
2.008225
2.006727
2.005201
2.003708
2.002228
2.000821
1.999464
1.998211
1.997037
1.995990
1.995043
1.994239
1.993544
1.993000
1.992570
1.992288
1.992115
1.992082
1.992147
1.992339
1.992612
1.992993
1.993437
1.993966
1.994535
1.995168
1.995818
1.996508
1.997193
1.997897
1.998576
1.999254
1.999890
2.000508
2.001070
2.001601
2.002066
2.002492
2.002844
2.003153
2.003386
2.003575
2.003689
2.003760
2.003762
2.003726
2.003627
2.003498
2.003316
2.003112
2.002865
2.002607
2.002315
2.002023
2.001708
2.001402
2.001083
2.000782
2.000477
2.000197
1.999920
1.999674
1.999437
1.999235
1.999046
1.998894
1.998757
1.998657
1.998573
1.998526
1.998492
1.998493
1.998505
1.998550
1.998601
1.998681
1.998764
1.998871
1.998977
1.999101
1.999221
1.999354
1.999479
1.999613
1.999735
1.999863
1.999976
2.000092
2.000189
2.000288
2.000367
2.000445
2.000503
2.000560
2.000596
2.000631
2.000646
2.000659
2.000655
2.000650
2.000628
2.000607
2.000571
2.000537
2.000490
2.000448
2.000395
2.000347
2.000290
2.000241
2.000185
2.000137
2.000083
2.000039
1.999991
1.999953
1.999912
1.999882
1.999849
1.999828
1.999803
1.999790
1.999775
1.999770
1.999763
1.999766
1.999766
1.999776
1.999782
1.999798
1.999809
1.999828
1.999842
1.999864
1.999880
1.999903
1.999920
1.999942
1.999959
1.999980
1.999995
2.000014
2.000027
2.000043
2.000053
2.000066
2.000072
2.000082
2.000085
2.000092
2.000092
2.000095
2.000093
2.000093
2.000088
2.000087
2.000080
2.000077
2.000068
2.000064
2.000055
2.000049
2.000040
2.000035
2.000025
2.000020
2.000011
2.000007
1.999999
1.999995
1.999988
1.999986
1.999980
1.999979
1.999974
1.999974
1.999970
1.999971
1.999969
1.999971
1.999970
1.999972
1.999972
1.999975
1.999975
1.999979
1.999980
1.999984
1.999984
1.999988
1.999989
1.999993
1.999994
1.999998
1.999999
2.000002
2.000003
2.000006
2.000006
2.000008
2.000008
2.000010
2.000010
2.000011
2.000010
2.000012
2.000010
2.000011
2.000010
2.000011
2.000009
2.000009
2.000007
2.000008
2.000006
2.000006
2.000004
2.000004
2.000003
2.000003
2.000001
2.000001
2.000000
2.000000
1.999998
1.999999
1.999998
1.999998
1.999997
1.999998
1.999997
1.999997
1.999996
1.999997
1.999997
1.999997
1.999997
1.999998
1.999997
1.999998
1.999998
1.999999
1.999998
1.999999
1.999999
2.000000
1.999999
2.000000
2.000000
2.000000
2.000000
2.000001
2.000000
2.000001
2.000001
2.000001
2.000001
2.000001
2.000001
2.000001
2.000001
2.000001
2.000001
2.000001
2.000001
2.000001
2.000001
2.000001
2.000000
2.000001
2.000000
2.000001
2.000000
2.000000
2.000000
2.000000
2.000000
2.000000
2.000000
2.000000
2.000000
2.000000
2.000000
2.000000
2.000000
2.000000
2.000000
2.000000
2.000000
2.000000
2.000000
2.000000
2.000000
2.000000
2.000000
2.000000
2.000000
2.000000
2.000000
2.000000
2.000000
2.000000
2.000000
2.000000
2.000000
2.000000
2.000000
2.000000
2.000000
2.000000
2.000000
2.000000
2.000000
2.000000
2.000000
2.000000
2.000000
2.000000
2.000000
2.000000
2.000000
2.000000
2.000000
2.000000
2.000000
2.000000
2.000000
2.000000
2.000000
2.000000
2.000000
2.000000
2.000000
2.000000
2.000000
2.000000
2.000000
2.000000
2.000000
2.000000
2.000000
2.000000
2.000000
2.000000
2.000000
2.000000
2.000000
2.000000
2.000000
2.000000
2.000000
2.000000
2.000000
2.000000
2.000000
2.000000
2.000000
2.000000
2.000000
2.000000
2.000000
2.000000
2.000000
2.000000
2.000000
2.000000
2.000000
2.000000
2.000000
2.000000
2.000000
2.000000
2.000000
2.000000
2.000000
2.000000
2.000000
2.000000
2.000000
2.000000
2.000000
2.000000
2.000000
2.000000
2.000000
2.000000
2.000000
2.000000
2.000000
2.000000
2.000000
2.000000
2.000000
2.000000
2.000000
2.000000
2.000000
2.000000
2.000000
2.000000
2.000000
2.000000
2.000000
2.000000
2.000000
2.000000
2.000000
2.000000
2.000000
2.000000
2.000000
2.000000
2.000000
2.000000
2.000000
2.000000
2.000000
2.000000
2.000000
2.000000
2.000000
2.000000
2.000000
2.000000
2.000000
2.000000
2.000000
2.000000
2.000000
2.000000
2.000000
2.000000
2.000000
2.000000
2.000000
2.000000
2.000000
2.000000
2.000000
2.000000
2.000000
2.000000
2.000000
2.000000
2.000000
2.000000
2.000000
2.000000
2.000000
2.000000
2.000000
2.000000
2.000000
2.000000
2.000000
2.000000
2.000000
2.000000
2.000000
2.000000
2.000000
2.000000
2.000000
2.000000
2.000000
2.000000
2.000000
2.000000
2.000000
2.000000
2.000000
2.000000
2.000000
2.000000
2.000000
2.000000
2.000000
2.000000
2.000000
2.000000
2.000000
2.000000
2.000000
2.000000
2.000000
2.000000
2.000000
2.000000
2.000000
2.000000
2.000000
2.000000
2.000000
2.000000
2.000000
2.000000
2.000000
2.000000
2.000000
2.000000
2.000000
2.000000
2.000000
2.000000
2.000000
2.000000
2.000000
2.000000
2.000000
2.000000
2.000000
2.000000
2.000000
2.000000
2.000000
2.000000
2.000000
2.000000
2.000000
2.000000
2.000000
2.000000
2.000000
2.000000
2.000000
2.000000
2.000000
2.000000
2.000000
2.000000
2.000000
2.000000
2.000000
2.000000
2.000000
2.000000
2.000000
2.000000
2.000000
2.000000
2.000000
2.000000
2.000000
2.000000
2.000000
2.000000
2.000000
2.000000
2.000000
2.000000
2.000000
2.000000
2.000000
2.000000
2.000000
2.000000
2.000000
2.000000
2.000000
2.000000
2.000000
2.000000
2.000000
2.000000
2.000000
2.000000
2.000000
2.000000
2.000000
2.000000
2.000000
2.000000
2.000000
2.000000
2.000000
2.000000
2.000000
2.000000
2.000000
2.000000
2.000000
2.000000
2.000000
2.000000
2.000000
2.000000
2.000000
2.000000
2.000000
2.000000
2.000000
2.000000
2.000000
2.000000
2.000000
2.000000
2.000000
2.000000
2.000000
2.000000
