2.158124
2.093607
2.055201
2.055201
2.093607
2.158124
2.241356
2.332391
2.425464
2.511451
2.586498
2.643469
2.680562
2.692725
2.680261
2.640208
2.574934
2.483478
2.370118
2.235680
2.086069
1.923531
1.755151
1.584039
1.417772
1.259480
1.116197
0.989810
0.885345
0.801889
0.741127
0.698676
0.673368
0.659054
0.654122
0.653009
0.655254
0.656645
0.657926
0.655969
0.652330
0.644714
0.635406
0.623192
0.611623
0.601512
0.598840
0.607668
0.636861
0.692424
0.782105
0.907842
1.071069
1.267597
1.493960
1.742735
2.008508
2.282880
2.560115
2.831982
3.093265
3.336538
3.557613
3.750283
3.911734
4.037260
4.125645
4.173851
4.182374
4.149912
4.078685
3.969084
3.824968
3.648283
3.444340
3.216414
2.970993
2.712366
2.447838
2.182299
1.923403
1.676095
1.447716
1.242434
1.066180
0.920901
0.809255
0.728900
0.677543
0.648434
0.636475
0.634556
0.638943
0.645080
0.651807
0.657200
0.662274
0.667318
0.675255
0.688457
0.711556
0.748417
0.804094
0.881792
0.984394
1.112080
1.264281
1.438080
1.630379
1.836468
2.052072
2.271838
2.491257
2.705075
2.909133
3.098745
3.270483
3.420531
3.546443
3.645473
3.716307
3.757376
3.768567
3.749517
3.701301
3.624716
3.521944
3.394823
3.246496
3.079666
2.898230
2.705522
2.505930
2.303132
2.101687
1.905260
1.718184
1.543657
1.385261
1.245135
1.125446
1.026596
0.948734
0.890211
0.849297
0.823047
0.809121
0.804819
0.808618
0.819131
0.836229
0.859962
0.891364
0.931416
0.981611
1.043021
1.116741
1.203126
1.302255
1.413371
1.535418
1.666623
1.805059
1.948286
2.093901
2.239188
2.381633
2.518572
2.647674
2.766575
2.873341
2.966087
3.043423
3.104059
3.147235
3.172317
3.179209
3.167942
3.139071
3.093258
3.031654
2.955475
2.866374
2.766014
2.656424
2.539573
2.417717
2.292969
2.167636
2.043790
1.923598
1.808894
1.701502
1.602824
1.514156
1.436307
1.369931
1.315194
1.272130
1.240376
1.219537
1.208975
1.208145
1.216395
1.233238
1.258143
1.290728
1.330554
1.377264
1.430396
1.489492
1.553951
1.623133
1.696241
1.772430
1.850725
1.930122
2.009531
2.087874
2.164034
2.236955
2.305593
2.369001
2.426290
2.476705
2.519578
2.554397
2.580760
2.598433
2.607301
2.607417
2.598954
2.582239
2.557710
2.525939
2.487587
2.443425
2.394284
2.341071
2.284722
2.226212
2.166507
2.106577
2.047347
1.989708
1.934474
1.882394
1.834118
1.790205
1.751104
1.717163
1.688621
1.665619
1.648202
1.636331
1.629896
1.628714
1.632560
1.641150
1.654179
1.671292
1.692128
1.716284
1.743357
1.772906
1.804502
1.837676
1.871981
1.906938
1.942099
1.976988
2.011176
2.044215
2.075716
2.105280
2.132579
2.157284
2.179147
2.197928
2.213473
2.225639
2.234374
2.239640
2.241488
2.239978
2.235261
2.227487
2.216891
2.203702
2.188220
2.170731
2.151582
2.131089
2.109626
2.087516
2.065131
2.042782
2.020816
1.999509
1.979165
1.960010
1.942292
1.926173
1.911836
1.899376
1.888909
1.880462
1.874086
1.869745
1.867431
1.867055
1.868559
1.871808
1.876707
1.883085
1.890820
1.899716
1.909635
1.920367
1.931763
1.943612
1.955766
1.968018
1.980229
1.992205
2.003826
2.014916
2.025378
2.035063
2.043903
2.051778
2.058653
2.064440
2.069137
2.072692
2.075134
2.076444
2.076683
2.075860
2.074066
2.071332
2.067772
2.063438
2.058458
2.052897
2.046894
2.040518
2.033911
2.027142
2.020348
2.013592
2.007002
2.000628
1.994583
1.988902
1.983683
1.978940
1.974753
1.971116
1.968089
1.965648
1.963834
1.962605
1.961984
1.961913
1.962402
1.963379
1.964843
1.966712
1.968976
1.971548
1.974412
1.977479
1.980730
1.984076
1.987502
1.990920
1.994319
1.997617
2.000809
2.003819
2.006651
2.009240
2.011595
2.013661
2.015458
2.016941
2.018138
2.019013
2.019604
2.019883
2.019896
2.019622
2.019115
2.018357
2.017408
2.016257
2.014963
2.013518
2.011985
2.010356
2.008691
2.006984
2.005293
2.003608
2.001985
2.000412
1.998939
1.997549
1.996291
1.995141
1.994142
1.993269
1.992557
1.991977
1.991560
1.991272
1.991141
1.991129
1.991260
1.991494
1.991852
1.992290
1.992831
1.993428
1.994101
1.994806
1.995562
1.996323
1.997111
1.997881
1.998654
1.999390
2.000108
2.000772
2.001403
2.001966
2.002485
2.002927
2.003319
2.003629
2.003887
2.004063
2.004188
2.004234
2.004234
2.004163
2.004053
2.003881
2.003680
2.003427
2.003157
2.002846
2.002529
2.002184
2.001843
2.001485
2.001143
2.000793
2.000468
2.000145
1.999853
1.999569
1.999323
1.999090
1.998897
1.998721
1.998587
1.998469
1.998394
1.998335
1.998316
1.998310
1.998342
1.998383
1.998458
1.998538
1.998647
1.998756
1.998889
1.999018
1.999165
1.999303
1.999454
1.999593
1.999740
1.999870
2.000006
2.000123
2.000241
2.000338
2.000436
2.000510
2.000584
2.000634
2.000683
2.000709
2.000734
2.000737
2.000740
2.000723
2.000706
2.000672
2.000640
2.000592
2.000548
2.000491
2.000440
2.000377
2.000323
2.000258
2.000204
2.000142
2.000091
2.000034
1.999989
1.999939
1.999902
1.999860
1.999832
1.999800
1.999782
1.999760
1.999751
1.999739
1.999739
1.999735
1.999744
1.999747
1.999762
1.999772
1.999792
1.999806
1.999830
1.999846
1.999872
1.999890
1.999916
1.999934
1.999960
1.999976
2.000000
2.000014
2.000035
2.000046
2.000063
2.000071
2.000085
2.000089
2.000099
2.000100
2.000106
2.000104
2.000107
2.000102
2.000102
2.000094
2.000092
2.000083
2.000079
2.000068
2.000064
2.000052
2.000047
2.000036
2.000031
2.000020
2.000015
2.000005
2.000001
1.999992
1.999989
1.999982
1.999980
1.999974
1.999973
1.999968
1.999969
1.999966
1.999968
1.999965
1.999968
1.999967
1.999971
1.999970
1.999975
1.999974
1.999979
1.999980
1.999985
1.999985
1.999990
1.999991
1.999996
1.999996
2.000001
2.000000
2.000005
2.000004
2.000008
2.000007
2.000011
2.000010
2.000013
2.000011
2.000013
2.000011
2.000013
2.000011
2.000013
2.000010
2.000012
2.000009
2.000010
2.000007
2.000008
2.000005
2.000006
2.000003
2.000004
2.000002
2.000003
2.000000
2.000001
1.999999
2.000000
1.999997
1.999999
1.999997
1.999998
1.999996
1.999997
1.999996
1.999997
1.999996
1.999997
1.999996
1.999998
1.999996
1.999998
1.999997
1.999998
1.999997
1.999999
1.999998
2.000000
1.999998
2.000000
1.999999
2.000001
1.999999
2.000001
2.000000
2.000001
2.000000
2.000002
2.000000
2.000002
2.000001
2.000002
2.000001
2.000002
2.000001
2.000002
2.000001
2.000002
2.000000
2.000001
2.000000
2.000001
2.000000
2.000001
2.000000
2.000001
2.000000
2.000001
2.000000
2.000000
2.000000
2.000000
1.999999
2.000000
1.999999
2.000000
1.999999
2.000000
1.999999
2.000000
1.999999
2.000000
1.999999
2.000000
1.999999
2.000000
1.999999
2.000000
1.999999
2.000000
2.000000
2.000000
2.000000
2.000000
2.000000
2.000000
2.000000
2.000000
2.000000
2.000000
2.000000
2.000000
2.000000
2.000000
2.000000
2.000000
2.000000
2.000000
2.000000
2.000000
2.000000
2.000000
2.000000
2.000000
2.000000
2.000000
2.000000
2.000000
2.000000
2.000000
2.000000
2.000000
2.000000
2.000000
2.000000
2.000000
2.000000
2.000000
2.000000
2.000000
2.000000
2.000000
2.000000
2.000000
2.000000
2.000000
2.000000
2.000000
2.000000
2.000000
2.000000
2.000000
2.000000
2.000000
2.000000
2.000000
2.000000
2.000000
2.000000
2.000000
2.000000
2.000000
2.000000
2.000000
2.000000
2.000000
2.000000
2.000000
2.000000
2.000000
2.000000
2.000000
2.000000
2.000000
2.000000
2.000000
2.000000
2.000000
2.000000
2.000000
2.000000
2.000000
2.000000
2.000000
2.000000
2.000000
2.000000
2.000000
2.000000
2.000000
2.000000
2.000000
2.000000
2.000000
2.000000
2.000000
2.000000
2.000000
2.000000
2.000000
2.000000
2.000000
2.000000
2.000000
2.000000
2.000000
2.000000
2.000000
2.000000
2.000000
2.000000
2.000000
2.000000
2.000000
2.000000
2.000000
2.000000
2.000000
2.000000
2.000000
2.000000
2.000000
2.000000
2.000000
2.000000
2.000000
2.000000
2.000000
2.000000
2.000000
2.000000
2.000000
2.000000
2.000000
2.000000
2.000000
2.000000
2.000000
2.000000
2.000000
2.000000
2.000000
2.000000
2.000000
2.000000
2.000000
2.000000
2.000000
2.000000
2.000000
2.000000
2.000000
2.000000
2.000000
2.000000
2.000000
2.000000
2.000000
2.000000
2.000000
2.000000
2.000000
2.000000
2.000000
2.000000
2.000000
2.000000
2.000000
2.000000
2.000000
2.000000
2.000000
2.000000
2.000000
2.000000
2.000000
2.000000
2.000000
2.000000
2.000000
2.000000
2.000000
2.000000
2.000000
2.000000
2.000000
2.000000
2.000000
2.000000
2.000000
2.000000
2.000000
2.000000
2.000000
2.000000
2.000000
2.000000
2.000000
2.000000
2.000000
2.000000
2.000000
2.000000
2.000000
2.000000
2.000000
2.000000
2.000000
2.000000
2.000000
2.000000
2.000000
2.000000
2.000000
2.000000
2.000000
2.000000
2.000000
2.000000
2.000000
2.000000
2.000000
2.000000
2.000000
2.000000
2.000000
2.000000
2.000000
2.000000
2.000000
2.000000
2.000000
2.000000
2.000000
2.000000
2.000000
2.000000
2.000000
2.000000
2.000000
2.000000
2.000000
2.000000
2.000000
2.000000
2.000000
2.000000
2.000000
2.000000
2.000000
2.000000
2.000000
2.000000
2.000000
2.000000
2.000000
2.000000
2.000000
2.000000
2.000000
2.000000
2.000000
2.000000
2.000000
2.000000
2.000000
2.000000
2.000000
2.000000
2.000000
2.000000
2.000000
2.000000
2.000000
2.000000
2.000000
2.000000
2.000000
2.000000
2.000000
2.000000
2.000000
2.000000
2.000000
2.000000
2.000000
2.000000
2.000000
2.000000
2.000000
2.000000
2.000000
2.000000
2.000000
2.000000
2.000000
2.000000
2.000000
2.000000
2.000000
2.000000
2.000000
