2.155732
2.092231
2.054447
2.054447
2.092231
2.155732
2.237538
2.326936
2.418123
2.502149
2.575102
2.630005
2.664981
2.675128
2.660665
2.618776
2.551742
2.458742
2.343968
2.208383
2.057805
1.894622
1.725829
1.554674
1.388644
1.230998
1.088660
0.963612
0.860718
0.779083
0.720155
0.679511
0.655749
0.642738
0.638743
0.638307
0.640926
0.642517
0.643795
0.641739
0.637863
0.629949
0.620229
0.607548
0.595426
0.584760
0.581589
0.590167
0.619552
0.675988
0.767290
0.895337
1.061362
1.260992
1.490580
1.742593
2.011514
2.288896
2.568951
2.843427
3.107076
3.352467
3.575391
3.769643
3.932393
4.058939
4.148052
4.196702
4.205373
4.172772
4.101110
3.990788
3.845656
3.667674
3.462146
3.232362
2.984810
2.723798
2.456638
2.188250
1.926311
1.675818
1.444166
1.235620
1.056227
0.908094
0.794046
0.711892
0.659387
0.629709
0.617591
0.615733
0.620246
0.626463
0.633164
0.638394
0.643173
0.647814
0.655311
0.668130
0.691050
0.728091
0.784457
0.863432
0.967901
1.097960
1.252929
1.429754
1.625229
1.834537
2.053333
2.276196
2.498579
2.715183
2.921831
3.113804
3.287667
3.439582
3.567100
3.667457
3.739342
3.781170
3.792835
3.773960
3.725628
3.648623
3.545140
3.417006
3.267378
3.098953
2.915645
2.720786
2.518790
2.313340
2.109033
1.909554
1.719291
1.541489
1.379813
1.236482
1.113772
1.012180
0.931955
0.871492
0.829082
0.801724
0.787014
0.782156
0.785564
0.795794
0.812710
0.836372
0.867861
0.908207
0.958968
1.021257
1.096204
1.184156
1.285182
1.398475
1.522938
1.656730
1.797876
1.943874
2.092280
2.240325
2.385466
2.524996
2.656566
2.777777
2.886684
2.981375
3.060452
3.122606
3.167072
3.193198
3.200890
3.190164
3.161578
3.115783
3.053935
2.977242
2.887368
2.785968
2.675089
2.556698
2.433072
2.306329
2.178806
2.052591
1.929891
1.812566
1.702495
1.601116
1.509789
1.429370
1.360576
1.303612
1.258566
1.225095
1.202833
1.191142
1.189484
1.197192
1.213777
1.238686
1.271534
1.311860
1.359302
1.413374
1.473610
1.539382
1.610035
1.684740
1.762638
1.842719
1.923963
2.005245
2.085473
2.163498
2.238251
2.308658
2.373765
2.432657
2.484571
2.528818
2.564882
2.592342
2.610964
2.620617
2.621356
2.613341
2.596905
2.572474
2.540632
2.502029
2.457451
2.407724
2.353772
2.296530
2.236995
2.176136
2.114949
2.054366
1.995308
1.938603
1.885031
1.835257
1.789872
1.749343
1.714048
1.684239
1.660084
1.641636
1.628878
1.621698
1.619929
1.623340
1.631654
1.644554
1.661688
1.682680
1.707123
1.734598
1.764659
1.796857
1.830720
1.865779
1.901549
1.937562
1.973338
2.008426
2.042376
2.074778
2.105231
2.133388
2.158919
2.181561
2.201071
2.217283
2.230053
2.239319
2.245043
2.247268
2.246057
2.241553
2.233912
2.223364
2.210144
2.194549
2.176874
2.157464
2.136648
2.114796
2.092248
2.069374
2.046500
2.023975
2.002091
1.981153
1.961404
1.943092
1.926396
1.911499
1.898512
1.887550
1.878651
1.871867
1.867171
1.864553
1.863930
1.865241
1.868356
1.873175
1.879530
1.887290
1.896264
1.906303
1.917200
1.928796
1.940880
1.953294
1.965832
1.978346
1.990640
2.002585
2.014005
2.024795
2.034805
2.043959
2.052138
2.059297
2.065353
2.070294
2.074071
2.076708
2.078187
2.078564
2.077852
2.076136
2.073454
2.069915
2.065575
2.060560
2.054941
2.048853
2.042373
2.035640
2.028731
2.021780
2.014857
2.008089
2.001532
1.995300
1.989433
1.984027
1.979105
1.974742
1.970941
1.967759
1.965177
1.963234
1.961892
1.961173
1.961022
1.961445
1.962376
1.963808
1.965663
1.967927
1.970516
1.973408
1.976518
1.979822
1.983233
1.986731
1.990230
1.993714
1.997103
2.000387
2.003494
2.006420
2.009103
2.011549
2.013704
2.015584
2.017145
2.018414
2.019354
2.020002
2.020332
2.020386
2.020146
2.019663
2.018923
2.017982
2.016831
2.015530
2.014072
2.012517
2.010862
2.009166
2.007423
2.005691
2.003963
2.002295
2.000674
1.999152
1.997715
1.996408
1.995212
1.994168
1.993252
1.992500
1.991883
1.991432
1.991115
1.990957
1.990924
1.991037
1.991257
1.991605
1.992039
1.992577
1.993177
1.993856
1.994570
1.995337
1.996113
1.996917
1.997706
1.998499
1.999255
1.999995
2.000681
2.001335
2.001920
2.002461
2.002924
2.003335
2.003665
2.003939
2.004131
2.004269
2.004328
2.004339
2.004276
2.004172
2.004005
2.003806
2.003554
2.003283
2.002970
2.002648
2.002298
2.001951
2.001585
2.001234
2.000876
2.000541
2.000207
1.999905
1.999611
1.999355
1.999111
1.998909
1.998724
1.998581
1.998455
1.998373
1.998307
1.998282
1.998272
1.998299
1.998338
1.998410
1.998489
1.998597
1.998707
1.998840
1.998970
1.999119
1.999260
1.999414
1.999556
1.999707
1.999842
1.999982
2.000103
2.000226
2.000327
2.000429
2.000507
2.000585
2.000638
2.000691
2.000720
2.000748
2.000753
2.000758
2.000742
2.000728
2.000694
2.000663
2.000615
2.000571
2.000513
2.000462
2.000398
2.000343
2.000277
2.000222
2.000157
2.000105
2.000046
1.999999
1.999947
1.999908
1.999865
1.999836
1.999802
1.999782
1.999758
1.999749
1.999735
1.999734
1.999729
1.999737
1.999740
1.999755
1.999764
1.999784
1.999798
1.999822
1.999839
1.999865
1.999883
1.999910
1.999928
1.999954
1.999971
1.999996
2.000011
2.000032
2.000044
2.000062
2.000071
2.000085
2.000090
2.000100
2.000101
2.000108
2.000106
2.000110
2.000104
2.000105
2.000097
2.000096
2.000086
2.000083
2.000072
2.000067
2.000056
2.000050
2.000039
2.000034
2.000022
2.000018
2.000007
2.000003
1.999993
1.999991
1.999982
1.999981
1.999974
1.999974
1.999968
1.999969
1.999965
1.999967
1.999964
1.999968
1.999966
1.999970
1.999969
1.999974
1.999973
1.999978
1.999978
1.999984
1.999984
1.999989
1.999990
1.999995
1.999995
2.000000
2.000000
2.000004
2.000004
2.000008
2.000007
2.000011
2.000010
2.000013
2.000011
2.000014
2.000012
2.000014
2.000011
2.000013
2.000010
2.000012
2.000009
2.000011
2.000008
2.000009
2.000006
2.000007
2.000004
2.000005
2.000002
2.000003
2.000000
2.000001
1.999999
2.000000
1.999997
1.999999
1.999997
1.999998
1.999996
1.999998
1.999996
1.999997
1.999996
1.999997
1.999996
1.999998
1.999996
1.999998
1.999997
1.999998
1.999997
1.999999
1.999998
2.000000
1.999998
2.000000
1.999999
2.000001
1.999999
2.000001
2.000000
2.000001
2.000000
2.000002
2.000000
2.000002
2.000000
2.000002
2.000001
2.000002
2.000001
2.000002
2.000000
2.000002
2.000000
2.000002
2.000000
2.000001
2.000000
2.000001
2.000000
2.000001
2.000000
2.000001
2.000000
2.000001
1.999999
2.000000
1.999999
2.000000
1.999999
2.000000
1.999999
2.000000
1.999999
2.000000
1.999999
2.000000
1.999999
2.000000
1.999999
2.000000
1.999999
2.000000
1.999999
2.000000
1.999999
2.000000
2.000000
2.000000
2.000000
2.000000
2.000000
2.000000
2.000000
2.000000
2.000000
2.000000
2.000000
2.000000
2.000000
2.000000
2.000000
2.000000
2.000000
2.000000
2.000000
2.000000
2.000000
2.000000
2.000000
2.000000
2.000000
2.000000
2.000000
2.000000
2.000000
2.000000
2.000000
2.000000
2.000000
2.000000
2.000000
2.000000
2.000000
2.000000
2.000000
2.000000
2.000000
2.000000
2.000000
2.000000
2.000000
2.000000
2.000000
2.000000
2.000000
2.000000
2.000000
2.000000
2.000000
2.000000
2.000000
2.000000
2.000000
2.000000
2.000000
2.000000
2.000000
2.000000
2.000000
2.000000
2.000000
2.000000
2.000000
2.000000
2.000000
2.000000
2.000000
2.000000
2.000000
2.000000
2.000000
2.000000
2.000000
2.000000
2.000000
2.000000
2.000000
2.000000
2.000000
2.000000
2.000000
2.000000
2.000000
2.000000
2.000000
2.000000
2.000000
2.000000
2.000000
2.000000
2.000000
2.000000
2.000000
2.000000
2.000000
2.000000
2.000000
2.000000
2.000000
2.000000
2.000000
2.000000
2.000000
2.000000
2.000000
2.000000
2.000000
2.000000
2.000000
2.000000
2.000000
2.000000
2.000000
2.000000
2.000000
2.000000
2.000000
2.000000
2.000000
2.000000
2.000000
2.000000
2.000000
2.000000
2.000000
2.000000
2.000000
2.000000
2.000000
2.000000
2.000000
2.000000
2.000000
2.000000
2.000000
2.000000
2.000000
2.000000
2.000000
2.000000
2.000000
2.000000
2.000000
2.000000
2.000000
2.000000
2.000000
2.000000
2.000000
2.000000
2.000000
2.000000
2.000000
2.000000
2.000000
2.000000
2.000000
2.000000
2.000000
2.000000
2.000000
2.000000
2.000000
2.000000
2.000000
2.000000
2.000000
2.000000
2.000000
2.000000
2.000000
2.000000
2.000000
2.000000
2.000000
2.000000
2.000000
2.000000
2.000000
2.000000
2.000000
2.000000
2.000000
2.000000
2.000000
2.000000
2.000000
2.000000
2.000000
2.000000
2.000000
2.000000
2.000000
2.000000
2.000000
2.000000
2.000000
2.000000
2.000000
2.000000
2.000000
2.000000
2.000000
2.000000
2.000000
2.000000
2.000000
2.000000
2.000000
2.000000
2.000000
2.000000
2.000000
2.000000
2.000000
2.000000
2.000000
2.000000
2.000000
2.000000
2.000000
2.000000
2.000000
2.000000
2.000000
2.000000
2.000000
2.000000
2.000000
2.000000
2.000000
2.000000
2.000000
2.000000
2.000000
2.000000
2.000000
2.000000
2.000000
2.000000
2.000000
2.000000
2.000000
2.000000
2.000000
2.000000
2.000000
2.000000
2.000000
2.000000
2.000000
2.000000
2.000000
2.000000
2.000000
2.000000
2.000000
2.000000
2.000000
2.000000
2.000000
2.000000
2.000000
2.000000
2.000000
2.000000
2.000000
2.000000
2.000000
2.000000
2.000000
2.000000
2.000000
2.000000
2.000000
2.000000
2.000000
2.000000
2.000000
2.000000
2.000000
2.000000
2.000000
2.000000
2.000000
2.000000
2.000000
2.000000
1.999999
1.999999
1.999999
1.999999
1.999999
1.999999
1.999999
1.999999
