2.145087
2.085910
2.050752
2.050752
2.085910
2.145087
2.220811
2.303208
2.386310
2.461912
2.525851
2.571826
2.597657
2.599073
2.575959
2.526106
2.451444
2.351751
2.230858
2.090327
1.935619
1.769720
1.599273
1.428122
1.263386
1.108880
0.971075
0.852338
0.756818
0.683626
0.633112
0.600591
0.583644
0.576226
0.576135
0.578427
0.582461
0.584749
0.585892
0.583352
0.578456
0.569315
0.557921
0.543363
0.528983
0.516038
0.510776
0.518334
0.548636
0.608991
0.707409
0.845392
1.023221
1.235742
1.478569
1.743756
2.025396
2.314886
2.606220
2.891107
3.164161
3.417961
3.648196
3.848696
4.016545
4.147090
4.239027
4.289380
4.298568
4.265354
4.191890
4.078641
3.929400
3.746200
3.534296
3.297061
3.040949
2.770366
2.492620
2.212768
1.938539
1.675146
1.430159
1.208237
1.015841
0.855768
0.731541
0.641707
0.584312
0.552306
0.539652
0.538210
0.543371
0.550000
0.556608
0.561122
0.564573
0.567400
0.572880
0.583929
0.605980
0.643782
0.703196
0.787821
0.900461
1.040777
1.207539
1.397108
1.605813
1.828423
2.060317
2.295819
2.530236
2.758109
2.975189
3.176651
3.359027
3.518400
3.652314
3.757945
3.833985
3.878802
3.892303
3.874070
3.825209
3.746471
3.640078
3.507835
3.352936
3.178064
2.987186
2.783639
2.571911
2.355720
2.139780
1.927866
1.724556
1.533276
1.358002
1.201269
1.065800
0.952507
0.862092
0.793206
0.744261
0.712068
0.693936
0.686637
0.688277
0.697152
0.713094
0.736212
0.767823
0.809200
0.862207
0.928143
1.008278
1.102926
1.212062
1.334658
1.469400
1.614168
1.766764
1.924431
2.084550
2.244144
2.400549
2.550897
2.692757
2.823607
2.941449
3.044274
3.130655
3.199202
3.249137
3.279742
3.290921
3.282636
3.255456
3.209984
3.147399
3.068874
2.976105
2.870726
2.754831
2.630384
2.499731
2.365012
2.228663
2.092828
1.959854
1.831706
1.710455
1.597695
1.495032
1.403515
1.324133
1.257284
1.203290
1.161937
1.133010
1.115898
1.110121
1.114963
1.129937
1.154411
1.187981
1.230099
1.280373
1.338216
1.403116
1.474324
1.551120
1.632540
1.717647
1.805288
1.894368
1.983622
2.071887
2.157887
2.240494
2.318521
2.390967
2.456817
2.515277
2.565570
2.607162
2.639557
2.662513
2.675835
2.679584
2.673864
2.659027
2.635454
2.603756
2.564556
2.518678
2.466932
2.410297
2.349706
2.286226
2.220846
2.154647
2.088600
2.023730
1.960919
1.901071
1.844916
1.793183
1.746405
1.705098
1.669578
1.640135
1.616869
1.599859
1.589015
1.584240
1.585288
1.591926
1.603795
1.620561
1.641787
1.667063
1.695895
1.727824
1.762315
1.798876
1.836951
1.876030
1.915558
1.955031
1.993914
2.031734
2.068002
2.102299
2.134204
2.163375
2.189480
2.212272
2.231521
2.247087
2.258852
2.266788
2.270888
2.271235
2.267930
2.261155
2.251106
2.238051
2.222264
2.204078
2.183823
2.161876
2.138598
2.114382
2.089599
2.064634
2.039839
2.015571
1.992144
1.969866
1.948995
1.929775
1.912397
1.897034
1.883805
1.872806
1.864084
1.857662
1.853519
1.851615
1.851867
1.854179
1.858422
1.864454
1.872110
1.881216
1.891581
1.903013
1.915308
1.928264
1.941676
1.955345
1.969075
1.982676
1.995972
2.008792
2.020984
2.032408
2.042940
2.052472
2.060919
2.068205
2.074283
2.079117
2.082694
2.085016
2.086106
2.085997
2.084747
2.082416
2.079090
2.074850
2.069803
2.064048
2.057702
2.050874
2.043688
2.036252
2.028689
2.021104
2.013611
2.006301
1.999277
1.992615
1.986398
1.980684
1.975536
1.970989
1.967087
1.963842
1.961277
1.959384
1.958165
1.957594
1.957656
1.958308
1.959522
1.961242
1.963430
1.966019
1.968967
1.972201
1.975676
1.979317
1.983080
1.986892
1.990712
1.994472
1.998138
2.001648
2.004978
2.008074
2.010920
2.013475
2.015732
2.017660
2.019264
2.020523
2.021451
2.022038
2.022307
2.022256
2.021918
2.021294
2.020426
2.019322
2.018024
2.016545
2.014932
2.013197
2.011387
2.009515
2.007626
2.005732
2.003875
2.002063
2.000335
1.998694
1.997174
1.995774
1.994524
1.993414
1.992472
1.991681
1.991064
1.990601
1.990308
1.990161
1.990173
1.990315
1.990597
1.990989
1.991497
1.992088
1.992770
1.993507
1.994306
1.995133
1.995993
1.996853
1.997721
1.998564
1.999391
2.000173
2.000920
2.001604
2.002239
2.002798
2.003299
2.003718
2.004072
2.004342
2.004548
2.004672
2.004734
2.004720
2.004653
2.004517
2.004338
2.004102
2.003834
2.003521
2.003189
2.002825
2.002455
2.002064
2.001680
2.001288
2.000912
2.000539
2.000192
1.999856
1.999553
1.999266
1.999019
1.998792
1.998607
1.998444
1.998324
1.998227
1.998171
1.998136
1.998140
1.998161
1.998217
1.998285
1.998384
1.998491
1.998623
1.998757
1.998910
1.999060
1.999224
1.999379
1.999544
1.999695
1.999851
1.999991
2.000131
2.000252
2.000372
2.000470
2.000564
2.000636
2.000704
2.000749
2.000790
2.000809
2.000824
2.000819
2.000811
2.000784
2.000758
2.000713
2.000671
2.000614
2.000561
2.000496
2.000437
2.000367
2.000306
2.000236
2.000176
2.000110
2.000056
1.999996
1.999949
1.999898
1.999861
1.999819
1.999792
1.999762
1.999745
1.999725
1.999719
1.999710
1.999713
1.999713
1.999724
1.999731
1.999750
1.999763
1.999786
1.999803
1.999830
1.999849
1.999878
1.999898
1.999926
1.999946
1.999973
1.999991
2.000015
2.000030
2.000051
2.000062
2.000080
2.000087
2.000101
2.000104
2.000114
2.000113
2.000119
2.000115
2.000117
2.000110
2.000110
2.000100
2.000098
2.000087
2.000082
2.000070
2.000065
2.000052
2.000047
2.000034
2.000029
2.000017
2.000012
2.000001
1.999998
1.999988
1.999985
1.999977
1.999976
1.999969
1.999970
1.999964
1.999966
1.999962
1.999965
1.999962
1.999966
1.999964
1.999969
1.999968
1.999974
1.999973
1.999979
1.999979
1.999985
1.999985
1.999991
1.999991
1.999997
1.999997
2.000002
2.000002
2.000007
2.000006
2.000010
2.000009
2.000013
2.000011
2.000014
2.000012
2.000015
2.000012
2.000015
2.000012
2.000014
2.000011
2.000013
2.000009
2.000011
2.000007
2.000009
2.000005
2.000007
2.000003
2.000005
2.000001
2.000003
1.999999
2.000001
1.999998
2.000000
1.999997
1.999999
1.999996
1.999998
1.999995
1.999997
1.999995
1.999997
1.999995
1.999997
1.999995
1.999998
1.999996
1.999998
1.999996
1.999999
1.999997
1.999999
1.999997
2.000000
1.999998
2.000000
1.999999
2.000001
1.999999
2.000001
2.000000
2.000002
2.000000
2.000002
2.000000
2.000002
2.000000
2.000002
2.000000
2.000002
2.000000
2.000002
2.000000
2.000002
2.000000
2.000002
2.000000
2.000002
2.000000
2.000001
2.000000
2.000001
1.999999
2.000001
1.999999
2.000001
1.999999
2.000001
1.999999
2.000001
1.999999
2.000001
1.999999
2.000000
1.999999
2.000000
1.999999
2.000000
1.999999
2.000000
1.999999
2.000000
1.999999
2.000000
1.999999
2.000001
1.999999
2.000001
1.999999
2.000001
1.999999
2.000001
1.999999
2.000001
1.999999
2.000001
1.999999
2.000001
1.999999
2.000001
1.999999
2.000001
2.000000
2.000001
2.000000
2.000001
2.000000
2.000001
2.000000
2.000001
2.000000
2.000001
2.000000
2.000001
2.000000
2.000001
2.000000
2.000001
1.999999
2.000001
1.999999
2.000000
1.999999
2.000000
2.000000
2.000000
2.000000
2.000000
2.000000
2.000000
2.000000
2.000000
2.000000
2.000000
2.000000
2.000000
2.000000
2.000000
2.000000
2.000000
2.000000
2.000000
2.000000
2.000000
2.000000
2.000000
2.000000
2.000000
2.000000
2.000000
2.000000
2.000000
2.000000
2.000000
2.000000
2.000000
2.000000
2.000000
2.000000
2.000000
2.000000
2.000000
2.000000
2.000000
2.000000
2.000000
2.000000
2.000000
2.000000
2.000000
2.000000
2.000000
2.000000
2.000000
2.000000
2.000000
2.000000
2.000000
2.000000
2.000000
2.000000
2.000000
2.000000
2.000000
2.000000
2.000000
2.000000
2.000000
2.000000
2.000000
2.000000
2.000000
2.000000
2.000000
2.000000
2.000000
2.000000
2.000000
2.000000
2.000000
2.000000
2.000000
2.000000
2.000000
2.000000
2.000000
2.000000
2.000000
2.000000
2.000000
2.000000
2.000000
2.000000
2.000000
2.000000
2.000000
2.000000
2.000000
2.000000
2.000000
2.000000
2.000000
2.000000
2.000000
2.000000
2.000000
2.000000
2.000000
2.000000
2.000000
2.000000
2.000000
2.000000
2.000000
2.000000
2.000000
2.000000
2.000000
2.000000
2.000000
2.000000
2.000000
2.000000
2.000000
2.000000
2.000000
2.000000
2.000000
2.000000
2.000000
2.000000
2.000000
2.000000
2.000000
2.000000
2.000000
2.000000
2.000000
2.000000
2.000000
2.000000
2.000000
2.000000
2.000000
2.000000
2.000000
2.000000
2.000000
2.000000
2.000000
2.000000
2.000000
2.000000
2.000000
2.000000
2.000000
2.000000
2.000000
2.000000
2.000000
2.000000
2.000000
2.000000
2.000000
2.000000
2.000000
2.000000
2.000000
2.000000
2.000000
2.000000
2.000000
2.000000
2.000000
2.000000
2.000000
2.000000
2.000000
2.000000
2.000000
2.000000
2.000000
2.000000
2.000000
2.000000
2.000000
2.000000
2.000000
2.000000
2.000000
2.000000
2.000000
2.000000
2.000000
2.000000
2.000000
2.000000
2.000000
2.000000
2.000000
2.000000
2.000000
2.000000
2.000000
2.000000
2.000000
2.000000
2.000000
2.000000
2.000000
2.000000
2.000000
2.000000
2.000000
2.000000
2.000000
2.000000
2.000000
2.000000
2.000000
2.000000
2.000000
2.000000
2.000000
2.000000
2.000000
2.000000
2.000000
2.000000
2.000000
2.000000
2.000000
2.000000
2.000000
2.000000
2.000000
2.000000
2.000000
2.000000
2.000000
2.000000
2.000000
2.000000
2.000000
2.000000
2.000000
2.000000
2.000000
2.000000
1.999999
1.999999
1.999999
1.999999
1.999998
1.999998
1.999998
1.999997
1.999997
1.999996
1.999996
1.999996
1.999996
1.999995
1.999995
1.999996
1.999996
