2.160584
2.094997
2.055937
2.055937
2.094997
2.160584
2.245320
2.338076
2.433134
2.521178
2.598425
2.657567
2.696884
2.711162
2.700796
2.662671
2.599247
2.509414
2.397547
2.264320
2.115737
1.953893
1.785970
1.614930
1.448449
1.289521
1.145296
1.017560
0.911507
0.826196
0.763556
0.719243
0.692327
0.676646
0.670721
0.668879
0.670715
0.671880
0.673154
0.671296
0.667906
0.660610
0.651744
0.640033
0.629058
0.619542
0.617404
0.626502
0.655500
0.710157
0.798138
0.921439
1.081689
1.274899
1.497793
1.743076
2.005440
2.276547
2.550718
2.819748
3.078451
3.319414
3.538467
3.729409
3.889437
4.013846
4.101428
4.149144
4.157497
4.125180
4.054419
3.945599
3.802582
3.627305
3.425082
3.199173
2.956066
2.700029
2.438357
2.175908
1.920308
1.676447
1.451598
1.249828
1.076938
0.934705
0.825609
0.747161
0.697020
0.668524
0.656745
0.654775
0.659038
0.665096
0.671850
0.677415
0.682793
0.688254
0.696643
0.710236
0.733513
0.770181
0.825134
0.901497
1.002138
1.127322
1.276590
1.447168
1.636074
1.838713
2.050884
2.267313
2.483531
2.694337
2.895592
3.082645
3.252076
3.400097
3.524262
3.621847
3.691535
3.731776
3.742448
3.723204
3.675111
3.598978
3.496975
3.370950
3.224033
3.058932
2.879525
2.689146
2.492157
2.292227
2.093875
1.900741
1.717094
1.546084
1.391198
1.254492
1.138011
1.042061
0.966688
0.910201
0.870856
0.845766
0.832657
0.828934
0.833134
0.843931
0.861199
0.884985
0.916270
0.955988
1.005565
1.066033
1.138448
1.223171
1.320291
1.429101
1.548588
1.677047
1.812602
1.952881
2.095522
2.237868
2.377437
2.511610
2.638077
2.754513
2.858994
2.949668
3.025149
3.084173
3.125982
3.149963
3.156017
3.144194
3.115043
3.069240
3.007926
2.932330
2.844090
2.744877
2.636702
2.521534
2.401606
2.279022
2.156057
2.034764
1.917266
1.805367
1.700832
1.605020
1.519160
1.444013
1.380165
1.327742
1.286725
1.256732
1.237339
1.227915
1.227904
1.236678
1.253747
1.278606
1.310876
1.350142
1.396050
1.448165
1.506037
1.569095
1.636709
1.708118
1.782493
1.858894
1.936335
2.013762
2.090111
2.164302
2.235290
2.302062
2.363683
2.419290
2.468134
2.509573
2.543095
2.568322
2.585019
2.593087
2.592578
2.583678
2.566707
2.542114
2.510461
2.472418
2.428740
2.380262
2.327874
2.272510
2.215122
2.156672
2.098101
2.040326
1.984203
1.930536
1.880038
1.833342
1.790972
1.753362
1.720826
1.693592
1.671771
1.655403
1.644427
1.638733
1.638125
1.642386
1.651224
1.664347
1.681399
1.702036
1.725855
1.752474
1.781457
1.812394
1.844821
1.878316
1.912402
1.946654
1.980601
2.013836
2.045914
2.076467
2.105099
2.131500
2.155343
2.176399
2.194425
2.209284
2.220831
2.229029
2.233833
2.235308
2.233507
2.228591
2.220702
2.210083
2.196951
2.181614
2.164344
2.145493
2.125364
2.104329
2.082699
2.060844
2.039060
2.017692
1.996999
1.977284
1.958755
1.941659
1.926142
1.912386
1.900470
1.890512
1.882524
1.876561
1.872575
1.870563
1.870426
1.872114
1.875483
1.880448
1.886832
1.894522
1.903320
1.913097
1.923641
1.934815
1.946406
1.958277
1.970219
1.982107
1.993745
2.005022
2.015763
2.025881
2.035226
2.043740
2.051300
2.057881
2.063393
2.067841
2.071170
2.073418
2.074560
2.074665
2.073736
2.071869
2.069092
2.065521
2.061203
2.056270
2.050779
2.044874
2.038615
2.032147
2.025532
2.018909
2.012333
2.005932
1.999751
1.993905
1.988419
1.983395
1.978839
1.974832
1.971364
1.968496
1.966198
1.964514
1.963397
1.962873
1.962880
1.963430
1.964450
1.965941
1.967818
1.970076
1.972625
1.975453
1.978470
1.981661
1.984936
1.988283
1.991613
1.994920
1.998121
2.001214
2.004124
2.006857
2.009347
2.011607
2.013582
2.015294
2.016696
2.017821
2.018630
2.019164
2.019394
2.019367
2.019062
2.018532
2.017760
2.016806
2.015656
2.014373
2.012946
2.011437
2.009837
2.008209
2.006541
2.004894
2.003255
2.001682
2.000158
1.998736
1.997397
1.996188
1.995087
1.994135
1.993305
1.992635
1.992091
1.991709
1.991450
1.991345
1.991353
1.991502
1.991747
1.992114
1.992556
1.993096
1.993689
1.994356
1.995050
1.995792
1.996537
1.997307
1.998057
1.998809
1.999521
2.000217
2.000856
2.001465
2.002004
2.002501
2.002921
2.003293
2.003584
2.003825
2.003985
2.004096
2.004131
2.004121
2.004042
2.003927
2.003751
2.003548
2.003295
2.003026
2.002719
2.002407
2.002068
2.001735
2.001385
2.001052
2.000712
2.000397
2.000084
1.999803
1.999531
1.999295
1.999072
1.998890
1.998723
1.998597
1.998488
1.998420
1.998367
1.998353
1.998353
1.998388
1.998432
1.998509
1.998590
1.998699
1.998808
1.998940
1.999067
1.999211
1.999346
1.999494
1.999629
1.999772
1.999898
2.000030
2.000141
2.000255
2.000348
2.000441
2.000511
2.000581
2.000628
2.000673
2.000696
2.000718
2.000719
2.000720
2.000701
2.000684
2.000648
2.000616
2.000568
2.000525
2.000468
2.000418
2.000356
2.000303
2.000240
2.000187
2.000127
2.000078
2.000022
1.999979
1.999931
1.999896
1.999856
1.999830
1.999800
1.999783
1.999762
1.999755
1.999744
1.999745
1.999742
1.999751
1.999755
1.999770
1.999780
1.999800
1.999814
1.999838
1.999855
1.999880
1.999898
1.999923
1.999941
1.999965
1.999981
2.000004
2.000018
2.000037
2.000048
2.000065
2.000072
2.000085
2.000089
2.000098
2.000099
2.000104
2.000102
2.000104
2.000099
2.000099
2.000091
2.000089
2.000079
2.000075
2.000065
2.000060
2.000049
2.000044
2.000033
2.000028
2.000018
2.000013
2.000003
2.000000
1.999991
1.999988
1.999981
1.999980
1.999973
1.999973
1.999969
1.999970
1.999966
1.999968
1.999966
1.999969
1.999968
1.999972
1.999971
1.999976
1.999976
1.999980
1.999981
1.999986
1.999986
1.999991
1.999992
1.999996
1.999997
2.000001
2.000001
2.000005
2.000005
2.000008
2.000008
2.000011
2.000010
2.000012
2.000011
2.000013
2.000011
2.000013
2.000011
2.000012
2.000010
2.000011
2.000009
2.000009
2.000007
2.000008
2.000005
2.000006
2.000003
2.000004
2.000001
2.000002
2.000000
2.000001
1.999999
1.999999
1.999997
1.999998
1.999997
1.999998
1.999996
1.999997
1.999996
1.999997
1.999996
1.999997
1.999996
1.999998
1.999996
1.999998
1.999997
1.999998
1.999997
1.999999
1.999998
2.000000
1.999999
2.000000
1.999999
2.000001
2.000000
2.000001
2.000000
2.000001
2.000000
2.000001
2.000001
2.000002
2.000001
2.000002
2.000001
2.000002
2.000001
2.000002
2.000001
2.000001
2.000000
2.000001
2.000000
2.000001
2.000000
2.000001
2.000000
2.000001
2.000000
2.000001
2.000000
2.000000
2.000000
2.000000
1.999999
2.000000
1.999999
2.000000
1.999999
2.000000
1.999999
2.000000
1.999999
2.000000
1.999999
2.000000
1.999999
2.000000
1.999999
2.000000
2.000000
2.000000
2.000000
2.000000
2.000000
2.000000
2.000000
2.000000
2.000000
2.000000
2.000000
2.000000
2.000000
2.000000
2.000000
2.000000
2.000000
2.000000
2.000000
2.000000
2.000000
2.000000
2.000000
2.000000
2.000000
2.000000
2.000000
2.000000
2.000000
2.000000
2.000000
2.000000
2.000000
2.000000
2.000000
2.000000
2.000000
2.000000
2.000000
2.000000
2.000000
2.000000
2.000000
2.000000
2.000000
2.000000
2.000000
2.000000
2.000000
2.000000
2.000000
2.000000
2.000000
2.000000
2.000000
2.000000
2.000000
2.000000
2.000000
2.000000
2.000000
2.000000
2.000000
2.000000
2.000000
2.000000
2.000000
2.000000
2.000000
2.000000
2.000000
2.000000
2.000000
2.000000
2.000000
2.000000
2.000000
2.000000
2.000000
2.000000
2.000000
2.000000
2.000000
2.000000
2.000000
2.000000
2.000000
2.000000
2.000000
2.000000
2.000000
2.000000
2.000000
2.000000
2.000000
2.000000
2.000000
2.000000
2.000000
2.000000
2.000000
2.000000
2.000000
2.000000
2.000000
2.000000
2.000000
2.000000
2.000000
2.000000
2.000000
2.000000
2.000000
2.000000
2.000000
2.000000
2.000000
2.000000
2.000000
2.000000
2.000000
2.000000
2.000000
2.000000
2.000000
2.000000
2.000000
2.000000
2.000000
2.000000
2.000000
2.000000
2.000000
2.000000
2.000000
2.000000
2.000000
2.000000
2.000000
2.000000
2.000000
2.000000
2.000000
2.000000
2.000000
2.000000
2.000000
2.000000
2.000000
2.000000
2.000000
2.000000
2.000000
2.000000
2.000000
2.000000
2.000000
2.000000
2.000000
2.000000
2.000000
2.000000
2.000000
2.000000
2.000000
2.000000
2.000000
2.000000
2.000000
2.000000
2.000000
2.000000
2.000000
2.000000
2.000000
2.000000
2.000000
2.000000
2.000000
2.000000
2.000000
2.000000
2.000000
2.000000
2.000000
2.000000
2.000000
2.000000
2.000000
2.000000
2.000000
2.000000
2.000000
2.000000
2.000000
2.000000
2.000000
2.000000
2.000000
2.000000
2.000000
2.000000
2.000000
2.000000
2.000000
2.000000
2.000000
2.000000
2.000000
2.000000
2.000000
2.000000
2.000000
2.000000
2.000000
2.000000
2.000000
2.000000
2.000000
2.000000
2.000000
2.000000
2.000000
2.000000
2.000000
2.000000
2.000000
2.000000
2.000000
2.000000
2.000000
2.000000
2.000000
2.000000
2.000000
2.000000
2.000000
2.000000
2.000000
2.000000
2.000000
2.000000
2.000000
2.000000
2.000000
2.000000
2.000000
2.000000
2.000000
2.000000
2.000000
2.000000
2.000000
2.000000
2.000000
2.000000
2.000000
2.000000
2.000000
2.000000
2.000000
2.000000
2.000000
2.000000
2.000000
2.000000
2.000000
2.000000
2.000000
2.000000
2.000000
2.000000
2.000000
2.000000
2.000000
2.000000
2.000000
2.000000
2.000000
2.000000
2.000000
2.000000
2.000000
2.000000
2.000000
2.000000
2.000000
2.000000
2.000000
2.000000
2.000000
2.000000
2.000000
2.000000
2.000000
2.000000
2.000000
2.000000
2.000000
2.000000
2.000000
2.000000
2.000000
2.000000
