2.150123
2.088934
2.052557
2.052557
2.088934
2.150123
2.228679
2.314343
2.401220
2.480762
2.548919
2.599079
2.629198
2.634713
2.615662
2.569555
2.498479
2.401936
2.283920
2.145715
1.992945
1.828315
1.658626
1.487447
1.322060
1.166021
1.026006
0.904209
0.805115
0.727851
0.673294
0.636903
0.616736
0.606705
0.604816
0.605871
0.609284
0.611280
0.612511
0.610209
0.605791
0.597213
0.586584
0.572879
0.559532
0.547635
0.543341
0.551366
0.581221
0.639704
0.734754
0.868076
1.040415
1.246979
1.483721
1.742874
2.018708
2.302681
2.588887
2.869046
3.137837
3.387827
3.614756
3.812431
3.977981
4.106724
4.197395
4.246987
4.255956
4.223032
4.150400
4.038490
3.891127
3.710304
3.501307
3.267464
3.015251
2.749025
2.476104
2.201478
1.932859
1.675362
1.436487
1.220710
1.034315
0.879778
0.760296
0.674054
0.618945
0.588007
0.575572
0.573903
0.578738
0.585159
0.591806
0.596658
0.600742
0.604436
0.610885
0.622788
0.645266
0.682711
0.740675
0.822613
0.931390
1.066884
1.228137
1.411782
1.614367
1.830845
2.056720
2.286429
2.515342
2.738070
2.950395
3.147537
3.326043
3.482030
3.613045
3.716288
3.790451
3.833923
3.846603
3.828092
3.779487
3.701551
3.596496
3.466135
3.313648
3.141722
2.954303
2.754725
2.547444
2.336165
2.125549
1.919334
1.722014
1.536936
1.367940
1.217414
1.087881
0.980055
0.894423
0.829501
0.783638
0.753722
0.737202
0.731053
0.733537
0.743072
0.759508
0.782927
0.814531
0.855470
0.907460
0.971710
1.049426
1.140940
1.246279
1.364523
1.494463
1.634113
1.781381
1.933625
2.088309
2.242550
2.393739
2.539080
2.676179
2.802569
2.916277
3.015335
3.098330
3.163907
3.211295
3.239806
3.249343
3.239894
3.212022
3.166352
3.104055
3.026318
2.934824
2.831216
2.717571
2.595853
2.468380
2.337281
2.204954
2.073515
1.945254
1.822089
1.706006
1.598530
1.501157
1.414845
1.340459
1.278302
1.228584
1.191023
1.165330
1.150873
1.147140
1.153435
1.169265
1.194036
1.227352
1.268704
1.317716
1.373848
1.436612
1.505314
1.579268
1.657574
1.739331
1.823454
1.908883
1.994419
2.078931
2.161203
2.240135
2.314590
2.383590
2.446166
2.501539
2.548971
2.587937
2.617976
2.638850
2.650394
2.652666
2.645796
2.630128
2.606065
2.574207
2.535189
2.489820
2.438917
2.383436
2.324313
2.262584
2.199229
2.135294
2.071731
2.009521
1.949520
1.892578
1.839394
1.790634
1.746800
1.708344
1.675549
1.648647
1.627715
1.612785
1.603752
1.600485
1.602742
1.610268
1.622722
1.639758
1.660966
1.685939
1.714216
1.745344
1.778827
1.814182
1.850894
1.888466
1.926382
1.964150
2.001275
2.037295
2.071757
2.104251
2.134391
2.161841
2.186301
2.207528
2.225319
2.239537
2.250086
2.256937
2.260106
2.259667
2.255741
2.248499
2.238154
2.224958
2.209199
2.191191
2.171272
2.149798
2.127135
2.103652
2.079720
2.055697
2.031934
2.008759
1.986481
1.965378
1.945704
1.927672
1.911470
1.897240
1.885098
1.875115
1.867337
1.861764
1.858380
1.857122
1.857919
1.860656
1.865217
1.871448
1.879199
1.888288
1.898542
1.909762
1.921765
1.934344
1.947317
1.960479
1.973659
1.986663
1.999337
2.011508
2.023046
2.033806
2.043688
2.052578
2.060410
2.067105
2.072634
2.076952
2.080067
2.081970
2.082701
2.082284
2.080789
2.078266
2.074813
2.070500
2.065442
2.059725
2.053477
2.046790
2.039796
2.032589
2.025298
2.018010
2.010846
2.003882
1.997224
1.990932
1.985096
1.979756
1.974981
1.970792
1.967236
1.964314
1.962053
1.960432
1.959463
1.959105
1.959353
1.960152
1.961486
1.963285
1.965525
1.968130
1.971067
1.974256
1.977663
1.981208
1.984857
1.988530
1.992200
1.995792
1.999283
2.002607
2.005748
2.008650
2.011308
2.013672
2.015749
2.017500
2.018941
2.020044
2.020833
2.021291
2.021452
2.021303
2.020888
2.020201
2.019290
2.018155
2.016848
2.015371
2.013778
2.012073
2.010311
2.008493
2.006674
2.004854
2.003082
2.001357
1.999725
1.998178
1.996759
1.995455
1.994303
1.993287
1.992436
1.991730
1.991195
1.990804
1.990579
1.990490
1.990554
1.990737
1.991056
1.991471
1.991999
1.992598
1.993283
1.994013
1.994801
1.995607
1.996443
1.997272
1.998107
1.998911
1.999699
2.000436
2.001140
2.001777
2.002368
2.002882
2.003340
2.003715
2.004031
2.004262
2.004435
2.004525
2.004561
2.004522
2.004435
2.004282
2.004092
2.003846
2.003575
2.003259
2.002931
2.002571
2.002210
2.001830
2.001460
2.001083
2.000726
2.000370
2.000044
1.999727
1.999446
1.999180
1.998955
1.998747
1.998583
1.998438
1.998337
1.998255
1.998215
1.998192
1.998209
1.998239
1.998304
1.998378
1.998483
1.998592
1.998725
1.998858
1.999010
1.999157
1.999317
1.999466
1.999625
1.999769
1.999918
2.000049
2.000181
2.000293
2.000404
2.000492
2.000579
2.000642
2.000703
2.000739
2.000774
2.000786
2.000796
2.000785
2.000774
2.000743
2.000714
2.000667
2.000625
2.000566
2.000514
2.000449
2.000391
2.000323
2.000264
2.000197
2.000141
2.000077
2.000027
1.999970
1.999928
1.999880
1.999846
1.999809
1.999785
1.999758
1.999745
1.999728
1.999725
1.999717
1.999723
1.999724
1.999738
1.999746
1.999765
1.999779
1.999803
1.999820
1.999847
1.999866
1.999894
1.999913
1.999940
1.999959
1.999985
2.000001
2.000024
2.000037
2.000057
2.000067
2.000083
2.000089
2.000101
2.000104
2.000112
2.000110
2.000115
2.000110
2.000112
2.000104
2.000103
2.000094
2.000091
2.000080
2.000075
2.000063
2.000058
2.000046
2.000040
2.000028
2.000023
2.000012
2.000008
1.999997
1.999994
1.999985
1.999983
1.999975
1.999975
1.999968
1.999969
1.999964
1.999966
1.999963
1.999966
1.999964
1.999968
1.999966
1.999971
1.999970
1.999976
1.999976
1.999981
1.999981
1.999987
1.999987
1.999993
1.999993
1.999999
1.999998
2.000003
2.000003
2.000008
2.000006
2.000011
2.000009
2.000013
2.000011
2.000014
2.000012
2.000015
2.000012
2.000014
2.000011
2.000013
2.000010
2.000012
2.000008
2.000010
2.000006
2.000008
2.000004
2.000006
2.000002
2.000004
2.000001
2.000002
1.999999
2.000001
1.999998
1.999999
1.999997
1.999998
1.999996
1.999998
1.999995
1.999997
1.999995
1.999997
1.999995
1.999997
1.999996
1.999998
1.999996
1.999998
1.999997
1.999999
1.999997
1.999999
1.999998
2.000000
1.999998
2.000001
1.999999
2.000001
1.999999
2.000001
2.000000
2.000002
2.000000
2.000002
2.000000
2.000002
2.000000
2.000002
2.000000
2.000002
2.000000
2.000002
2.000000
2.000002
2.000000
2.000002
2.000000
2.000001
2.000000
2.000001
2.000000
2.000001
1.999999
2.000001
1.999999
2.000001
1.999999
2.000001
1.999999
2.000000
1.999999
2.000000
1.999999
2.000000
1.999999
2.000000
1.999999
2.000000
1.999999
2.000000
1.999999
2.000000
1.999999
2.000000
1.999999
2.000000
1.999999
2.000000
1.999999
2.000001
1.999999
2.000001
2.000000
2.000001
2.000000
2.000001
2.000000
2.000001
2.000000
2.000001
2.000000
2.000001
2.000000
2.000001
2.000000
2.000001
2.000000
2.000001
2.000000
2.000001
2.000000
2.000000
2.000000
2.000000
2.000000
2.000000
2.000000
2.000000
2.000000
2.000000
2.000000
2.000000
2.000000
2.000000
2.000000
2.000000
2.000000
2.000000
2.000000
2.000000
2.000000
2.000000
2.000000
2.000000
2.000000
2.000000
2.000000
2.000000
2.000000
2.000000
2.000000
2.000000
2.000000
2.000000
2.000000
2.000000
2.000000
2.000000
2.000000
2.000000
2.000000
2.000000
2.000000
2.000000
2.000000
2.000000
2.000000
2.000000
2.000000
2.000000
2.000000
2.000000
2.000000
2.000000
2.000000
2.000000
2.000000
2.000000
2.000000
2.000000
2.000000
2.000000
2.000000
2.000000
2.000000
2.000000
2.000000
2.000000
2.000000
2.000000
2.000000
2.000000
2.000000
2.000000
2.000000
2.000000
2.000000
2.000000
2.000000
2.000000
2.000000
2.000000
2.000000
2.000000
2.000000
2.000000
2.000000
2.000000
2.000000
2.000000
2.000000
2.000000
2.000000
2.000000
2.000000
2.000000
2.000000
2.000000
2.000000
2.000000
2.000000
2.000000
2.000000
2.000000
2.000000
2.000000
2.000000
2.000000
2.000000
2.000000
2.000000
2.000000
2.000000
2.000000
2.000000
2.000000
2.000000
2.000000
2.000000
2.000000
2.000000
2.000000
2.000000
2.000000
2.000000
2.000000
2.000000
2.000000
2.000000
2.000000
2.000000
2.000000
2.000000
2.000000
2.000000
2.000000
2.000000
2.000000
2.000000
2.000000
2.000000
2.000000
2.000000
2.000000
2.000000
2.000000
2.000000
2.000000
2.000000
2.000000
2.000000
2.000000
2.000000
2.000000
2.000000
2.000000
2.000000
2.000000
2.000000
2.000000
2.000000
2.000000
2.000000
2.000000
2.000000
2.000000
2.000000
2.000000
2.000000
2.000000
2.000000
2.000000
2.000000
2.000000
2.000000
2.000000
2.000000
2.000000
2.000000
2.000000
2.000000
2.000000
2.000000
2.000000
2.000000
2.000000
2.000000
2.000000
2.000000
2.000000
2.000000
2.000000
2.000000
2.000000
2.000000
2.000000
2.000000
2.000000
2.000000
2.000000
2.000000
2.000000
2.000000
2.000000
2.000000
2.000000
2.000000
2.000000
2.000000
2.000000
2.000000
2.000000
2.000000
2.000000
2.000000
2.000000
2.000000
2.000000
2.000000
2.000000
2.000000
2.000000
2.000000
2.000000
2.000000
2.000000
2.000000
2.000000
2.000000
2.000000
2.000000
2.000000
2.000000
2.000000
2.000000
2.000000
2.000000
2.000000
2.000000
2.000000
2.000000
2.000000
2.000000
2.000000
2.000000
2.000000
2.000000
2.000000
2.000000
2.000000
2.000000
2.000000
2.000000
2.000000
2.000000
2.000000
2.000000
2.000000
2.000000
2.000000
2.000000
2.000000
1.999999
1.999999
1.999999
1.999999
1.999999
1.999999
1.999998
1.999998
1.999998
1.999998
1.999998
1.999998
1.999998
1.999998
