2.154566
2.091554
2.054066
2.054066
2.091554
2.154566
2.235686
2.324298
2.414577
2.497660
2.569604
2.623510
2.657466
2.666641
2.651215
2.608442
2.540559
2.446816
2.331361
2.195225
2.044185
1.880695
1.711708
1.540541
1.374636
1.217314
1.075446
0.951060
0.848942
0.768204
0.710175
0.670412
0.647400
0.635016
0.631469
0.631353
0.634147
0.635830
0.637102
0.634997
0.631007
0.622950
0.613036
0.600135
0.587750
0.576822
0.573411
0.581871
0.611352
0.668212
0.760297
0.889454
1.056817
1.257922
1.489040
1.742584
2.012991
2.291792
2.573173
2.848876
3.113637
3.360022
3.583814
3.778808
3.942165
4.069189
4.158641
4.207497
4.216236
4.183567
4.111699
4.001036
3.855424
3.676830
3.470555
3.239897
2.991341
2.729206
2.460805
2.191074
1.927699
1.675702
1.442502
1.232410
1.051524
0.902031
0.786834
0.703817
0.650762
0.620815
0.608624
0.606800
0.611377
0.617634
0.624324
0.629475
0.634109
0.638554
0.645835
0.658466
0.681298
0.718424
0.775123
0.854715
0.960085
1.091286
1.247582
1.425852
1.622840
1.833676
2.053986
2.278316
2.502100
2.720020
2.927889
3.120975
3.295840
3.448633
3.576906
3.677887
3.750265
3.792450
3.804336
3.785542
3.737153
3.659950
3.556130
3.427518
3.277276
3.108098
2.923907
2.728034
2.524902
2.318200
2.112540
1.911617
1.719844
1.540488
1.377253
1.232393
1.108239
1.005331
0.923970
0.862572
0.819439
0.791545
0.776456
0.771328
0.774546
0.784635
0.801458
0.825077
0.856600
0.897079
0.948107
1.010813
1.086346
1.175050
1.276985
1.391322
1.516942
1.651972
1.794414
1.941736
2.091474
2.240834
2.387261
2.528026
2.660771
2.783084
2.893011
2.988629
3.068538
3.131417
3.176501
3.203129
3.211208
3.200745
3.172303
3.126524
3.064570
2.987643
2.897412
2.795529
2.684047
2.564934
2.440476
2.312794
2.184238
2.056902
1.933012
1.814441
1.703092
1.600422
1.507820
1.426162
1.356198
1.298154
1.252141
1.217829
1.194866
1.182614
1.180541
1.187972
1.204417
1.229314
1.262276
1.302831
1.350616
1.405132
1.465909
1.532305
1.603659
1.679128
1.757844
1.838779
1.920908
2.003088
2.084220
2.163140
2.238773
2.310032
2.375957
2.435621
2.488259
2.533171
2.569838
2.597833
2.616919
2.626958
2.628008
2.620220
2.603931
2.579561
2.547697
2.508989
2.464226
2.414233
2.359940
2.302284
2.242269
2.180869
2.119088
2.057866
1.998134
1.940727
1.886441
1.835947
1.789854
1.748633
1.712680
1.682253
1.657533
1.638578
1.625378
1.617826
1.615761
1.618948
1.627115
1.639938
1.657069
1.678123
1.702692
1.730350
1.760648
1.793128
1.827314
1.862729
1.898886
1.935304
1.971504
2.007023
2.041410
2.074246
2.105127
2.133699
2.159631
2.182651
2.202517
2.219054
2.232121
2.241649
2.247601
2.250014
2.248956
2.244562
2.236995
2.226478
2.213252
2.197611
2.179855
2.160328
2.139364
2.117332
2.094579
2.071475
2.048354
2.025563
2.003403
1.982182
1.962147
1.943549
1.926573
1.911405
1.898160
1.886955
1.877835
1.870848
1.865975
1.863204
1.862456
1.863668
1.866712
1.871485
1.877822
1.885589
1.894595
1.904686
1.915657
1.927345
1.939538
1.952074
1.964748
1.977404
1.989850
2.001950
2.013529
2.024476
2.034644
2.043949
2.052276
2.059574
2.065762
2.070823
2.074710
2.077444
2.079007
2.079454
2.078800
2.077126
2.074472
2.070946
2.066607
2.061579
2.055935
2.049809
2.043282
2.036491
2.029516
2.022491
2.015490
2.008637
2.001993
1.995671
1.989715
1.984219
1.979209
1.974761
1.970880
1.967621
1.964970
1.962962
1.961565
1.960795
1.960604
1.960993
1.961900
1.963313
1.965160
1.967422
1.970016
1.972921
1.976049
1.979377
1.982818
1.986349
1.989887
1.993411
1.996843
2.000171
2.003324
2.006295
2.009024
2.011514
2.013712
2.015633
2.017233
2.018537
2.019511
2.020187
2.020542
2.020617
2.020395
2.019924
2.019194
2.018257
2.017109
2.015805
2.014341
2.012778
2.011111
2.009400
2.007640
2.005889
2.004142
2.002451
2.000808
1.999263
1.997803
1.996472
1.995254
1.994187
1.993251
1.992478
1.991843
1.991375
1.991043
1.990873
1.990828
1.990932
1.991145
1.991488
1.991919
1.992455
1.993056
1.993737
1.994455
1.995227
1.996010
1.996821
1.997618
1.998420
1.999187
1.999938
2.000634
2.001298
2.001894
2.002446
2.002919
2.003340
2.003679
2.003962
2.004162
2.004307
2.004372
2.004387
2.004329
2.004229
2.004064
2.003866
2.003615
2.003344
2.003030
2.002707
2.002354
2.002003
2.001635
2.001280
2.000917
2.000577
2.000239
1.999932
1.999633
1.999372
1.999123
1.998917
1.998726
1.998579
1.998450
1.998364
1.998294
1.998267
1.998254
1.998279
1.998316
1.998387
1.998465
1.998573
1.998682
1.998816
1.998947
1.999097
1.999239
1.999394
1.999538
1.999691
1.999828
1.999970
2.000092
2.000217
2.000321
2.000424
2.000505
2.000584
2.000640
2.000694
2.000725
2.000754
2.000760
2.000767
2.000752
2.000738
2.000704
2.000674
2.000626
2.000583
2.000524
2.000473
2.000408
2.000353
2.000286
2.000230
2.000165
2.000112
2.000052
2.000005
1.999951
1.999912
1.999868
1.999837
1.999803
1.999782
1.999758
1.999748
1.999733
1.999732
1.999726
1.999734
1.999736
1.999751
1.999760
1.999780
1.999794
1.999818
1.999835
1.999861
1.999879
1.999907
1.999925
1.999952
1.999969
1.999994
2.000009
2.000031
2.000043
2.000061
2.000070
2.000085
2.000090
2.000101
2.000102
2.000109
2.000107
2.000111
2.000106
2.000107
2.000099
2.000097
2.000088
2.000084
2.000073
2.000069
2.000057
2.000052
2.000040
2.000035
2.000023
2.000019
2.000008
2.000004
1.999994
1.999991
1.999983
1.999981
1.999974
1.999974
1.999968
1.999969
1.999965
1.999967
1.999964
1.999967
1.999965
1.999969
1.999968
1.999973
1.999973
1.999978
1.999978
1.999983
1.999983
1.999989
1.999989
1.999995
1.999995
2.000000
2.000000
2.000004
2.000004
2.000008
2.000007
2.000011
2.000009
2.000013
2.000011
2.000014
2.000012
2.000014
2.000011
2.000013
2.000011
2.000012
2.000009
2.000011
2.000008
2.000009
2.000006
2.000007
2.000004
2.000005
2.000002
2.000003
2.000000
2.000001
1.999999
2.000000
1.999997
1.999999
1.999997
1.999998
1.999996
1.999998
1.999996
1.999997
1.999995
1.999997
1.999996
1.999998
1.999996
1.999998
1.999996
1.999998
1.999997
1.999999
1.999998
1.999999
1.999998
2.000000
1.999999
2.000001
1.999999
2.000001
2.000000
2.000001
2.000000
2.000002
2.000000
2.000002
2.000000
2.000002
2.000001
2.000002
2.000001
2.000002
2.000000
2.000002
2.000000
2.000002
2.000000
2.000001
2.000000
2.000001
2.000000
2.000001
2.000000
2.000001
2.000000
2.000001
1.999999
2.000000
1.999999
2.000000
1.999999
2.000000
1.999999
2.000000
1.999999
2.000000
1.999999
2.000000
1.999999
2.000000
1.999999
2.000000
1.999999
2.000000
1.999999
2.000000
1.999999
2.000000
1.999999
2.000000
2.000000
2.000000
2.000000
2.000000
2.000000
2.000000
2.000000
2.000000
2.000000
2.000000
2.000000
2.000000
2.000000
2.000000
2.000000
2.000000
2.000000
2.000000
2.000000
2.000000
2.000000
2.000000
2.000000
2.000000
2.000000
2.000000
2.000000
2.000000
2.000000
2.000000
2.000000
2.000000
2.000000
2.000000
2.000000
2.000000
2.000000
2.000000
2.000000
2.000000
2.000000
2.000000
2.000000
2.000000
2.000000
2.000000
2.000000
2.000000
2.000000
2.000000
2.000000
2.000000
2.000000
2.000000
2.000000
2.000000
2.000000
2.000000
2.000000
2.000000
2.000000
2.000000
2.000000
2.000000
2.000000
2.000000
2.000000
2.000000
2.000000
2.000000
2.000000
2.000000
2.000000
2.000000
2.000000
2.000000
2.000000
2.000000
2.000000
2.000000
2.000000
2.000000
2.000000
2.000000
2.000000
2.000000
2.000000
2.000000
2.000000
2.000000
2.000000
2.000000
2.000000
2.000000
2.000000
2.000000
2.000000
2.000000
2.000000
2.000000
2.000000
2.000000
2.000000
2.000000
2.000000
2.000000
2.000000
2.000000
2.000000
2.000000
2.000000
2.000000
2.000000
2.000000
2.000000
2.000000
2.000000
2.000000
2.000000
2.000000
2.000000
2.000000
2.000000
2.000000
2.000000
2.000000
2.000000
2.000000
2.000000
2.000000
2.000000
2.000000
2.000000
2.000000
2.000000
2.000000
2.000000
2.000000
2.000000
2.000000
2.000000
2.000000
2.000000
2.000000
2.000000
2.000000
2.000000
2.000000
2.000000
2.000000
2.000000
2.000000
2.000000
2.000000
2.000000
2.000000
2.000000
2.000000
2.000000
2.000000
2.000000
2.000000
2.000000
2.000000
2.000000
2.000000
2.000000
2.000000
2.000000
2.000000
2.000000
2.000000
2.000000
2.000000
2.000000
2.000000
2.000000
2.000000
2.000000
2.000000
2.000000
2.000000
2.000000
2.000000
2.000000
2.000000
2.000000
2.000000
2.000000
2.000000
2.000000
2.000000
2.000000
2.000000
2.000000
2.000000
2.000000
2.000000
2.000000
2.000000
2.000000
2.000000
2.000000
2.000000
2.000000
2.000000
2.000000
2.000000
2.000000
2.000000
2.000000
2.000000
2.000000
2.000000
2.000000
2.000000
2.000000
2.000000
2.000000
2.000000
2.000000
2.000000
2.000000
2.000000
2.000000
2.000000
2.000000
2.000000
2.000000
2.000000
2.000000
2.000000
2.000000
2.000000
2.000000
2.000000
2.000000
2.000000
2.000000
2.000000
2.000000
2.000000
2.000000
2.000000
2.000000
2.000000
2.000000
2.000000
2.000000
2.000000
2.000000
2.000000
2.000000
2.000000
2.000000
2.000000
2.000000
2.000000
2.000000
2.000000
2.000000
2.000000
2.000000
2.000000
2.000000
2.000000
2.000000
2.000000
2.000000
2.000000
2.000000
2.000000
2.000000
2.000000
2.000000
2.000000
2.000000
2.000000
2.000000
2.000000
2.000000
2.000000
2.000000
2.000000
2.000000
2.000000
2.000000
2.000000
1.999999
1.999999
1.999999
1.999999
1.999999
1.999999
1.999999
1.999999
1.999999
1.999999
