2.175778
2.102072
2.058036
2.058036
2.102072
2.175778
2.271903
2.377696
2.487785
2.591446
2.685412
2.761106
2.817434
2.848000
2.853882
2.830830
2.782020
2.705229
2.605557
2.482577
2.343015
2.187868
2.025031
1.856379
1.690321
1.528819
1.379857
1.244404
1.128789
1.031729
0.956765
0.899694
0.861297
0.835401
0.821630
0.813764
0.811874
0.810829
0.811648
0.810410
0.808947
0.804408
0.799354
0.792129
0.786316
0.781995
0.784396
0.795931
0.823610
0.871394
0.945960
1.049427
1.184563
1.349003
1.540994
1.754620
1.985522
2.226195
2.471436
2.713530
2.947505
3.166256
3.365693
3.539827
3.685865
3.799261
3.878772
3.921488
3.927849
3.896651
3.830035
3.728468
3.595697
3.433719
3.247694
3.040901
2.819619
2.588058
2.353200
2.119708
1.894697
1.682595
1.489804
1.319487
1.176062
1.059991
0.972258
0.909625
0.869551
0.846384
0.836427
0.834436
0.837895
0.843442
0.850338
0.857139
0.864661
0.873102
0.884615
0.900847
0.925049
0.959875
1.008914
1.074646
1.159539
1.264344
1.389211
1.532511
1.692111
1.864520
2.046172
2.232636
2.419808
2.603100
2.778543
2.941944
3.089929
3.219071
3.326890
3.410960
3.469879
3.502353
3.508138
3.487109
3.440180
3.368351
3.273609
3.157960
3.024308
2.875473
2.715051
2.546420
2.373567
2.200093
2.030001
1.866688
1.713693
1.573683
1.449166
1.341504
1.251644
1.179279
1.123682
1.083129
1.055831
1.039569
1.032525
1.032948
1.039741
1.052096
1.069837
1.093077
1.122372
1.158428
1.202119
1.254260
1.315531
1.386347
1.466759
1.556437
1.654605
1.760124
1.871464
1.986857
2.104268
2.221589
2.336592
2.447128
2.551057
2.646444
2.731464
2.804589
2.864473
2.910123
2.940772
2.956035
2.955764
2.940196
2.909792
2.865381
2.807975
2.738911
2.659655
2.571933
2.477526
2.378398
2.276476
2.173776
2.072176
1.973544
1.879505
1.791579
1.710947
1.638619
1.575215
1.521167
1.476528
1.441226
1.414883
1.397112
1.387331
1.385064
1.389726
1.400918
1.418160
1.441175
1.469586
1.503191
1.541638
1.584708
1.631976
1.683118
1.737568
1.794844
1.854214
1.915044
1.976461
2.037720
2.097874
2.156137
2.211566
2.263422
2.310843
2.353217
2.389838
2.420279
2.444046
2.460944
2.470720
2.473431
2.469078
2.457967
2.440338
2.416724
2.387573
2.353602
2.315416
2.273859
2.229631
2.183636
2.136599
2.089412
2.042755
1.997442
1.954044
1.913243
1.875454
1.841191
1.810694
1.784296
1.762063
1.744165
1.730517
1.721157
1.715883
1.714638
1.717144
1.723278
1.732712
1.745282
1.760628
1.778556
1.798679
1.820781
1.844452
1.869456
1.895365
1.921929
1.948713
1.975460
2.001740
2.027308
2.051756
2.074869
2.096276
2.115810
2.133160
2.148221
2.160755
2.170734
2.178000
2.182608
2.184484
2.183768
2.180467
2.174796
2.166835
2.156864
2.145019
2.131629
2.116869
2.101095
2.084500
2.067448
2.050130
2.032895
2.015916
1.999510
1.983813
1.969100
1.955461
1.943118
1.932108
1.922601
1.914581
1.908164
1.903286
1.900014
1.898240
1.897992
1.899126
1.901636
1.905352
1.910241
1.916113
1.922918
1.930455
1.938663
1.947333
1.956401
1.965660
1.975048
1.984365
1.993558
2.002437
2.010965
2.018970
2.026432
2.033201
2.039280
2.044545
2.049021
2.052612
2.055368
2.057220
2.058243
2.058394
2.057769
2.056348
2.054248
2.051465
2.048131
2.044256
2.039981
2.035325
2.030431
2.025321
2.020137
2.014898
2.009740
2.004673
1.999824
1.995194
1.990893
1.986912
1.983345
1.980167
1.977458
1.975179
1.973392
1.972046
1.971189
1.970757
1.970785
1.971199
1.972023
1.973176
1.974675
1.976432
1.978458
1.980663
1.983056
1.985547
1.988143
1.990756
1.993395
1.995977
1.998513
2.000926
2.003232
2.005361
2.007334
2.009090
2.010657
2.011979
2.013094
2.013953
2.014599
2.014992
2.015180
2.015131
2.014898
2.014453
2.013852
2.013075
2.012178
2.011143
2.010029
2.008820
2.007573
2.006272
2.004975
2.003664
2.002393
2.001143
1.999966
1.998840
1.997811
1.996856
1.996017
1.995267
1.994643
1.994116
1.993718
1.993418
1.993245
1.993164
1.993200
1.993317
1.993538
1.993824
1.994198
1.994620
1.995109
1.995627
1.996192
1.996768
1.997370
1.997964
1.998567
1.999144
1.999715
2.000245
2.000756
2.001215
2.001644
2.002015
2.002349
2.002620
2.002851
2.003018
2.003146
2.003212
2.003240
2.003212
2.003152
2.003041
2.002906
2.002729
2.002534
2.002307
2.002071
2.001812
2.001553
2.001280
2.001015
2.000743
2.000488
2.000233
2.000000
1.999773
1.999573
1.999383
1.999223
1.999076
1.998961
1.998859
1.998789
1.998733
1.998707
1.998694
1.998708
1.998733
1.998782
1.998839
1.998916
1.998997
1.999094
1.999192
1.999302
1.999409
1.999524
1.999633
1.999746
1.999850
1.999956
2.000050
2.000144
2.000223
2.000301
2.000364
2.000423
2.000467
2.000508
2.000533
2.000555
2.000562
2.000567
2.000558
2.000547
2.000524
2.000500
2.000466
2.000433
2.000391
2.000351
2.000305
2.000262
2.000214
2.000170
2.000123
2.000082
2.000039
2.000002
1.999963
1.999932
1.999901
1.999877
1.999852
1.999836
1.999819
1.999810
1.999800
1.999798
1.999796
1.999800
1.999803
1.999813
1.999821
1.999835
1.999847
1.999863
1.999878
1.999896
1.999911
1.999930
1.999945
1.999964
1.999978
1.999995
2.000008
2.000023
2.000033
2.000045
2.000053
2.000063
2.000068
2.000074
2.000077
2.000080
2.000080
2.000081
2.000079
2.000078
2.000074
2.000071
2.000065
2.000061
2.000054
2.000049
2.000042
2.000036
2.000029
2.000024
2.000017
2.000012
2.000005
2.000001
1.999995
1.999991
1.999987
1.999984
1.999980
1.999979
1.999976
1.999976
1.999974
1.999974
1.999974
1.999975
1.999975
1.999977
1.999977
1.999980
1.999981
1.999983
1.999985
1.999987
1.999989
1.999992
1.999993
1.999996
1.999997
2.000000
2.000001
2.000003
2.000004
2.000006
2.000006
2.000008
2.000008
2.000009
2.000009
2.000010
2.000009
2.000010
2.000009
2.000009
2.000008
2.000008
2.000007
2.000007
2.000006
2.000006
2.000005
2.000004
2.000003
2.000003
2.000002
2.000001
2.000000
2.000000
1.999999
1.999999
1.999998
1.999998
1.999998
1.999998
1.999997
1.999998
1.999997
1.999997
1.999997
1.999997
1.999997
1.999998
1.999998
1.999998
1.999998
1.999998
1.999998
1.999999
1.999999
1.999999
1.999999
2.000000
2.000000
2.000000
2.000000
2.000000
2.000000
2.000001
2.000001
2.000001
2.000001
2.000001
2.000001
2.000001
2.000001
2.000001
2.000001
2.000001
2.000001
2.000001
2.000001
2.000001
2.000001
2.000001
2.000000
2.000000
2.000000
2.000000
2.000000
2.000000
2.000000
2.000000
2.000000
2.000000
2.000000
2.000000
2.000000
2.000000
2.000000
2.000000
2.000000
2.000000
2.000000
2.000000
2.000000
2.000000
2.000000
2.000000
2.000000
2.000000
2.000000
2.000000
2.000000
2.000000
2.000000
2.000000
2.000000
2.000000
2.000000
2.000000
2.000000
2.000000
2.000000
2.000000
2.000000
2.000000
2.000000
2.000000
2.000000
2.000000
2.000000
2.000000
2.000000
2.000000
2.000000
2.000000
2.000000
2.000000
2.000000
2.000000
2.000000
2.000000
2.000000
2.000000
2.000000
2.000000
2.000000
2.000000
2.000000
2.000000
2.000000
2.000000
2.000000
2.000000
2.000000
2.000000
2.000000
2.000000
2.000000
2.000000
2.000000
2.000000
2.000000
2.000000
2.000000
2.000000
2.000000
2.000000
2.000000
2.000000
2.000000
2.000000
2.000000
2.000000
2.000000
2.000000
2.000000
2.000000
2.000000
2.000000
2.000000
2.000000
2.000000
2.000000
2.000000
2.000000
2.000000
2.000000
2.000000
2.000000
2.000000
2.000000
2.000000
2.000000
2.000000
2.000000
2.000000
2.000000
2.000000
2.000000
2.000000
2.000000
2.000000
2.000000
2.000000
2.000000
2.000000
2.000000
2.000000
2.000000
2.000000
2.000000
2.000000
2.000000
2.000000
2.000000
2.000000
2.000000
2.000000
2.000000
2.000000
2.000000
2.000000
2.000000
2.000000
2.000000
2.000000
2.000000
2.000000
2.000000
2.000000
2.000000
2.000000
2.000000
2.000000
2.000000
2.000000
2.000000
2.000000
2.000000
2.000000
2.000000
2.000000
2.000000
2.000000
2.000000
2.000000
2.000000
2.000000
2.000000
2.000000
2.000000
2.000000
2.000000
2.000000
2.000000
2.000000
2.000000
2.000000
2.000000
2.000000
2.000000
2.000000
2.000000
2.000000
2.000000
2.000000
2.000000
2.000000
2.000000
2.000000
2.000000
2.000000
2.000000
2.000000
2.000000
2.000000
2.000000
2.000000
2.000000
2.000000
2.000000
2.000000
2.000000
2.000000
2.000000
2.000000
2.000000
2.000000
2.000000
2.000000
2.000000
2.000000
2.000000
2.000000
2.000000
2.000000
2.000000
2.000000
2.000000
2.000000
2.000000
2.000000
2.000000
2.000000
2.000000
2.000000
2.000000
2.000000
2.000000
2.000000
2.000000
2.000000
2.000000
2.000000
2.000000
2.000000
2.000000
2.000000
2.000000
2.000000
2.000000
2.000000
2.000000
2.000000
2.000000
2.000000
2.000000
2.000000
2.000000
2.000000
2.000000
2.000000
2.000000
2.000000
2.000000
2.000000
2.000000
2.000000
2.000000
2.000000
2.000000
2.000000
2.000000
2.000000
2.000000
2.000000
2.000000
2.000000
2.000000
2.000000
2.000000
2.000000
2.000000
2.000000
2.000000
2.000000
2.000000
2.000000
2.000000
2.000000
2.000000
2.000000
2.000000
2.000000
2.000000
2.000000
2.000000
2.000000
2.000000
2.000000
2.000000
2.000000
2.000000
2.000000
2.000000
2.000000
2.000000
2.000000
2.000000
2.000000
2.000000
2.000000
2.000000
2.000000
2.000000
2.000000
2.000000
2.000000
2.000000
2.000000
2.000000
2.000000
2.000000
2.000000
2.000000
2.000000
2.000000
2.000000
2.000000
2.000000
2.000000
2.000000
2.000000
2.000000
2.000000
2.000000
2.000000
2.000000
2.000000
2.000000
2.000000
2.000000
2.000000
2.000000
2.000000
