2.146048
2.086491
2.051103
2.051103
2.086491
2.146048
2.222308
2.305323
2.389141
2.465490
2.530230
2.577000
2.603647
2.605843
2.583503
2.534365
2.460387
2.361295
2.240951
2.100865
1.946527
1.780871
1.610567
1.439409
1.274545
1.119740
0.981504
0.862172
0.765958
0.691976
0.640680
0.607415
0.589853
0.581940
0.581512
0.583575
0.587497
0.589734
0.590897
0.588404
0.583599
0.574563
0.563312
0.548913
0.534726
0.521977
0.516899
0.524544
0.554759
0.614752
0.712524
0.849619
1.026408
1.237806
1.479489
1.743546
2.024100
2.312559
2.602937
2.886943
3.159204
3.412295
3.641916
3.841890
4.009313
4.139524
4.231227
4.281440
4.290589
4.257431
4.184124
4.071125
3.922236
3.739480
3.528119
3.291517
3.036133
2.766364
2.489519
2.210644
1.937464
1.675175
1.431334
1.210566
1.019300
0.860274
0.736947
0.647797
0.590837
0.559031
0.546414
0.544925
0.550020
0.556607
0.563222
0.567800
0.571374
0.574367
0.580035
0.591250
0.613385
0.651118
0.710253
0.794360
0.906259
1.045655
1.211370
1.399817
1.607368
1.828823
2.059587
2.294003
2.527390
2.754301
2.970493
3.171149
3.352804
3.511547
3.644921
3.750108
3.825800
3.870369
3.883719
3.865436
3.816625
3.738039
3.631898
3.500008
3.345561
3.171241
2.981011
2.778206
2.567311
2.352040
2.137097
1.926252
1.724066
1.533953
1.359861
1.204300
1.069956
0.957701
0.868198
0.800068
0.751712
0.719953
0.702129
0.695049
0.696852
0.705855
0.721896
0.745077
0.776694
0.817994
0.870811
0.936429
1.016104
1.110156
1.218568
1.340336
1.474166
1.617963
1.769549
1.926190
2.085281
2.243864
2.399284
2.548688
2.689649
2.819658
2.936720
3.038834
3.124576
3.192561
3.242013
3.272221
3.283087
3.274578
3.247262
3.201747
3.139210
3.060826
2.968289
2.863235
2.747756
2.623814
2.493752
2.359707
2.224108
2.089094
1.957004
1.829792
1.709515
1.597754
1.496093
1.405568
1.327140
1.261191
1.208021
1.167404
1.139107
1.122516
1.117143
1.122277
1.137428
1.161971
1.195504
1.237487
1.287530
1.345055
1.409555
1.480292
1.556552
1.637384
1.721858
1.808833
1.897221
1.985770
2.073323
2.158615
2.240524
2.317870
2.389660
2.454885
2.512756
2.562500
2.603588
2.635528
2.658082
2.671057
2.674516
2.668567
2.653561
2.629882
2.598141
2.558962
2.513168
2.461567
2.405138
2.344811
2.281651
2.216642
2.150862
2.085276
2.020903
1.958619
1.899318
1.843725
1.792556
1.746339
1.705578
1.670582
1.641631
1.618819
1.602216
1.591730
1.587255
1.588548
1.595369
1.607364
1.624196
1.645432
1.670663
1.699401
1.731189
1.765498
1.801838
1.839662
1.878461
1.917688
1.956841
1.995393
2.032874
2.068799
2.102754
2.134322
2.163164
2.188954
2.211444
2.230411
2.245716
2.257244
2.264966
2.268882
2.269072
2.265640
2.258768
2.248654
2.235563
2.219772
2.201611
2.181411
2.159546
2.136377
2.112293
2.087665
2.062873
2.038269
2.014205
1.990994
1.968937
1.948293
1.929299
1.912146
1.897001
1.883982
1.873180
1.864642
1.858388
1.854395
1.852620
1.852983
1.855383
1.859693
1.865770
1.873451
1.882560
1.892910
1.904307
1.916552
1.929442
1.942775
1.956351
1.969980
1.983470
1.996649
2.009347
2.021416
2.032714
2.043122
2.052531
2.060859
2.068031
2.074003
2.078736
2.082222
2.084461
2.085479
2.085308
2.084008
2.081637
2.078282
2.074025
2.068972
2.063220
2.056889
2.050085
2.042932
2.035537
2.028024
2.020493
2.013060
2.005815
1.998860
1.992267
1.986123
1.980480
1.975403
1.970925
1.967090
1.963908
1.961403
1.959563
1.958395
1.957866
1.957966
1.958648
1.959887
1.961625
1.963825
1.966420
1.969368
1.972595
1.976059
1.979684
1.983426
1.987213
1.991006
1.994735
1.998368
2.001844
2.005138
2.008197
2.011007
2.013526
2.015748
2.017642
2.019214
2.020442
2.021343
2.021904
2.022152
2.022081
2.021726
2.021090
2.020212
2.019101
2.017800
2.016320
2.014710
2.012979
2.011178
2.009315
2.007439
2.005558
2.003717
2.001921
2.000211
1.998587
1.997087
1.995705
1.994474
1.993382
1.992458
1.991684
1.991083
1.990634
1.990354
1.990219
1.990241
1.990392
1.990682
1.991079
1.991591
1.992185
1.992868
1.993604
1.994402
1.995225
1.996081
1.996935
1.997797
1.998633
1.999453
2.000227
2.000965
2.001641
2.002267
2.002818
2.003310
2.003721
2.004068
2.004330
2.004529
2.004646
2.004704
2.004684
2.004613
2.004473
2.004292
2.004054
2.003785
2.003471
2.003139
2.002776
2.002407
2.002018
2.001637
2.001247
2.000875
2.000505
2.000162
1.999829
1.999530
1.999248
1.999005
1.998781
1.998600
1.998441
1.998325
1.998231
1.998178
1.998146
1.998152
1.998175
1.998233
1.998303
1.998403
1.998510
1.998642
1.998776
1.998929
1.999078
1.999242
1.999396
1.999560
1.999710
1.999865
2.000003
2.000142
2.000261
2.000379
2.000475
2.000568
2.000638
2.000705
2.000748
2.000788
2.000805
2.000819
2.000813
2.000805
2.000777
2.000750
2.000705
2.000663
2.000605
2.000552
2.000487
2.000428
2.000358
2.000297
2.000228
2.000169
2.000104
2.000050
1.999991
1.999945
1.999894
1.999858
1.999817
1.999791
1.999761
1.999745
1.999726
1.999720
1.999711
1.999715
1.999715
1.999727
1.999734
1.999753
1.999766
1.999789
1.999806
1.999833
1.999853
1.999881
1.999901
1.999929
1.999948
1.999975
1.999993
2.000017
2.000031
2.000052
2.000063
2.000081
2.000088
2.000101
2.000104
2.000113
2.000113
2.000118
2.000114
2.000116
2.000109
2.000109
2.000099
2.000096
2.000085
2.000081
2.000069
2.000064
2.000051
2.000045
2.000033
2.000028
2.000016
2.000011
2.000000
1.999997
1.999987
1.999985
1.999977
1.999976
1.999969
1.999969
1.999964
1.999966
1.999962
1.999965
1.999962
1.999966
1.999965
1.999970
1.999969
1.999974
1.999974
1.999980
1.999980
1.999986
1.999986
1.999992
1.999992
1.999997
1.999997
2.000003
2.000002
2.000007
2.000006
2.000010
2.000009
2.000013
2.000011
2.000014
2.000012
2.000015
2.000012
2.000015
2.000012
2.000014
2.000011
2.000012
2.000009
2.000011
2.000007
2.000009
2.000005
2.000007
2.000003
2.000005
2.000001
2.000003
1.999999
2.000001
1.999998
2.000000
1.999997
1.999999
1.999996
1.999998
1.999995
1.999997
1.999995
1.999997
1.999995
1.999997
1.999995
1.999998
1.999996
1.999998
1.999996
1.999999
1.999997
1.999999
1.999998
2.000000
1.999998
2.000001
1.999999
2.000001
1.999999
2.000001
2.000000
2.000002
2.000000
2.000002
2.000000
2.000002
2.000000
2.000002
2.000000
2.000002
2.000000
2.000002
2.000000
2.000002
2.000000
2.000002
2.000000
2.000002
2.000000
2.000001
2.000000
2.000001
1.999999
2.000001
1.999999
2.000001
1.999999
2.000001
1.999999
2.000001
1.999999
2.000000
1.999999
2.000000
1.999999
2.000000
1.999999
2.000000
1.999999
2.000000
1.999999
2.000000
1.999999
2.000000
1.999999
2.000001
1.999999
2.000001
1.999999
2.000001
1.999999
2.000001
1.999999
2.000001
1.999999
2.000001
1.999999
2.000001
1.999999
2.000001
2.000000
2.000001
2.000000
2.000001
2.000000
2.000001
2.000000
2.000001
2.000000
2.000001
2.000000
2.000001
2.000000
2.000001
2.000000
2.000001
2.000000
2.000001
2.000000
2.000000
2.000000
2.000000
2.000000
2.000000
2.000000
2.000000
2.000000
2.000000
2.000000
2.000000
2.000000
2.000000
2.000000
2.000000
2.000000
2.000000
2.000000
2.000000
2.000000
2.000000
2.000000
2.000000
2.000000
2.000000
2.000000
2.000000
2.000000
2.000000
2.000000
2.000000
2.000000
2.000000
2.000000
2.000000
2.000000
2.000000
2.000000
2.000000
2.000000
2.000000
2.000000
2.000000
2.000000
2.000000
2.000000
2.000000
2.000000
2.000000
2.000000
2.000000
2.000000
2.000000
2.000000
2.000000
2.000000
2.000000
2.000000
2.000000
2.000000
2.000000
2.000000
2.000000
2.000000
2.000000
2.000000
2.000000
2.000000
2.000000
2.000000
2.000000
2.000000
2.000000
2.000000
2.000000
2.000000
2.000000
2.000000
2.000000
2.000000
2.000000
2.000000
2.000000
2.000000
2.000000
2.000000
2.000000
2.000000
2.000000
2.000000
2.000000
2.000000
2.000000
2.000000
2.000000
2.000000
2.000000
2.000000
2.000000
2.000000
2.000000
2.000000
2.000000
2.000000
2.000000
2.000000
2.000000
2.000000
2.000000
2.000000
2.000000
2.000000
2.000000
2.000000
2.000000
2.000000
2.000000
2.000000
2.000000
2.000000
2.000000
2.000000
2.000000
2.000000
2.000000
2.000000
2.000000
2.000000
2.000000
2.000000
2.000000
2.000000
2.000000
2.000000
2.000000
2.000000
2.000000
2.000000
2.000000
2.000000
2.000000
2.000000
2.000000
2.000000
2.000000
2.000000
2.000000
2.000000
2.000000
2.000000
2.000000
2.000000
2.000000
2.000000
2.000000
2.000000
2.000000
2.000000
2.000000
2.000000
2.000000
2.000000
2.000000
2.000000
2.000000
2.000000
2.000000
2.000000
2.000000
2.000000
2.000000
2.000000
2.000000
2.000000
2.000000
2.000000
2.000000
2.000000
2.000000
2.000000
2.000000
2.000000
2.000000
2.000000
2.000000
2.000000
2.000000
2.000000
2.000000
2.000000
2.000000
2.000000
2.000000
2.000000
2.000000
2.000000
2.000000
2.000000
2.000000
2.000000
2.000000
2.000000
2.000000
2.000000
2.000000
2.000000
2.000000
2.000000
2.000000
2.000000
2.000000
2.000000
2.000000
2.000000
2.000000
2.000000
2.000000
2.000000
2.000000
2.000000
2.000000
2.000000
2.000000
2.000000
2.000000
2.000000
2.000000
2.000000
2.000000
2.000000
2.000000
2.000000
2.000000
2.000000
2.000000
2.000000
2.000000
2.000000
2.000000
2.000000
2.000000
2.000000
2.000000
2.000000
2.000000
2.000000
2.000000
2.000000
2.000000
2.000000
1.999999
1.999999
1.999999
1.999999
1.999999
1.999998
1.999998
1.999998
1.999997
1.999997
1.999997
1.999996
1.999996
1.999996
1.999996
1.999996
1.999996
