2.015907
1.977297
1.957076
1.957076
1.977297
2.015907
2.065057
2.123464
2.183882
2.245649
2.302277
2.353937
2.395127
2.427072
2.445435
2.452614
2.445481
2.427566
2.396822
2.357699
2.308937
2.255533
2.196592
2.137193
2.076333
2.018710
1.962824
1.912676
1.866079
1.826269
1.790452
1.761262
1.735559
1.715651
1.698345
1.685854
1.675138
1.668436
1.662953
1.660975
1.659962
1.662225
1.665464
1.671986
1.679715
1.690938
1.703794
1.720535
1.739490
1.762837
1.789023
1.820061
1.854380
1.893684
1.936201
1.983168
2.032459
2.084762
2.137552
2.191025
2.242372
2.291504
2.335574
2.374510
2.405724
2.429461
2.443655
2.449095
2.444396
2.430993
2.408209
2.378080
2.340520
2.297993
2.250770
2.201467
2.150422
2.100099
2.050625
2.004067
1.960162
1.920468
1.884303
1.852754
1.824827
1.801282
1.780982
1.764521
1.750776
1.740298
1.732068
1.726655
1.723183
1.722252
1.723123
1.726420
1.731529
1.739079
1.748560
1.760590
1.774735
1.791579
1.810725
1.832679
1.857025
1.884132
1.913491
1.945270
1.978796
2.013996
2.050001
2.086494
2.122438
2.157341
2.190088
2.220134
2.246420
2.268498
2.285509
2.297238
2.303141
2.303327
2.297625
2.286493
2.270118
2.249263
2.224389
2.196454
2.166070
2.134248
2.101601
2.069056
2.037105
2.006485
1.977494
1.950638
1.926008
1.903897
1.884232
1.867147
1.852467
1.840240
1.830254
1.822520
1.816834
1.813210
1.811473
1.811650
1.813603
1.817371
1.822843
1.830064
1.838936
1.849493
1.861631
1.875355
1.890536
1.907127
1.924952
1.943897
1.963721
1.984231
2.005118
2.026115
2.046855
2.067019
2.086211
2.104099
2.120301
2.134522
2.146444
2.155855
2.162549
2.166434
2.167442
2.165622
2.161050
2.153909
2.144403
2.132823
2.119463
2.104677
2.088799
2.072200
2.055208
2.038161
2.021342
2.005027
1.989432
1.974757
1.961143
1.948715
1.937547
1.927706
1.919214
1.912092
1.906330
1.901920
1.898833
1.897044
1.896511
1.897202
1.899066
1.902061
1.906130
1.911220
1.917264
1.924194
1.931928
1.940382
1.949456
1.959046
1.969032
1.979293
1.989691
2.000090
2.010342
2.020303
2.029824
2.038767
2.046995
2.054386
2.060829
2.066231
2.070520
2.073643
2.075572
2.076302
2.075850
2.074259
2.071589
2.067924
2.063361
2.058010
2.051994
2.045439
2.038476
2.031237
2.023849
2.016434
2.009107
2.001973
1.995126
1.988650
1.982616
1.977084
1.972102
1.967709
1.963933
1.960791
1.958293
1.956440
1.955229
1.954646
1.954673
1.955288
1.956461
1.958160
1.960347
1.962981
1.966016
1.969403
1.973091
1.977025
1.981148
1.985402
1.989729
1.994067
1.998359
2.002546
2.006573
2.010387
2.013939
2.017185
2.020085
2.022608
2.024727
2.026422
2.027682
2.028502
2.028884
2.028838
2.028380
2.027533
2.026325
2.024788
2.022960
2.020879
2.018589
2.016133
2.013554
2.010896
2.008202
2.005514
2.002868
2.000302
1.997848
1.995536
1.993390
1.991434
1.989685
1.988157
1.986861
1.985805
1.984990
1.984418
1.984084
1.983984
1.984108
1.984445
1.984981
1.985701
1.986587
1.987622
1.988784
1.990053
1.991408
1.992827
1.994287
1.995767
1.997246
1.998703
2.000120
2.001477
2.002758
2.003948
2.005033
2.006003
2.006849
2.007563
2.008141
2.008580
2.008880
2.009042
2.009071
2.008971
2.008751
2.008418
2.007982
2.007456
2.006849
2.006176
2.005449
2.004681
2.003885
2.003073
2.002259
2.001453
2.000668
1.999912
1.999196
1.998527
1.997913
1.997359
1.996870
1.996451
1.996102
1.995826
1.995623
1.995492
1.995431
1.995438
1.995509
1.995640
1.995826
1.996062
1.996342
1.996660
1.997010
1.997384
1.997778
1.998184
1.998595
1.999006
1.999412
1.999805
2.000183
2.000539
2.000870
2.001173
2.001444
2.001681
2.001884
2.002049
2.002178
2.002270
2.002325
2.002345
2.002332
2.002286
2.002212
2.002110
2.001984
2.001838
2.001674
2.001495
2.001305
2.001108
2.000906
2.000702
2.000500
2.000303
2.000112
1.999931
1.999761
1.999604
1.999462
1.999336
1.999226
1.999134
1.999060
1.999003
1.998964
1.998942
1.998937
1.998947
1.998972
1.999010
1.999060
1.999121
1.999191
1.999269
1.999354
1.999442
1.999534
1.999627
1.999721
1.999813
1.999903
1.999989
2.000070
2.000146
2.000216
2.000278
2.000333
2.000381
2.000420
2.000451
2.000474
2.000489
2.000496
2.000496
2.000489
2.000476
2.000456
2.000432
2.000403
2.000370
2.000334
2.000295
2.000255
2.000214
2.000172
2.000130
2.000089
2.000050
2.000012
1.999977
1.999944
1.999914
1.999888
1.999864
1.999845
1.999828
1.999816
1.999806
1.999801
1.999798
1.999799
1.999802
1.999809
1.999817
1.999828
1.999841
1.999855
1.999870
1.999887
1.999903
1.999921
1.999938
1.999955
1.999972
1.999988
2.000003
2.000018
2.000031
2.000043
2.000053
2.000062
2.000070
2.000076
2.000081
2.000084
2.000086
2.000086
2.000085
2.000084
2.000081
2.000077
2.000072
2.000067
2.000061
2.000054
2.000048
2.000041
2.000034
2.000026
2.000020
2.000013
2.000006
2.000000
1.999995
1.999990
1.999985
1.999981
1.999978
1.999975
1.999972
1.999971
1.999969
1.999969
1.999969
1.999969
1.999970
1.999971
1.999973
1.999974
1.999977
1.999979
1.999981
1.999984
1.999986
1.999989
1.999992
1.999994
1.999997
1.999999
2.000001
2.000003
2.000005
2.000007
2.000008
2.000009
2.000010
2.000011
2.000012
2.000012
2.000012
2.000012
2.000012
2.000012
2.000011
2.000011
2.000010
2.000009
2.000008
2.000007
2.000006
2.000005
2.000004
2.000003
2.000002
2.000001
2.000001
2.000000
1.999999
1.999998
1.999998
1.999997
1.999997
1.999997
1.999996
1.999996
1.999996
1.999996
1.999996
1.999996
1.999996
1.999996
1.999997
1.999997
1.999997
1.999997
1.999998
1.999998
1.999998
1.999999
1.999999
1.999999
2.000000
2.000000
2.000000
2.000000
2.000001
2.000001
2.000001
2.000001
2.000001
2.000001
2.000001
2.000001
2.000001
2.000001
2.000001
2.000001
2.000001
2.000001
2.000001
2.000001
2.000001
2.000001
2.000001
2.000001
2.000000
2.000000
2.000000
2.000000
2.000000
2.000000
2.000000
2.000000
2.000000
2.000000
2.000000
2.000000
2.000000
2.000000
2.000000
2.000000
2.000000
2.000000
2.000000
2.000000
2.000000
2.000000
2.000000
2.000000
2.000000
2.000000
2.000000
2.000000
2.000000
2.000000
2.000000
2.000000
2.000000
2.000000
2.000000
2.000000
2.000000
2.000000
2.000000
2.000000
2.000000
2.000000
2.000000
2.000000
2.000000
2.000000
2.000000
2.000000
2.000000
2.000000
2.000000
2.000000
2.000000
2.000000
2.000000
2.000000
2.000000
2.000000
2.000000
2.000000
2.000000
2.000000
2.000000
2.000000
2.000000
2.000000
2.000000
2.000000
2.000000
2.000000
2.000000
2.000000
2.000000
2.000000
2.000000
2.000000
2.000000
2.000000
2.000000
2.000000
2.000000
2.000000
2.000000
2.000000
2.000000
2.000000
2.000000
2.000000
2.000000
2.000000
2.000000
2.000000
2.000000
2.000000
2.000000
2.000000
2.000000
2.000000
2.000000
2.000000
2.000000
2.000000
2.000000
2.000000
2.000000
2.000000
2.000000
2.000000
2.000000
2.000000
2.000000
2.000000
2.000000
2.000000
2.000000
2.000000
2.000000
2.000000
2.000000
2.000000
2.000000
2.000000
2.000000
2.000000
2.000000
2.000000
2.000000
2.000000
2.000000
2.000000
2.000000
2.000000
2.000000
2.000000
2.000000
2.000000
2.000000
2.000000
2.000000
2.000000
2.000000
2.000000
2.000000
2.000000
2.000000
2.000000
2.000000
2.000000
2.000000
2.000000
2.000000
2.000000
2.000000
2.000000
2.000000
2.000000
2.000000
2.000000
2.000000
2.000000
2.000000
2.000000
2.000000
2.000000
2.000000
2.000000
2.000000
2.000000
2.000000
2.000000
2.000000
2.000000
2.000000
2.000000
2.000000
2.000000
2.000000
2.000000
2.000000
2.000000
2.000000
2.000000
2.000000
2.000000
2.000000
2.000000
2.000000
2.000000
2.000000
2.000000
2.000000
2.000000
2.000000
2.000000
2.000000
2.000000
2.000000
2.000000
2.000000
2.000000
2.000000
2.000000
2.000000
2.000000
2.000000
2.000000
2.000000
2.000000
2.000000
2.000000
2.000000
2.000000
2.000000
2.000000
2.000000
2.000000
2.000000
2.000000
2.000000
2.000000
2.000000
2.000000
2.000000
2.000000
2.000000
2.000000
2.000000
2.000000
2.000000
2.000000
2.000000
2.000000
2.000000
2.000000
2.000000
2.000000
2.000000
2.000000
2.000000
2.000000
2.000000
2.000000
2.000000
2.000000
2.000000
2.000000
2.000000
2.000000
2.000000
2.000000
2.000000
2.000000
2.000000
2.000000
2.000000
2.000000
2.000000
2.000000
2.000000
2.000000
2.000000
2.000000
2.000000
2.000000
2.000000
2.000000
2.000000
2.000000
2.000000
2.000000
2.000000
2.000000
2.000000
2.000000
2.000000
2.000000
2.000000
2.000000
2.000000
2.000000
2.000000
2.000000
2.000000
2.000000
2.000000
2.000000
2.000000
2.000000
2.000000
2.000000
2.000000
2.000000
2.000000
2.000000
2.000000
2.000000
2.000000
2.000000
2.000000
2.000000
2.000000
2.000000
2.000000
2.000000
2.000000
2.000000
2.000000
2.000000
2.000000
2.000000
2.000000
2.000000
2.000000
2.000000
2.000000
2.000000
2.000000
2.000000
2.000000
2.000000
2.000000
2.000000
2.000000
2.000000
2.000000
2.000000
2.000000
2.000000
2.000000
2.000000
2.000000
2.000000
2.000000
2.000000
2.000000
2.000000
2.000000
2.000000
2.000000
2.000000
2.000000
2.000000
2.000000
2.000000
2.000000
2.000000
2.000000
2.000000
2.000000
2.000000
2.000000
2.000000
2.000000
2.000000
2.000000
2.000000
2.000000
2.000000
2.000000
2.000000
2.000000
2.000000
2.000000
2.000000
2.000000
2.000000
2.000000
2.000000
2.000000
2.000000
2.000000
2.000000
2.000000
2.000000
2.000000
2.000000
2.000000
2.000000
2.000000
2.000000
2.000000
2.000000
2.000000
2.000000
2.000000
2.000000
2.000000
