2.148837
2.071685
2.026085
2.026085
2.071685
2.148837
2.250150
2.363182
2.482304
2.597081
2.703893
2.794434
2.867181
2.915984
2.941424
2.939473
2.912736
2.859175
2.783240
2.684633
2.569323
2.438359
2.298750
2.152326
2.006457
1.862991
1.728781
1.604770
1.496302
1.402551
1.326634
1.265662
1.220627
1.187261
1.165409
1.150643
1.142732
1.137967
1.136575
1.135842
1.136526
1.136881
1.138155
1.139559
1.142897
1.148448
1.158726
1.175177
1.201005
1.238510
1.290945
1.360365
1.448732
1.556377
1.682838
1.826029
1.983074
2.149959
2.322301
2.495177
2.663753
2.823146
2.968914
3.096906
3.203656
3.286206
3.342422
3.370809
3.370756
3.342335
3.286498
3.204852
3.099804
2.974327
2.832046
2.676985
2.513593
2.346473
2.180332
2.019688
1.868736
1.731065
1.609447
1.505671
1.420363
1.353119
1.302457
1.266353
1.242216
1.227636
1.220109
1.217822
1.219011
1.222797
1.228266
1.235422
1.244096
1.255035
1.268684
1.286404
1.309112
1.338569
1.375884
1.422817
1.480160
1.549082
1.629473
1.721394
1.823483
1.934554
2.052085
2.173921
2.296805
2.418115
2.534395
2.643074
2.740973
2.825997
2.895604
2.948477
2.982949
2.998650
2.994908
2.972362
2.931342
2.873455
2.799937
2.713221
2.615262
2.509080
2.397063
2.282492
2.167817
2.056171
1.949639
1.850766
1.760855
1.681505
1.612973
1.555795
1.509233
1.472973
1.445652
1.426568
1.414223
1.407981
1.406582
1.409725
1.416560
1.427188
1.441165
1.458934
1.480351
1.506065
1.536070
1.571037
1.610904
1.656167
1.706515
1.762098
1.822215
1.886581
1.954069
2.023977
2.094825
2.165620
2.234683
2.300910
2.362622
2.418801
2.467950
2.509312
2.541727
2.564826
2.577885
2.580997
2.573921
2.557227
2.531141
2.496672
2.454451
2.405831
2.351733
2.293728
2.232878
2.170805
2.108546
2.047605
1.988832
1.933466
1.882044
1.835447
1.793845
1.757744
1.726978
1.701745
1.681639
1.666663
1.656297
1.650472
1.648657
1.650800
1.656427
1.665536
1.677727
1.693046
1.711141
1.732073
1.755497
1.781441
1.809522
1.839695
1.871501
1.904797
1.939036
1.973974
2.008986
2.043752
2.077600
2.110176
2.140809
2.169167
2.194633
2.216951
2.235611
2.250477
2.261185
2.267754
2.269989
2.268075
2.261991
2.252084
2.238488
2.221690
2.201948
2.179845
2.155720
2.130205
2.103667
2.076735
2.049755
2.023304
1.997664
1.973325
1.950478
1.929506
1.910497
1.893723
1.879176
1.867030
1.857193
1.849762
1.844585
1.841703
1.840925
1.842253
1.845473
1.850561
1.857290
1.865615
1.875299
1.886279
1.898309
1.911308
1.925019
1.939345
1.954022
1.968939
1.983828
1.998572
2.012909
2.026725
2.039772
2.051954
2.063049
2.072989
2.081590
2.088821
2.094548
2.098785
2.101447
2.102602
2.102216
2.100403
2.097181
2.092704
2.087033
2.080353
2.072753
2.064442
2.055524
2.046215
2.036622
2.026955
2.017314
2.007890
1.998767
1.990109
1.981976
1.974502
1.967720
1.961731
1.956539
1.952216
1.948738
1.946148
1.944401
1.943514
1.943423
1.944126
1.945543
1.947655
1.950371
1.953661
1.957426
1.961627
1.966161
1.970984
1.975993
1.981140
1.986326
1.991505
1.996582
2.001518
2.006226
2.010673
2.014786
2.018542
2.021880
2.024792
2.027232
2.029204
2.030680
2.031677
2.032181
2.032226
2.031811
2.030979
2.029744
2.028158
2.026242
2.024057
2.021630
2.019024
2.016269
2.013427
2.010528
2.007633
2.004767
2.001986
1.999310
1.996787
1.994431
1.992280
1.990342
1.988646
1.987191
1.985997
1.985056
1.984379
1.983952
1.983778
1.983837
1.984126
1.984619
1.985309
1.986167
1.987182
1.988323
1.989576
1.990910
1.992311
1.993748
1.995206
1.996657
1.998089
1.999475
2.000804
2.002054
2.003219
2.004279
2.005231
2.006060
2.006768
2.007344
2.007792
2.008107
2.008297
2.008359
2.008305
2.008137
2.007867
2.007499
2.007050
2.006525
2.005939
2.005301
2.004625
2.003921
2.003202
2.002478
2.001761
2.001058
2.000382
1.999737
1.999135
1.998577
1.998074
1.997626
1.997239
1.996912
1.996649
1.996449
1.996312
1.996235
1.996217
1.996254
1.996344
1.996480
1.996660
1.996877
1.997128
1.997405
1.997704
1.998019
1.998346
1.998677
1.999009
1.999337
1.999656
1.999962
2.000252
2.000522
2.000770
2.000993
2.001190
2.001358
2.001499
2.001610
2.001693
2.001747
2.001775
2.001775
2.001751
2.001704
2.001637
2.001550
2.001447
2.001330
2.001202
2.001065
2.000922
2.000774
2.000626
2.000477
2.000331
2.000190
2.000056
1.999929
1.999811
1.999704
1.999608
1.999523
1.999452
1.999392
1.999346
1.999312
1.999290
1.999280
1.999281
1.999293
1.999314
1.999344
1.999382
1.999426
1.999476
1.999531
1.999589
1.999649
1.999711
1.999772
1.999834
1.999894
1.999952
2.000007
2.000058
2.000105
2.000148
2.000186
2.000220
2.000248
2.000270
2.000288
2.000300
2.000307
2.000310
2.000308
2.000302
2.000292
2.000278
2.000262
2.000243
2.000222
2.000199
2.000175
2.000150
2.000125
2.000100
2.000075
2.000051
2.000028
2.000006
1.999985
1.999967
1.999950
1.999935
1.999922
1.999911
1.999902
1.999896
1.999891
1.999889
1.999888
1.999889
1.999891
1.999895
1.999900
1.999907
1.999914
1.999922
1.999931
1.999940
1.999949
1.999959
1.999968
1.999977
1.999986
1.999995
2.000003
2.000010
2.000017
2.000023
2.000028
2.000033
2.000037
2.000040
2.000042
2.000043
2.000044
2.000044
2.000044
2.000042
2.000041
2.000039
2.000036
2.000033
2.000030
2.000027
2.000023
2.000020
2.000016
2.000013
2.000010
2.000006
2.000003
2.000000
1.999998
1.999995
1.999993
1.999991
1.999990
1.999988
1.999987
1.999986
1.999986
1.999986
1.999986
1.999986
1.999986
1.999987
1.999988
1.999989
1.999990
1.999991
1.999992
1.999993
1.999994
1.999995
1.999996
1.999998
1.999999
2.000000
2.000001
2.000001
2.000002
2.000003
2.000004
2.000004
2.000004
2.000005
2.000005
2.000005
2.000005
2.000005
2.000005
2.000005
2.000005
2.000004
2.000004
2.000004
2.000003
2.000003
2.000003
2.000002
2.000002
2.000001
2.000001
2.000001
2.000000
2.000000
2.000000
1.999999
1.999999
1.999999
1.999999
1.999999
1.999999
1.999999
1.999999
1.999999
1.999999
1.999999
1.999999
1.999999
1.999999
1.999999
1.999999
1.999999
1.999999
1.999999
1.999999
2.000000
2.000000
2.000000
2.000000
2.000000
2.000000
2.000000
2.000000
2.000000
2.000000
2.000000
2.000000
2.000000
2.000000
2.000000
2.000000
2.000000
2.000000
2.000000
2.000000
2.000000
2.000000
2.000000
2.000000
2.000000
2.000000
2.000000
2.000000
2.000000
2.000000
2.000000
2.000000
2.000000
2.000000
2.000000
2.000000
2.000000
2.000000
2.000000
2.000000
2.000000
2.000000
2.000000
2.000000
2.000000
2.000000
2.000000
2.000000
2.000000
2.000000
2.000000
2.000000
2.000000
2.000000
2.000000
2.000000
2.000000
2.000000
2.000000
2.000000
2.000000
2.000000
2.000000
2.000000
2.000000
2.000000
2.000000
2.000000
2.000000
2.000000
2.000000
2.000000
2.000000
2.000000
2.000000
2.000000
2.000000
2.000000
2.000000
2.000000
2.000000
2.000000
2.000000
2.000000
2.000000
2.000000
2.000000
2.000000
2.000000
2.000000
2.000000
2.000000
2.000000
2.000000
2.000000
2.000000
2.000000
2.000000
2.000000
2.000000
2.000000
2.000000
2.000000
2.000000
2.000000
2.000000
2.000000
2.000000
2.000000
2.000000
2.000000
2.000000
2.000000
2.000000
2.000000
2.000000
2.000000
2.000000
2.000000
2.000000
2.000000
2.000000
2.000000
2.000000
2.000000
2.000000
2.000000
2.000000
2.000000
2.000000
2.000000
2.000000
2.000000
2.000000
2.000000
2.000000
2.000000
2.000000
2.000000
2.000000
2.000000
2.000000
2.000000
2.000000
2.000000
2.000000
2.000000
2.000000
2.000000
2.000000
2.000000
2.000000
2.000000
2.000000
2.000000
2.000000
2.000000
2.000000
2.000000
2.000000
2.000000
2.000000
2.000000
2.000000
2.000000
2.000000
2.000000
2.000000
2.000000
2.000000
2.000000
2.000000
2.000000
2.000000
2.000000
2.000000
2.000000
2.000000
2.000000
2.000000
2.000000
2.000000
2.000000
2.000000
2.000000
2.000000
2.000000
2.000000
2.000000
2.000000
2.000000
2.000000
2.000000
2.000000
2.000000
2.000000
2.000000
2.000000
2.000000
2.000000
2.000000
2.000000
2.000000
2.000000
2.000000
2.000000
2.000000
2.000000
2.000000
2.000000
2.000000
2.000000
2.000000
2.000000
2.000000
2.000000
2.000000
2.000000
2.000000
2.000000
2.000000
2.000000
2.000000
2.000000
2.000000
2.000000
2.000000
2.000000
2.000000
2.000000
2.000000
2.000000
2.000000
2.000000
2.000000
2.000000
2.000000
2.000000
2.000000
2.000000
2.000000
2.000000
2.000000
2.000000
2.000000
2.000000
2.000000
2.000000
2.000000
2.000000
2.000000
2.000000
2.000000
2.000000
2.000000
2.000000
2.000000
2.000000
2.000000
2.000000
2.000000
2.000000
2.000000
2.000000
2.000000
2.000000
2.000000
2.000000
2.000000
2.000000
2.000000
2.000000
2.000000
2.000000
2.000000
2.000000
2.000000
2.000000
2.000000
2.000000
2.000000
2.000000
2.000000
2.000000
2.000000
2.000000
2.000000
2.000000
2.000000
2.000000
2.000000
2.000000
2.000000
2.000000
2.000000
2.000000
2.000000
2.000000
2.000000
2.000000
2.000000
2.000000
2.000000
2.000000
2.000000
2.000000
2.000000
2.000000
2.000000
2.000000
2.000000
2.000000
2.000000
2.000000
2.000000
2.000000
2.000000
2.000000
2.000000
2.000000
2.000000
2.000000
2.000000
2.000000
2.000000
2.000000
2.000000
2.000000
2.000000
2.000000
2.000000
2.000000
2.000000
2.000000
2.000000
2.000000
2.000000
2.000000
2.000000
2.000000
2.000000
2.000000
2.000000
2.000000
2.000000
2.000000
2.000000
2.000000
2.000000
2.000000
2.000000
2.000000
2.000000
2.000000
2.000000
2.000000
2.000000
2.000000
2.000000
