2.170600
2.100200
2.058189
2.058189
2.100200
2.170600
2.262084
2.362557
2.466505
2.563769
2.650871
2.719743
2.769036
2.792828
2.791920
2.762516
2.707505
2.625108
2.520137
2.392603
2.248945
2.090601
1.925186
1.755009
1.588195
1.427124
1.279464
1.146521
1.034203
0.941388
0.871015
0.818839
0.784973
0.763213
0.752721
0.747433
0.747211
0.747183
0.748280
0.746811
0.744543
0.738785
0.732047
0.722805
0.714699
0.708059
0.708460
0.718890
0.747085
0.797736
0.878020
0.990059
1.136246
1.313514
1.519470
1.747526
1.992896
2.247634
2.506327
2.760979
3.006539
3.235710
3.444389
3.626448
3.779115
3.897733
3.981105
4.026224
4.033591
4.001920
3.933423
3.828497
3.690977
3.522800
3.329234
3.113522
2.882078
2.639115
2.391806
2.144884
1.905756
1.679050
1.471630
1.287059
1.130432
1.002751
0.905656
0.836126
0.791675
0.766141
0.755338
0.753287
0.757065
0.762817
0.769683
0.775995
0.782676
0.789929
0.800224
0.815444
0.839373
0.875069
0.926694
0.996994
1.088671
1.202300
1.337838
1.493168
1.665812
1.851769
2.047196
2.247249
2.447660
2.643531
2.830817
3.005088
3.162956
3.300802
3.416171
3.506481
3.570375
3.606426
3.614458
3.594227
3.546731
3.472869
3.374726
3.254225
3.114391
2.957986
2.788754
2.610051
2.426061
2.240416
2.057389
1.880492
1.713635
1.559706
1.421686
1.301236
1.199796
1.117283
1.053281
1.006016
0.973699
0.953788
0.944284
0.943068
0.948911
0.960778
0.978529
1.002228
1.032616
1.070469
1.116899
1.172792
1.239006
1.315927
1.403646
1.501679
1.609168
1.724731
1.846701
1.973039
2.101574
2.229944
2.355810
2.476801
2.590702
2.695391
2.789000
2.869845
2.936564
2.988034
3.023493
3.042447
3.044776
3.030628
3.000510
2.955179
2.895716
2.823406
2.739808
2.646623
2.545753
2.439168
2.328951
2.217165
2.105888
1.997078
1.892602
1.794111
1.703060
1.620608
1.547645
1.484729
1.432135
1.389845
1.357619
1.335042
1.321584
1.316680
1.319752
1.330287
1.347804
1.371922
1.402265
1.438540
1.480398
1.527527
1.579498
1.635881
1.696089
1.759521
1.825407
1.892981
1.961326
2.029560
2.096688
2.161795
2.223893
2.282122
2.335588
2.383568
2.425337
2.460372
2.488173
2.508464
2.521002
2.525775
2.522811
2.512363
2.494713
2.470358
2.439803
2.403747
2.362869
2.318013
2.269971
2.219664
2.167925
2.115682
2.063733
2.012942
1.964009
1.917667
1.874463
1.834960
1.799515
1.768502
1.742085
1.720451
1.703590
1.691533
1.684129
1.681293
1.682772
1.688399
1.697857
1.710923
1.727236
1.746538
1.768432
1.792633
1.818718
1.846379
1.875172
1.904775
1.934734
1.964723
1.994294
2.023135
2.050821
2.077073
2.101510
2.123905
2.143940
2.161460
2.176223
2.188158
2.197111
2.203103
2.206071
2.206126
2.203296
2.197776
2.189674
2.179258
2.166698
2.152321
2.136341
2.119119
2.100893
2.082037
2.062790
2.043517
2.024438
2.005889
1.988054
1.971223
1.955531
1.941215
1.928352
1.917120
1.907537
1.899721
1.893634
1.889341
1.886751
1.885883
1.886603
1.888891
1.892580
1.897618
1.903817
1.911101
1.919266
1.928224
1.937763
1.947789
1.958090
1.968575
1.979037
1.989395
1.999455
2.009151
2.018307
2.026879
2.034714
2.041793
2.047989
2.053311
2.057662
2.061079
2.063494
2.064972
2.065475
2.065092
2.063810
2.061741
2.058893
2.055395
2.051270
2.046660
2.041597
2.036228
2.030589
2.024828
2.018976
2.013177
2.007455
2.001942
1.996653
1.991704
1.987096
1.982930
1.979190
1.975960
1.973208
1.971000
1.969287
1.968121
1.967439
1.967277
1.967559
1.968311
1.969447
1.970982
1.972826
1.974986
1.977367
1.979974
1.982712
1.985583
1.988493
1.991447
1.994355
1.997226
1.999974
2.002614
2.005069
2.007359
2.009414
2.011264
2.012847
2.014198
2.015268
2.016098
2.016645
2.016960
2.017006
2.016839
2.016430
2.015839
2.015042
2.014103
2.013000
2.011799
2.010481
2.009111
2.007672
2.006226
2.004755
2.003321
2.001902
2.000557
1.999262
1.998070
1.996955
1.995967
1.995074
1.994320
1.993673
1.993171
1.992778
1.992529
1.992383
1.992372
1.992454
1.992657
1.992936
1.993318
1.993758
1.994279
1.994837
1.995453
1.996084
1.996753
1.997415
1.998092
1.998745
1.999394
2.000001
2.000591
2.001124
2.001628
2.002067
2.002467
2.002796
2.003083
2.003297
2.003468
2.003567
2.003626
2.003618
2.003574
2.003471
2.003339
2.003157
2.002955
2.002711
2.002458
2.002175
2.001891
2.001586
2.001291
2.000984
2.000695
2.000403
2.000136
1.999872
1.999639
1.999415
1.999225
1.999047
1.998906
1.998779
1.998688
1.998612
1.998571
1.998543
1.998549
1.998565
1.998611
1.998665
1.998744
1.998827
1.998932
1.999036
1.999157
1.999274
1.999403
1.999523
1.999653
1.999770
1.999892
1.999999
2.000109
2.000202
2.000295
2.000369
2.000442
2.000496
2.000548
2.000581
2.000612
2.000625
2.000636
2.000629
2.000622
2.000600
2.000578
2.000542
2.000509
2.000463
2.000421
2.000369
2.000323
2.000268
2.000221
2.000167
2.000121
2.000070
2.000028
1.999982
1.999946
1.999908
1.999879
1.999849
1.999829
1.999806
1.999795
1.999781
1.999777
1.999771
1.999775
1.999776
1.999786
1.999793
1.999808
1.999819
1.999838
1.999852
1.999873
1.999889
1.999911
1.999927
1.999949
1.999965
1.999985
1.999999
2.000017
2.000029
2.000044
2.000053
2.000065
2.000071
2.000080
2.000083
2.000089
2.000089
2.000092
2.000089
2.000089
2.000084
2.000082
2.000076
2.000072
2.000064
2.000060
2.000051
2.000046
2.000037
2.000031
2.000023
2.000018
2.000009
2.000005
1.999998
1.999994
1.999988
1.999985
1.999980
1.999978
1.999974
1.999974
1.999971
1.999972
1.999970
1.999972
1.999971
1.999973
1.999973
1.999976
1.999977
1.999980
1.999981
1.999985
1.999986
1.999989
1.999991
1.999994
1.999995
1.999999
1.999999
2.000002
2.000003
2.000006
2.000006
2.000008
2.000008
2.000010
2.000009
2.000011
2.000010
2.000011
2.000010
2.000011
2.000009
2.000010
2.000008
2.000009
2.000007
2.000007
2.000006
2.000006
2.000004
2.000004
2.000002
2.000002
2.000001
2.000001
2.000000
2.000000
1.999998
1.999999
1.999998
1.999998
1.999997
1.999998
1.999997
1.999997
1.999997
1.999997
1.999997
1.999997
1.999997
1.999998
1.999997
1.999998
1.999998
1.999999
1.999998
1.999999
1.999999
2.000000
1.999999
2.000000
2.000000
2.000000
2.000000
2.000001
2.000000
2.000001
2.000001
2.000001
2.000001
2.000001
2.000001
2.000001
2.000001
2.000001
2.000001
2.000001
2.000001
2.000001
2.000001
2.000001
2.000000
2.000001
2.000000
2.000000
2.000000
2.000000
2.000000
2.000000
2.000000
2.000000
2.000000
2.000000
2.000000
2.000000
2.000000
2.000000
2.000000
2.000000
2.000000
2.000000
2.000000
2.000000
2.000000
2.000000
2.000000
2.000000
2.000000
2.000000
2.000000
2.000000
2.000000
2.000000
2.000000
2.000000
2.000000
2.000000
2.000000
2.000000
2.000000
2.000000
2.000000
2.000000
2.000000
2.000000
2.000000
2.000000
2.000000
2.000000
2.000000
2.000000
2.000000
2.000000
2.000000
2.000000
2.000000
2.000000
2.000000
2.000000
2.000000
2.000000
2.000000
2.000000
2.000000
2.000000
2.000000
2.000000
2.000000
2.000000
2.000000
2.000000
2.000000
2.000000
2.000000
2.000000
2.000000
2.000000
2.000000
2.000000
2.000000
2.000000
2.000000
2.000000
2.000000
2.000000
2.000000
2.000000
2.000000
2.000000
2.000000
2.000000
2.000000
2.000000
2.000000
2.000000
2.000000
2.000000
2.000000
2.000000
2.000000
2.000000
2.000000
2.000000
2.000000
2.000000
2.000000
2.000000
2.000000
2.000000
2.000000
2.000000
2.000000
2.000000
2.000000
2.000000
2.000000
2.000000
2.000000
2.000000
2.000000
2.000000
2.000000
2.000000
2.000000
2.000000
2.000000
2.000000
2.000000
2.000000
2.000000
2.000000
2.000000
2.000000
2.000000
2.000000
2.000000
2.000000
2.000000
2.000000
2.000000
2.000000
2.000000
2.000000
2.000000
2.000000
2.000000
2.000000
2.000000
2.000000
2.000000
2.000000
2.000000
2.000000
2.000000
2.000000
2.000000
2.000000
2.000000
2.000000
2.000000
2.000000
2.000000
2.000000
2.000000
2.000000
2.000000
2.000000
2.000000
2.000000
2.000000
2.000000
2.000000
2.000000
2.000000
2.000000
2.000000
2.000000
2.000000
2.000000
2.000000
2.000000
2.000000
2.000000
2.000000
2.000000
2.000000
2.000000
2.000000
2.000000
2.000000
2.000000
2.000000
2.000000
2.000000
2.000000
2.000000
2.000000
2.000000
2.000000
2.000000
2.000000
2.000000
2.000000
2.000000
2.000000
2.000000
2.000000
2.000000
2.000000
2.000000
2.000000
2.000000
2.000000
2.000000
2.000000
2.000000
2.000000
2.000000
2.000000
2.000000
2.000000
2.000000
2.000000
2.000000
2.000000
2.000000
2.000000
2.000000
2.000000
2.000000
2.000000
2.000000
2.000000
2.000000
2.000000
2.000000
2.000000
2.000000
2.000000
2.000000
2.000000
2.000000
2.000000
2.000000
2.000000
2.000000
2.000000
2.000000
2.000000
2.000000
2.000000
2.000000
2.000000
2.000000
2.000000
2.000000
2.000000
2.000000
2.000000
2.000000
2.000000
2.000000
2.000000
2.000000
2.000000
2.000000
2.000000
2.000000
2.000000
2.000000
2.000000
2.000000
2.000000
2.000000
2.000000
2.000000
2.000000
2.000000
2.000000
2.000000
2.000000
2.000000
2.000000
2.000000
2.000000
2.000000
2.000000
2.000000
2.000000
2.000000
2.000000
2.000000
2.000000
2.000000
2.000000
2.000000
2.000000
2.000000
2.000000
2.000000
2.000000
2.000000
2.000000
2.000000
2.000000
2.000000
2.000000
2.000000
2.000000
2.000000
2.000000
2.000000
2.000000
2.000000
2.000000
2.000000
2.000000
2.000000
2.000000
2.000000
2.000000
2.000000
2.000000
2.000000
2.000000
2.000000
2.000000
2.000000
2.000000
2.000000
2.000000
2.000000
2.000000
