2.151200
2.089574
2.052931
2.052931
2.089574
2.151200
2.230371
2.316742
2.404436
2.484830
2.553898
2.604959
2.636002
2.642399
2.624221
2.578917
2.508611
2.412743
2.295344
2.157638
2.005283
1.840927
1.671404
1.500224
1.334705
1.178348
1.037876
0.915442
0.815606
0.737491
0.682085
0.644874
0.624018
0.613423
0.611138
0.611917
0.615185
0.617111
0.618355
0.616102
0.611787
0.603332
0.592873
0.579358
0.566240
0.554572
0.550489
0.558618
0.588380
0.646468
0.740802
0.873121
1.044269
1.249531
1.484937
1.742759
2.017309
2.300059
2.585126
2.864233
3.132074
3.381214
3.607405
3.804449
3.969484
4.097823
4.188208
4.237629
4.246545
4.213683
4.141233
4.029618
3.882670
3.702375
3.494021
3.260930
3.009582
2.744323
2.472471
2.199002
1.931625
1.675431
1.437902
1.223476
1.038394
0.885061
0.766607
0.681140
0.626523
0.595820
0.583441
0.581730
0.586500
0.592879
0.599537
0.604460
0.608679
0.612555
0.619208
0.631289
0.653855
0.691223
0.748881
0.830250
0.938203
1.072663
1.232726
1.415085
1.616334
1.831469
2.056022
2.284454
2.512151
2.733740
2.945012
3.141195
3.318841
3.474074
3.604442
3.707152
3.780896
3.824065
3.836560
3.817983
3.769431
3.691670
3.586908
3.456962
3.305007
3.133732
2.947077
2.748376
2.542078
2.331883
2.122442
1.917483
1.721481
1.537764
1.370140
1.220968
1.092723
0.986077
0.901473
0.837401
0.792197
0.762769
0.746595
0.740693
0.743355
0.753027
0.769561
0.793034
0.824626
0.865460
0.917224
0.981105
1.058297
1.149137
1.253658
1.370963
1.499867
1.638409
1.784521
1.935588
2.089089
2.242164
2.392216
2.536465
2.672525
2.797942
2.910747
3.008983
3.091241
3.156172
3.203008
3.231066
3.240252
3.230556
3.202542
3.156840
3.094618
3.017066
2.925864
2.822659
2.709521
2.588415
2.461652
2.331360
2.199924
2.069458
1.942235
1.820163
1.705210
1.598884
1.502656
1.417465
1.344147
1.282987
1.234171
1.197405
1.172383
1.158471
1.155152
1.161734
1.177725
1.202538
1.235779
1.276949
1.325675
1.381425
1.443717
1.511870
1.585204
1.662831
1.743860
1.827220
1.911858
1.996588
2.080289
2.161756
2.239895
2.313581
2.381841
2.443715
2.498427
2.545249
2.583658
2.613199
2.633637
2.644811
2.646780
2.639680
2.623852
2.599704
2.567833
2.528877
2.483641
2.432943
2.377735
2.318952
2.257623
2.194726
2.131299
2.068289
2.006668
1.947285
1.890978
1.838439
1.790321
1.747118
1.709268
1.677050
1.650681
1.630235
1.615732
1.607068
1.604103
1.606596
1.614290
1.626845
1.643916
1.665098
1.689985
1.718123
1.749060
1.782310
1.817391
1.853797
1.891034
1.928594
1.965988
2.002729
2.038357
2.072428
2.104534
2.134295
2.161378
2.185489
2.206385
2.223870
2.237805
2.248104
2.254732
2.257712
2.257117
2.253071
2.245743
2.235349
2.222138
2.206399
2.188444
2.168612
2.147254
2.124736
2.101423
2.077685
2.053874
2.030341
2.007408
1.985382
1.964535
1.945120
1.927343
1.911392
1.897401
1.885488
1.875717
1.868134
1.862735
1.859504
1.858374
1.859277
1.862094
1.866712
1.872975
1.880735
1.889809
1.900030
1.911194
1.923125
1.935616
1.948487
1.961535
1.974590
1.987462
1.999999
2.012029
2.023425
2.034042
2.043785
2.052538
2.060240
2.066811
2.072225
2.076437
2.079457
2.081275
2.081935
2.081457
2.079916
2.077359
2.073884
2.069562
2.064508
2.058805
2.052584
2.045933
2.038986
2.031832
2.024603
2.017383
2.010292
2.003404
1.996827
1.990616
1.984862
1.979601
1.974906
1.970791
1.967309
1.964453
1.962255
1.960690
1.959770
1.959454
1.959739
1.960566
1.961920
1.963734
1.965981
1.968585
1.971516
1.974692
1.978082
1.981603
1.985224
1.988866
1.992502
1.996056
1.999508
2.002791
2.005892
2.008752
2.011369
2.013693
2.015732
2.017446
2.018853
2.019924
2.020685
2.021117
2.021256
2.021089
2.020659
2.019961
2.019042
2.017903
2.016595
2.015121
2.013534
2.011838
2.010087
2.008283
2.006479
2.004676
2.002924
2.001218
1.999607
1.998081
1.996683
1.995400
1.994269
1.993272
1.992440
1.991752
1.991234
1.990857
1.990646
1.990568
1.990642
1.990833
1.991158
1.991578
1.992108
1.992709
1.993393
1.994120
1.994905
1.995706
1.996536
1.997358
1.998185
1.998981
1.999760
2.000487
2.001181
2.001809
2.002390
2.002894
2.003343
2.003709
2.004017
2.004240
2.004406
2.004490
2.004521
2.004477
2.004387
2.004230
2.004038
2.003791
2.003519
2.003203
2.002876
2.002518
2.002159
2.001782
2.001416
2.001041
2.000689
2.000337
2.000015
1.999703
1.999427
1.999165
1.998944
1.998741
1.998581
1.998440
1.998342
1.998264
1.998227
1.998206
1.998225
1.998257
1.998323
1.998399
1.998504
1.998613
1.998747
1.998880
1.999031
1.999177
1.999336
1.999484
1.999642
1.999784
1.999931
2.000060
2.000191
2.000300
2.000410
2.000496
2.000581
2.000642
2.000701
2.000736
2.000770
2.000780
2.000789
2.000777
2.000765
2.000734
2.000704
2.000657
2.000614
2.000556
2.000504
2.000439
2.000382
2.000314
2.000256
2.000189
2.000134
2.000071
2.000021
1.999965
1.999923
1.999877
1.999844
1.999807
1.999784
1.999758
1.999745
1.999729
1.999726
1.999719
1.999726
1.999727
1.999741
1.999749
1.999769
1.999782
1.999807
1.999823
1.999850
1.999869
1.999897
1.999916
1.999943
1.999961
1.999987
2.000003
2.000026
2.000039
2.000058
2.000068
2.000084
2.000089
2.000101
2.000103
2.000111
2.000110
2.000114
2.000109
2.000111
2.000103
2.000102
2.000092
2.000089
2.000078
2.000074
2.000062
2.000056
2.000044
2.000039
2.000027
2.000022
2.000011
2.000007
1.999996
1.999993
1.999984
1.999982
1.999975
1.999974
1.999968
1.999969
1.999964
1.999966
1.999963
1.999966
1.999964
1.999968
1.999967
1.999972
1.999971
1.999976
1.999976
1.999982
1.999982
1.999988
1.999988
1.999994
1.999993
1.999999
1.999999
2.000004
2.000003
2.000008
2.000007
2.000011
2.000009
2.000013
2.000011
2.000014
2.000012
2.000014
2.000012
2.000014
2.000011
2.000013
2.000010
2.000011
2.000008
2.000010
2.000006
2.000008
2.000004
2.000006
2.000002
2.000004
2.000001
2.000002
1.999999
2.000000
1.999998
1.999999
1.999997
1.999998
1.999996
1.999998
1.999995
1.999997
1.999995
1.999997
1.999995
1.999997
1.999996
1.999998
1.999996
1.999998
1.999997
1.999999
1.999997
1.999999
1.999998
2.000000
1.999999
2.000001
1.999999
2.000001
2.000000
2.000001
2.000000
2.000002
2.000000
2.000002
2.000000
2.000002
2.000000
2.000002
2.000000
2.000002
2.000000
2.000002
2.000000
2.000002
2.000000
2.000002
2.000000
2.000001
2.000000
2.000001
2.000000
2.000001
1.999999
2.000001
1.999999
2.000001
1.999999
2.000000
1.999999
2.000000
1.999999
2.000000
1.999999
2.000000
1.999999
2.000000
1.999999
2.000000
1.999999
2.000000
1.999999
2.000000
1.999999
2.000000
1.999999
2.000000
1.999999
2.000000
1.999999
2.000000
1.999999
2.000001
2.000000
2.000001
2.000000
2.000001
2.000000
2.000001
2.000000
2.000001
2.000000
2.000001
2.000000
2.000001
2.000000
2.000001
2.000000
2.000000
2.000000
2.000000
2.000000
2.000000
2.000000
2.000000
2.000000
2.000000
2.000000
2.000000
2.000000
2.000000
2.000000
2.000000
2.000000
2.000000
2.000000
2.000000
2.000000
2.000000
2.000000
2.000000
2.000000
2.000000
2.000000
2.000000
2.000000
2.000000
2.000000
2.000000
2.000000
2.000000
2.000000
2.000000
2.000000
2.000000
2.000000
2.000000
2.000000
2.000000
2.000000
2.000000
2.000000
2.000000
2.000000
2.000000
2.000000
2.000000
2.000000
2.000000
2.000000
2.000000
2.000000
2.000000
2.000000
2.000000
2.000000
2.000000
2.000000
2.000000
2.000000
2.000000
2.000000
2.000000
2.000000
2.000000
2.000000
2.000000
2.000000
2.000000
2.000000
2.000000
2.000000
2.000000
2.000000
2.000000
2.000000
2.000000
2.000000
2.000000
2.000000
2.000000
2.000000
2.000000
2.000000
2.000000
2.000000
2.000000
2.000000
2.000000
2.000000
2.000000
2.000000
2.000000
2.000000
2.000000
2.000000
2.000000
2.000000
2.000000
2.000000
2.000000
2.000000
2.000000
2.000000
2.000000
2.000000
2.000000
2.000000
2.000000
2.000000
2.000000
2.000000
2.000000
2.000000
2.000000
2.000000
2.000000
2.000000
2.000000
2.000000
2.000000
2.000000
2.000000
2.000000
2.000000
2.000000
2.000000
2.000000
2.000000
2.000000
2.000000
2.000000
2.000000
2.000000
2.000000
2.000000
2.000000
2.000000
2.000000
2.000000
2.000000
2.000000
2.000000
2.000000
2.000000
2.000000
2.000000
2.000000
2.000000
2.000000
2.000000
2.000000
2.000000
2.000000
2.000000
2.000000
2.000000
2.000000
2.000000
2.000000
2.000000
2.000000
2.000000
2.000000
2.000000
2.000000
2.000000
2.000000
2.000000
2.000000
2.000000
2.000000
2.000000
2.000000
2.000000
2.000000
2.000000
2.000000
2.000000
2.000000
2.000000
2.000000
2.000000
2.000000
2.000000
2.000000
2.000000
2.000000
2.000000
2.000000
2.000000
2.000000
2.000000
2.000000
2.000000
2.000000
2.000000
2.000000
2.000000
2.000000
2.000000
2.000000
2.000000
2.000000
2.000000
2.000000
2.000000
2.000000
2.000000
2.000000
2.000000
2.000000
2.000000
2.000000
2.000000
2.000000
2.000000
2.000000
2.000000
2.000000
2.000000
2.000000
2.000000
2.000000
2.000000
2.000000
2.000000
2.000000
2.000000
2.000000
2.000000
2.000000
2.000000
2.000000
2.000000
2.000000
2.000000
2.000000
2.000000
2.000000
2.000000
2.000000
2.000000
2.000000
2.000000
2.000000
2.000000
2.000000
2.000000
2.000000
2.000000
2.000000
2.000000
2.000000
2.000000
2.000000
2.000000
2.000000
2.000000
2.000000
2.000000
2.000000
2.000000
2.000000
1.999999
1.999999
1.999999
1.999999
1.999999
1.999999
1.999999
1.999998
1.999998
1.999998
1.999998
1.999998
1.999998
