2.140256
2.064279
2.019545
2.019545
2.064279
2.140256
2.240022
2.351627
2.469291
2.583005
2.688929
2.779137
2.851836
2.901226
2.927584
2.927210
2.902381
2.851368
2.778265
2.683065
2.571359
2.444460
2.308968
2.166952
2.025334
1.886180
1.755864
1.635540
1.530085
1.438926
1.364786
1.305132
1.260674
1.227598
1.205536
1.190536
1.182152
1.177112
1.175393
1.174661
1.175393
1.176167
1.177924
1.180137
1.184261
1.190747
1.201696
1.218610
1.244211
1.280776
1.331091
1.397244
1.480911
1.582667
1.702003
1.837267
1.985669
2.143681
2.307002
2.471153
2.631321
2.783000
2.921703
3.043599
3.145123
3.223589
3.276728
3.303282
3.302471
3.274578
3.220353
3.141583
3.040446
2.920059
2.783775
2.635717
2.480010
2.321294
2.163882
2.012255
1.870142
1.741037
1.627221
1.530411
1.450839
1.388182
1.340780
1.306902
1.283964
1.269953
1.262424
1.259924
1.260702
1.264142
1.269269
1.276256
1.284801
1.295739
1.309327
1.326935
1.349248
1.377986
1.414010
1.459032
1.513647
1.579039
1.655006
1.741729
1.837873
1.942459
2.053064
2.167779
2.283461
2.397727
2.507215
2.609562
2.701652
2.781561
2.846777
2.896117
2.927913
2.941899
2.937372
2.915047
2.875193
2.819459
2.748994
2.666237
2.573018
2.472327
2.366386
2.258400
2.150612
2.046039
1.946528
1.854489
1.770989
1.697516
1.634150
1.581388
1.538415
1.504978
1.479730
1.462099
1.450651
1.444890
1.443620
1.446649
1.453151
1.463293
1.476613
1.493575
1.513984
1.538478
1.566988
1.600162
1.637881
1.680631
1.728070
1.780365
1.836825
1.897215
1.960452
2.025916
2.092194
2.158388
2.222899
2.284718
2.342242
2.394539
2.440179
2.478472
2.508309
2.529371
2.540964
2.543210
2.535877
2.519543
2.494422
2.461507
2.421394
2.375398
2.324384
2.269860
2.212813
2.154785
2.096723
2.040040
1.985495
1.934237
1.886722
1.843758
1.805459
1.772287
1.744052
1.720940
1.702549
1.688896
1.679486
1.674272
1.672760
1.674916
1.680300
1.688925
1.700416
1.714824
1.731818
1.751458
1.773417
1.797723
1.824010
1.852236
1.881969
1.913074
1.945035
1.977626
2.010259
2.042636
2.074128
2.104405
2.132840
2.159124
2.182681
2.203275
2.220431
2.234027
2.243727
2.249553
2.251331
2.249240
2.243268
2.233746
2.220810
2.204916
2.186316
2.165556
2.142961
2.119116
2.094371
2.069304
2.044241
2.019708
1.995970
1.973469
1.952383
1.933054
1.915564
1.900155
1.886818
1.875705
1.866734
1.859986
1.855327
1.852785
1.852191
1.853541
1.856642
1.861467
1.867811
1.875628
1.884704
1.894974
1.906215
1.918347
1.931135
1.944484
1.958152
1.972031
1.985877
1.999574
2.012883
2.025694
2.037781
2.049050
2.059299
2.068461
2.076371
2.082998
2.088220
2.092049
2.094415
2.095374
2.094904
2.093108
2.090010
2.085750
2.080391
2.074103
2.066975
2.059195
2.050868
2.042188
2.033262
2.024276
2.015332
2.006597
1.998156
1.990153
1.982649
1.975761
1.969523
1.964023
1.959268
1.955318
1.952156
1.949815
1.948258
1.947495
1.947470
1.948177
1.949545
1.951552
1.954118
1.957211
1.960742
1.964671
1.968906
1.973403
1.978069
1.982857
1.987678
1.992486
1.997196
2.001768
2.006126
2.010236
2.014032
2.017492
2.020563
2.023234
2.025465
2.027259
2.028592
2.029479
2.029910
2.029913
2.029492
2.028684
2.027506
2.026003
2.024199
2.022146
2.019874
2.017438
2.014869
2.012222
2.009528
2.006839
2.004183
2.001607
1.999134
1.996804
1.994632
1.992652
1.990873
1.989318
1.987989
1.986902
1.986051
1.985444
1.985070
1.984929
1.985004
1.985290
1.985766
1.986422
1.987233
1.988188
1.989258
1.990430
1.991676
1.992981
1.994318
1.995673
1.997021
1.998347
1.999630
2.000858
2.002013
2.003086
2.004062
2.004935
2.005695
2.006341
2.006864
2.007268
2.007550
2.007714
2.007761
2.007700
2.007534
2.007273
2.006924
2.006499
2.006005
2.005455
2.004859
2.004228
2.003572
2.002904
2.002231
2.001566
2.000915
2.000290
1.999695
1.999140
1.998627
1.998165
1.997755
1.997401
1.997104
1.996866
1.996686
1.996565
1.996499
1.996488
1.996528
1.996616
1.996747
1.996918
1.997123
1.997359
1.997619
1.997898
1.998192
1.998496
1.998804
1.999113
1.999416
1.999711
1.999994
2.000262
2.000510
2.000738
2.000942
2.001122
2.001276
2.001404
2.001504
2.001578
2.001626
2.001648
2.001646
2.001622
2.001576
2.001511
2.001428
2.001332
2.001222
2.001102
2.000974
2.000840
2.000703
2.000565
2.000427
2.000292
2.000162
2.000037
1.999920
1.999812
1.999714
1.999626
1.999549
1.999484
1.999430
1.999388
1.999358
1.999339
1.999331
1.999334
1.999346
1.999366
1.999395
1.999431
1.999473
1.999520
1.999571
1.999625
1.999681
1.999738
1.999796
1.999853
1.999908
1.999961
2.000012
2.000059
2.000103
2.000142
2.000177
2.000207
2.000232
2.000253
2.000269
2.000279
2.000286
2.000287
2.000285
2.000279
2.000269
2.000256
2.000241
2.000223
2.000203
2.000182
2.000159
2.000136
2.000113
2.000090
2.000067
2.000044
2.000023
2.000003
1.999984
1.999967
1.999952
1.999938
1.999926
1.999916
1.999909
1.999903
1.999899
1.999896
1.999896
1.999897
1.999899
1.999903
1.999908
1.999914
1.999921
1.999929
1.999937
1.999945
1.999954
1.999963
1.999972
1.999980
1.999988
1.999996
2.000004
2.000010
2.000017
2.000022
2.000027
2.000031
2.000034
2.000037
2.000039
2.000040
2.000041
2.000041
2.000040
2.000039
2.000038
2.000035
2.000033
2.000030
2.000028
2.000024
2.000021
2.000018
2.000015
2.000012
2.000008
2.000005
2.000003
2.000000
1.999998
1.999995
1.999993
1.999992
1.999990
1.999989
1.999988
1.999987
1.999987
1.999987
1.999987
1.999987
1.999987
1.999988
1.999989
1.999989
1.999990
1.999991
1.999992
1.999994
1.999995
1.999996
1.999997
1.999998
1.999999
2.000000
2.000001
2.000001
2.000002
2.000003
2.000003
2.000004
2.000004
2.000004
2.000005
2.000005
2.000005
2.000005
2.000005
2.000004
2.000004
2.000004
2.000004
2.000003
2.000003
2.000003
2.000002
2.000002
2.000002
2.000001
2.000001
2.000001
2.000000
2.000000
2.000000
1.999999
1.999999
1.999999
1.999999
1.999999
1.999999
1.999999
1.999999
1.999999
1.999999
1.999999
1.999999
1.999999
1.999999
1.999999
1.999999
1.999999
1.999999
1.999999
1.999999
2.000000
2.000000
2.000000
2.000000
2.000000
2.000000
2.000000
2.000000
2.000000
2.000000
2.000000
2.000000
2.000000
2.000000
2.000000
2.000000
2.000000
2.000000
2.000000
2.000000
2.000000
2.000000
2.000000
2.000000
2.000000
2.000000
2.000000
2.000000
2.000000
2.000000
2.000000
2.000000
2.000000
2.000000
2.000000
2.000000
2.000000
2.000000
2.000000
2.000000
2.000000
2.000000
2.000000
2.000000
2.000000
2.000000
2.000000
2.000000
2.000000
2.000000
2.000000
2.000000
2.000000
2.000000
2.000000
2.000000
2.000000
2.000000
2.000000
2.000000
2.000000
2.000000
2.000000
2.000000
2.000000
2.000000
2.000000
2.000000
2.000000
2.000000
2.000000
2.000000
2.000000
2.000000
2.000000
2.000000
2.000000
2.000000
2.000000
2.000000
2.000000
2.000000
2.000000
2.000000
2.000000
2.000000
2.000000
2.000000
2.000000
2.000000
2.000000
2.000000
2.000000
2.000000
2.000000
2.000000
2.000000
2.000000
2.000000
2.000000
2.000000
2.000000
2.000000
2.000000
2.000000
2.000000
2.000000
2.000000
2.000000
2.000000
2.000000
2.000000
2.000000
2.000000
2.000000
2.000000
2.000000
2.000000
2.000000
2.000000
2.000000
2.000000
2.000000
2.000000
2.000000
2.000000
2.000000
2.000000
2.000000
2.000000
2.000000
2.000000
2.000000
2.000000
2.000000
2.000000
2.000000
2.000000
2.000000
2.000000
2.000000
2.000000
2.000000
2.000000
2.000000
2.000000
2.000000
2.000000
2.000000
2.000000
2.000000
2.000000
2.000000
2.000000
2.000000
2.000000
2.000000
2.000000
2.000000
2.000000
2.000000
2.000000
2.000000
2.000000
2.000000
2.000000
2.000000
2.000000
2.000000
2.000000
2.000000
2.000000
2.000000
2.000000
2.000000
2.000000
2.000000
2.000000
2.000000
2.000000
2.000000
2.000000
2.000000
2.000000
2.000000
2.000000
2.000000
2.000000
2.000000
2.000000
2.000000
2.000000
2.000000
2.000000
2.000000
2.000000
2.000000
2.000000
2.000000
2.000000
2.000000
2.000000
2.000000
2.000000
2.000000
2.000000
2.000000
2.000000
2.000000
2.000000
2.000000
2.000000
2.000000
2.000000
2.000000
2.000000
2.000000
2.000000
2.000000
2.000000
2.000000
2.000000
2.000000
2.000000
2.000000
2.000000
2.000000
2.000000
2.000000
2.000000
2.000000
2.000000
2.000000
2.000000
2.000000
2.000000
2.000000
2.000000
2.000000
2.000000
2.000000
2.000000
2.000000
2.000000
2.000000
2.000000
2.000000
2.000000
2.000000
2.000000
2.000000
2.000000
2.000000
2.000000
2.000000
2.000000
2.000000
2.000000
2.000000
2.000000
2.000000
2.000000
2.000000
2.000000
2.000000
2.000000
2.000000
2.000000
2.000000
2.000000
2.000000
2.000000
2.000000
2.000000
2.000000
2.000000
2.000000
2.000000
2.000000
2.000000
2.000000
2.000000
2.000000
2.000000
2.000000
2.000000
2.000000
2.000000
2.000000
2.000000
2.000000
2.000000
2.000000
2.000000
2.000000
2.000000
2.000000
2.000000
2.000000
2.000000
2.000000
2.000000
2.000000
2.000000
2.000000
2.000000
2.000000
2.000000
2.000000
2.000000
2.000000
2.000000
2.000000
2.000000
2.000000
2.000000
2.000000
2.000000
2.000000
2.000000
2.000000
2.000000
2.000000
2.000000
2.000000
2.000000
2.000000
2.000000
2.000000
2.000000
2.000000
2.000000
2.000000
2.000000
2.000000
2.000000
2.000000
2.000000
2.000000
2.000000
2.000000
2.000000
2.000000
2.000000
2.000000
2.000000
2.000000
2.000000
2.000000
2.000000
2.000000
2.000000
2.000000
2.000000
2.000000
2.000000
2.000000
2.000000
2.000000
