2.117801
2.045737
2.003783
2.003783
2.045737
2.117801
2.212358
2.318921
2.431299
2.540748
2.642815
2.730694
2.801838
2.851467
2.879006
2.881701
2.860903
2.815770
2.749399
2.662608
2.559918
2.443401
2.318500
2.187965
2.057475
1.929704
1.809721
1.699277
1.601978
1.517965
1.448881
1.393156
1.350699
1.318881
1.296718
1.281488
1.272153
1.266566
1.264056
1.263263
1.263955
1.265539
1.268189
1.272044
1.277716
1.286115
1.298371
1.316197
1.341218
1.375733
1.421459
1.480593
1.554078
1.642994
1.746616
1.864215
1.993133
2.130940
2.273529
2.417468
2.558037
2.691636
2.813731
2.921255
3.010465
3.079325
3.125284
3.147635
3.145232
3.118821
3.068707
2.997055
2.905507
2.797460
2.675624
2.544278
2.406766
2.267732
2.130548
1.999540
1.877366
1.767275
1.670498
1.588636
1.521154
1.467999
1.427215
1.397752
1.377085
1.364046
1.356320
1.353203
1.352962
1.355528
1.359793
1.366272
1.374396
1.385162
1.398448
1.415632
1.436933
1.463964
1.497094
1.537911
1.586604
1.644349
1.710747
1.786183
1.869369
1.959733
2.055075
2.153992
2.253632
2.352122
2.446366
2.534455
2.613473
2.681868
2.737252
2.778728
2.804675
2.815032
2.809065
2.787615
2.750845
2.700450
2.637387
2.564052
2.481996
2.394065
2.302107
2.209084
2.116781
2.027892
1.943762
1.866468
1.796619
1.735460
1.682769
1.638985
1.603206
1.575320
1.554078
1.539163
1.529319
1.524314
1.523103
1.525689
1.531325
1.540272
1.552063
1.567166
1.585318
1.607098
1.632338
1.661608
1.694700
1.732042
1.773257
1.818514
1.867161
1.919037
1.973178
2.029100
2.085568
2.141856
2.196570
2.248884
2.297397
2.341341
2.379464
2.411209
2.435606
2.452421
2.461059
2.461675
2.454084
2.438843
2.416160
2.386953
2.351759
2.311762
2.267720
2.220960
2.172320
2.123125
2.074152
2.026584
1.981009
1.938364
1.898969
1.863465
1.831892
1.804608
1.781419
1.762469
1.747413
1.736272
1.728639
1.724494
1.723438
1.725461
1.730208
1.737702
1.747635
1.760053
1.774679
1.791555
1.810404
1.831234
1.853734
1.877852
1.903220
1.929708
1.956879
1.984528
2.012162
2.039514
2.066060
2.091508
2.115339
2.137281
2.156862
2.173873
2.187932
2.198928
2.206604
2.210973
2.211915
2.209583
2.203995
2.195431
2.184035
2.170192
2.154140
2.136336
2.117073
2.096836
2.075932
2.054832
2.033818
2.013310
1.993536
1.974840
1.957376
1.941404
1.926997
1.914334
1.903415
1.894347
1.887073
1.881643
1.877958
1.876029
1.875730
1.877041
1.879822
1.884033
1.889520
1.896228
1.903995
1.912749
1.922319
1.932618
1.943465
1.954763
1.966320
1.978030
1.989699
2.001215
2.012390
2.023116
2.033218
2.042601
2.051112
2.058680
2.065184
2.070585
2.074798
2.077823
2.079618
2.080221
2.079631
2.077925
2.075140
2.071385
2.066729
2.061305
2.055203
2.048570
2.041507
2.034166
2.026648
2.019097
2.011608
2.004309
1.997279
1.990628
1.984413
1.978720
1.973585
1.969070
1.965189
1.961980
1.959438
1.957578
1.956377
1.955835
1.955913
1.956595
1.957830
1.959591
1.961820
1.964479
1.967503
1.970849
1.974449
1.978256
1.982201
1.986236
1.990294
1.994329
1.998277
2.002097
2.005732
2.009149
2.012299
2.015156
2.017684
2.019868
2.021683
2.023124
2.024179
2.024855
2.025153
2.025089
2.024674
2.023935
2.022892
2.021579
2.020021
2.018258
2.016321
2.014249
2.012075
2.009841
2.007576
2.005319
2.003099
2.000949
1.998893
1.996959
1.995165
1.993532
1.992072
1.990801
1.989723
1.988847
1.988171
1.987698
1.987421
1.987337
1.987434
1.987705
1.988135
1.988711
1.989417
1.990237
1.991154
1.992152
1.993210
1.994313
1.995441
1.996579
1.997710
1.998818
1.999889
2.000910
2.001868
2.002755
2.003559
2.004274
2.004895
2.005417
2.005837
2.006156
2.006373
2.006490
2.006512
2.006442
2.006286
2.006051
2.005744
2.005374
2.004949
2.004478
2.003970
2.003435
2.002882
2.002319
2.001754
2.001198
2.000655
2.000135
1.999642
1.999183
1.998761
1.998382
1.998047
1.997760
1.997521
1.997332
1.997191
1.997099
1.997054
1.997055
1.997097
1.997179
1.997297
1.997447
1.997625
1.997827
1.998050
1.998288
1.998537
1.998793
1.999052
1.999310
1.999564
1.999810
2.000045
2.000266
2.000471
2.000658
2.000825
2.000972
2.001096
2.001198
2.001278
2.001335
2.001370
2.001384
2.001378
2.001353
2.001311
2.001253
2.001181
2.001097
2.001002
2.000900
2.000791
2.000678
2.000562
2.000446
2.000331
2.000219
2.000110
2.000007
1.999911
1.999822
1.999741
1.999670
1.999608
1.999555
1.999512
1.999480
1.999457
1.999443
1.999439
1.999442
1.999454
1.999473
1.999499
1.999530
1.999567
1.999607
1.999650
1.999696
1.999744
1.999792
1.999840
1.999888
1.999934
1.999978
2.000020
2.000059
2.000095
2.000127
2.000155
2.000179
2.000199
2.000216
2.000228
2.000236
2.000240
2.000241
2.000238
2.000232
2.000223
2.000212
2.000198
2.000183
2.000166
2.000148
2.000129
2.000109
2.000090
2.000070
2.000051
2.000032
2.000015
1.999998
1.999983
1.999969
1.999956
1.999945
1.999936
1.999928
1.999922
1.999917
1.999914
1.999913
1.999913
1.999914
1.999916
1.999920
1.999924
1.999930
1.999936
1.999942
1.999949
1.999956
1.999964
1.999971
1.999978
1.999985
1.999992
1.999999
2.000005
2.000010
2.000015
2.000020
2.000024
2.000027
2.000030
2.000032
2.000033
2.000034
2.000034
2.000034
2.000033
2.000032
2.000031
2.000029
2.000027
2.000025
2.000022
2.000020
2.000017
2.000014
2.000012
2.000009
2.000006
2.000004
2.000002
1.999999
1.999997
1.999996
1.999994
1.999993
1.999991
1.999991
1.999990
1.999989
1.999989
1.999989
1.999989
1.999989
1.999990
1.999990
1.999991
1.999991
1.999992
1.999993
1.999994
1.999995
1.999996
1.999997
1.999998
1.999998
1.999999
2.000000
2.000001
2.000001
2.000002
2.000002
2.000003
2.000003
2.000004
2.000004
2.000004
2.000004
2.000004
2.000004
2.000004
2.000004
2.000004
2.000003
2.000003
2.000003
2.000002
2.000002
2.000002
2.000002
2.000001
2.000001
2.000001
2.000000
2.000000
2.000000
2.000000
1.999999
1.999999
1.999999
1.999999
1.999999
1.999999
1.999999
1.999999
1.999999
1.999999
1.999999
1.999999
1.999999
1.999999
1.999999
1.999999
1.999999
1.999999
2.000000
2.000000
2.000000
2.000000
2.000000
2.000000
2.000000
2.000000
2.000000
2.000000
2.000000
2.000000
2.000000
2.000000
2.000000
2.000000
2.000000
2.000000
2.000000
2.000000
2.000000
2.000000
2.000000
2.000000
2.000000
2.000000
2.000000
2.000000
2.000000
2.000000
2.000000
2.000000
2.000000
2.000000
2.000000
2.000000
2.000000
2.000000
2.000000
2.000000
2.000000
2.000000
2.000000
2.000000
2.000000
2.000000
2.000000
2.000000
2.000000
2.000000
2.000000
2.000000
2.000000
2.000000
2.000000
2.000000
2.000000
2.000000
2.000000
2.000000
2.000000
2.000000
2.000000
2.000000
2.000000
2.000000
2.000000
2.000000
2.000000
2.000000
2.000000
2.000000
2.000000
2.000000
2.000000
2.000000
2.000000
2.000000
2.000000
2.000000
2.000000
2.000000
2.000000
2.000000
2.000000
2.000000
2.000000
2.000000
2.000000
2.000000
2.000000
2.000000
2.000000
2.000000
2.000000
2.000000
2.000000
2.000000
2.000000
2.000000
2.000000
2.000000
2.000000
2.000000
2.000000
2.000000
2.000000
2.000000
2.000000
2.000000
2.000000
2.000000
2.000000
2.000000
2.000000
2.000000
2.000000
2.000000
2.000000
2.000000
2.000000
2.000000
2.000000
2.000000
2.000000
2.000000
2.000000
2.000000
2.000000
2.000000
2.000000
2.000000
2.000000
2.000000
2.000000
2.000000
2.000000
2.000000
2.000000
2.000000
2.000000
2.000000
2.000000
2.000000
2.000000
2.000000
2.000000
2.000000
2.000000
2.000000
2.000000
2.000000
2.000000
2.000000
2.000000
2.000000
2.000000
2.000000
2.000000
2.000000
2.000000
2.000000
2.000000
2.000000
2.000000
2.000000
2.000000
2.000000
2.000000
2.000000
2.000000
2.000000
2.000000
2.000000
2.000000
2.000000
2.000000
2.000000
2.000000
2.000000
2.000000
2.000000
2.000000
2.000000
2.000000
2.000000
2.000000
2.000000
2.000000
2.000000
2.000000
2.000000
2.000000
2.000000
2.000000
2.000000
2.000000
2.000000
2.000000
2.000000
2.000000
2.000000
2.000000
2.000000
2.000000
2.000000
2.000000
2.000000
2.000000
2.000000
2.000000
2.000000
2.000000
2.000000
2.000000
2.000000
2.000000
2.000000
2.000000
2.000000
2.000000
2.000000
2.000000
2.000000
2.000000
2.000000
2.000000
2.000000
2.000000
2.000000
2.000000
2.000000
2.000000
2.000000
2.000000
2.000000
2.000000
2.000000
2.000000
2.000000
2.000000
2.000000
2.000000
2.000000
2.000000
2.000000
2.000000
2.000000
2.000000
2.000000
2.000000
2.000000
2.000000
2.000000
2.000000
2.000000
2.000000
2.000000
2.000000
2.000000
2.000000
2.000000
2.000000
2.000000
2.000000
2.000000
2.000000
2.000000
2.000000
2.000000
2.000000
2.000000
2.000000
2.000000
2.000000
2.000000
2.000000
2.000000
2.000000
2.000000
2.000000
2.000000
2.000000
2.000000
2.000000
2.000000
2.000000
2.000000
2.000000
2.000000
2.000000
2.000000
2.000000
2.000000
2.000000
2.000000
2.000000
2.000000
2.000000
2.000000
2.000000
2.000000
2.000000
2.000000
2.000000
2.000000
2.000000
2.000000
2.000000
2.000000
2.000000
2.000000
2.000000
2.000000
2.000000
2.000000
2.000000
2.000000
2.000000
2.000000
2.000000
2.000000
2.000000
2.000000
2.000000
2.000000
2.000000
2.000000
2.000000
2.000000
2.000000
2.000000
2.000000
2.000000
2.000000
2.000000
2.000000
2.000000
2.000000
2.000000
2.000000
2.000000
2.000000
2.000000
2.000000
2.000000
2.000000
2.000000
2.000000
2.000000
2.000000
2.000000
2.000000
2.000000
2.000000
2.000000
2.000000
2.000000
2.000000
2.000000
2.000000
