2.166180
2.087566
2.040775
2.040775
2.087566
2.166180
2.269351
2.383821
2.504238
2.619457
2.726258
2.815697
2.886733
2.932628
2.954503
2.947777
2.915644
2.855545
2.772564
2.665913
2.542250
2.402179
2.253458
2.097525
1.942574
1.790113
1.647879
1.516483
1.402141
1.303581
1.224633
1.161705
1.116256
1.083075
1.062343
1.048643
1.042130
1.038202
1.037584
1.036787
1.037156
1.036274
1.036053
1.035168
1.036205
1.039126
1.047433
1.062561
1.088925
1.129020
1.187259
1.265646
1.366754
1.490216
1.635525
1.799429
1.978753
2.168266
2.363374
2.558096
2.747577
2.926053
3.089228
3.232213
3.351803
3.444404
3.508231
3.541224
3.543188
3.513692
3.454160
3.365757
3.251429
3.113776
2.957045
2.784983
2.602782
2.414905
2.226965
2.043532
1.869907
1.709918
1.567587
1.444981
1.343834
1.263682
1.203622
1.160969
1.133129
1.116658
1.108854
1.106917
1.109019
1.113551
1.119749
1.127158
1.135951
1.146652
1.160217
1.177994
1.201545
1.232774
1.273468
1.325528
1.390276
1.468809
1.561226
1.667204
1.785279
1.913650
2.049536
2.190105
2.331834
2.471473
2.605369
2.730418
2.843333
2.941579
3.022593
3.084695
3.126271
3.146661
3.145308
3.122626
3.079121
3.016240
2.935465
2.839141
2.729546
2.609703
2.482420
2.351086
2.218682
2.088565
1.963450
1.846194
1.738767
1.643069
1.559928
1.490015
1.432919
1.388194
1.354518
1.330832
1.315508
1.307482
1.305355
1.308471
1.315932
1.327623
1.343167
1.362928
1.386924
1.415816
1.449801
1.489591
1.535307
1.587446
1.645796
1.710425
1.780622
1.855922
1.935092
2.017179
2.100537
2.183887
2.265370
2.343603
2.416736
2.483503
2.542271
2.592078
2.631668
2.660515
2.677848
2.683651
2.677683
2.660460
2.632259
2.594087
2.546678
2.491443
2.429461
2.362416
2.291579
2.218743
2.145196
2.072651
2.002231
1.935395
1.872940
1.815936
1.764761
1.720043
1.681736
1.650077
1.624689
1.605540
1.592072
1.584137
1.581139
1.582937
1.588994
1.599238
1.613221
1.630940
1.652015
1.676474
1.703947
1.734436
1.767525
1.803134
1.840755
1.880194
1.920833
1.962362
2.004066
2.045547
2.086030
2.125080
2.161923
2.196147
2.227038
2.254273
2.277259
2.295812
2.309502
2.318324
2.322039
2.320835
2.314672
2.303924
2.288734
2.269641
2.246938
2.221285
2.193075
2.163038
2.131611
2.099534
2.067230
2.035395
2.004383
1.974799
1.946896
1.921154
1.897705
1.876900
1.858748
1.843478
1.830995
1.821427
1.814599
1.810567
1.809103
1.810211
1.813632
1.819338
1.827050
1.836717
1.848048
1.860972
1.875186
1.890599
1.906895
1.923969
1.941493
1.959346
1.977198
1.994921
2.012189
2.028879
2.044681
2.059492
2.073033
2.085231
2.095853
2.104869
2.112100
2.117572
2.121165
2.122962
2.122907
2.121139
2.117660
2.112661
2.106192
2.098485
2.089627
2.079876
2.069342
2.058294
2.046848
2.035269
2.023665
2.012283
2.001212
1.990670
1.980718
1.971538
1.963160
1.955726
1.949231
1.943781
1.939338
1.935973
1.933618
1.932314
1.931971
1.932603
1.934100
1.936458
1.939552
1.943361
1.947753
1.952696
1.958052
1.963781
1.969746
1.975905
1.982122
1.988357
1.994481
2.000460
2.006174
2.011598
2.016627
2.021248
2.025372
2.029000
2.032061
2.034575
2.036487
2.037834
2.038581
2.038780
2.038415
2.037549
2.036183
2.034392
2.032187
2.029651
2.026804
2.023733
2.020462
2.017078
2.013605
2.010127
2.006666
2.003298
2.000039
1.996959
1.994064
1.991414
1.989008
1.986893
1.985058
1.983541
1.982321
1.981425
1.980826
1.980539
1.980530
1.980806
1.981329
1.982100
1.983074
1.984248
1.985576
1.987051
1.988627
1.990294
1.992008
1.993759
1.995504
1.997236
1.998915
2.000536
2.002064
2.003496
2.004803
2.005987
2.007023
2.007919
2.008653
2.009238
2.009660
2.009934
2.010050
2.010028
2.009862
2.009575
2.009164
2.008654
2.008046
2.007365
2.006613
2.005816
2.004976
2.004118
2.003246
2.002382
2.001529
2.000707
1.999918
1.999179
1.998490
1.997867
1.997305
1.996818
1.996401
1.996063
1.995797
1.995611
1.995494
1.995453
1.995475
1.995565
1.995710
1.995912
1.996159
1.996449
1.996771
1.997125
1.997497
1.997887
1.998283
1.998684
1.999079
1.999467
1.999840
2.000196
2.000528
2.000836
2.001112
2.001360
2.001573
2.001755
2.001899
2.002011
2.002086
2.002130
2.002140
2.002122
2.002074
2.002001
2.001903
2.001787
2.001651
2.001502
2.001339
2.001170
2.000993
2.000815
2.000635
2.000459
2.000287
2.000122
1.999966
1.999821
1.999687
1.999567
1.999460
1.999369
1.999292
1.999231
1.999185
1.999154
1.999136
1.999134
1.999143
1.999165
1.999197
1.999240
1.999290
1.999348
1.999412
1.999480
1.999552
1.999626
1.999700
1.999774
1.999847
1.999918
1.999985
2.000049
2.000107
2.000161
2.000209
2.000251
2.000287
2.000317
2.000340
2.000357
2.000368
2.000373
2.000372
2.000367
2.000356
2.000342
2.000323
2.000302
2.000277
2.000250
2.000222
2.000193
2.000162
2.000132
2.000102
2.000072
2.000044
2.000017
1.999992
1.999968
1.999947
1.999928
1.999912
1.999898
1.999886
1.999877
1.999871
1.999867
1.999865
1.999865
1.999868
1.999872
1.999877
1.999885
1.999893
1.999902
1.999913
1.999923
1.999934
1.999946
1.999957
1.999969
1.999979
1.999990
2.000000
2.000009
2.000017
2.000025
2.000032
2.000038
2.000043
2.000047
2.000050
2.000052
2.000053
2.000053
2.000053
2.000052
2.000050
2.000048
2.000045
2.000042
2.000038
2.000034
2.000030
2.000026
2.000022
2.000017
2.000013
2.000009
2.000005
2.000002
1.999999
1.999995
1.999993
1.999990
1.999988
1.999987
1.999985
1.999984
1.999983
1.999983
1.999983
1.999983
1.999983
1.999984
1.999985
1.999986
1.999987
1.999988
1.999989
1.999991
1.999992
1.999994
1.999995
1.999996
1.999998
1.999999
2.000000
2.000001
2.000002
2.000003
2.000004
2.000005
2.000005
2.000006
2.000006
2.000006
2.000006
2.000006
2.000006
2.000006
2.000006
2.000005
2.000005
2.000005
2.000004
2.000004
2.000003
2.000003
2.000002
2.000002
2.000001
2.000001
2.000001
2.000000
2.000000
1.999999
1.999999
1.999999
1.999999
1.999999
1.999998
1.999998
1.999998
1.999998
1.999998
1.999998
1.999998
1.999998
1.999998
1.999999
1.999999
1.999999
1.999999
1.999999
1.999999
1.999999
2.000000
2.000000
2.000000
2.000000
2.000000
2.000000
2.000000
2.000000
2.000000
2.000000
2.000001
2.000001
2.000001
2.000001
2.000001
2.000001
2.000001
2.000001
2.000001
2.000001
2.000000
2.000000
2.000000
2.000000
2.000000
2.000000
2.000000
2.000000
2.000000
2.000000
2.000000
2.000000
2.000000
2.000000
2.000000
2.000000
2.000000
2.000000
2.000000
2.000000
2.000000
2.000000
2.000000
2.000000
2.000000
2.000000
2.000000
2.000000
2.000000
2.000000
2.000000
2.000000
2.000000
2.000000
2.000000
2.000000
2.000000
2.000000
2.000000
2.000000
2.000000
2.000000
2.000000
2.000000
2.000000
2.000000
2.000000
2.000000
2.000000
2.000000
2.000000
2.000000
2.000000
2.000000
2.000000
2.000000
2.000000
2.000000
2.000000
2.000000
2.000000
2.000000
2.000000
2.000000
2.000000
2.000000
2.000000
2.000000
2.000000
2.000000
2.000000
2.000000
2.000000
2.000000
2.000000
2.000000
2.000000
2.000000
2.000000
2.000000
2.000000
2.000000
2.000000
2.000000
2.000000
2.000000
2.000000
2.000000
2.000000
2.000000
2.000000
2.000000
2.000000
2.000000
2.000000
2.000000
2.000000
2.000000
2.000000
2.000000
2.000000
2.000000
2.000000
2.000000
2.000000
2.000000
2.000000
2.000000
2.000000
2.000000
2.000000
2.000000
2.000000
2.000000
2.000000
2.000000
2.000000
2.000000
2.000000
2.000000
2.000000
2.000000
2.000000
2.000000
2.000000
2.000000
2.000000
2.000000
2.000000
2.000000
2.000000
2.000000
2.000000
2.000000
2.000000
2.000000
2.000000
2.000000
2.000000
2.000000
2.000000
2.000000
2.000000
2.000000
2.000000
2.000000
2.000000
2.000000
2.000000
2.000000
2.000000
2.000000
2.000000
2.000000
2.000000
2.000000
2.000000
2.000000
2.000000
2.000000
2.000000
2.000000
2.000000
2.000000
2.000000
2.000000
2.000000
2.000000
2.000000
2.000000
2.000000
2.000000
2.000000
2.000000
2.000000
2.000000
2.000000
2.000000
2.000000
2.000000
2.000000
2.000000
2.000000
2.000000
2.000000
2.000000
2.000000
2.000000
2.000000
2.000000
2.000000
2.000000
2.000000
2.000000
2.000000
2.000000
2.000000
2.000000
2.000000
2.000000
2.000000
2.000000
2.000000
2.000000
2.000000
2.000000
2.000000
2.000000
2.000000
2.000000
2.000000
2.000000
2.000000
2.000000
2.000000
2.000000
2.000000
2.000000
2.000000
2.000000
2.000000
2.000000
2.000000
2.000000
2.000000
2.000000
2.000000
2.000000
2.000000
2.000000
2.000000
2.000000
2.000000
2.000000
2.000000
2.000000
2.000000
2.000000
2.000000
2.000000
2.000000
2.000000
2.000000
2.000000
2.000000
2.000000
2.000000
2.000000
2.000000
2.000000
2.000000
2.000000
2.000000
2.000000
2.000000
2.000000
2.000000
2.000000
2.000000
2.000000
2.000000
2.000000
2.000000
2.000000
2.000000
2.000000
2.000000
2.000000
2.000000
2.000000
2.000000
2.000000
2.000000
2.000000
2.000000
2.000000
2.000000
2.000000
2.000000
2.000000
2.000000
2.000000
2.000000
2.000000
2.000000
2.000000
2.000000
2.000000
2.000000
2.000000
2.000000
2.000000
2.000000
2.000000
2.000000
2.000000
2.000000
2.000000
2.000000
2.000000
2.000000
2.000000
2.000000
2.000000
2.000000
2.000000
2.000000
2.000000
2.000000
2.000000
2.000000
2.000000
2.000000
2.000000
2.000000
2.000000
2.000000
2.000000
2.000000
2.000000
2.000000
2.000000
2.000000
2.000000
2.000000
2.000000
2.000000
2.000000
2.000000
2.000000
2.000000
2.000000
2.000000
2.000000
2.000000
2.000000
2.000000
2.000000
