2.163097
2.096384
2.056634
2.056634
2.096384
2.163097
2.249412
2.343975
2.441114
2.531318
2.610872
2.672290
2.713937
2.730435
2.722270
2.686169
2.624691
2.536568
2.426277
2.294336
2.146849
1.985758
1.818344
1.647417
1.480758
1.321216
1.176064
1.046979
0.939329
0.852139
0.787587
0.741360
0.712779
0.695667
0.688688
0.686066
0.687453
0.688366
0.689619
0.687860
0.684731
0.677779
0.669388
0.658222
0.647886
0.639010
0.637442
0.646833
0.675632
0.729347
0.815547
0.936271
1.093350
1.283003
1.502157
1.743662
2.002323
2.269878
2.540706
2.806637
3.062518
3.300951
3.517788
3.706832
3.865295
3.988474
4.075169
4.122340
4.130498
4.098332
4.028073
3.920100
3.778276
3.604534
3.404184
3.180476
2.939890
2.686677
2.428115
2.169030
1.917011
1.676889
1.455861
1.257881
1.088605
0.949631
0.843248
0.766824
0.717975
0.690138
0.678562
0.676553
0.680693
0.686674
0.693456
0.699199
0.704892
0.710782
0.719635
0.733627
0.757079
0.793537
0.847729
0.922692
1.021271
1.143812
1.289966
1.457110
1.642382
1.841314
2.049784
2.262609
2.475362
2.682902
2.881111
3.065382
3.232301
3.378114
3.500375
3.596384
3.664820
3.704155
3.714257
3.694800
3.646837
3.571194
3.470026
3.345195
3.199811
3.036592
2.859391
2.671545
2.477384
2.280567
2.085566
1.895994
1.716049
1.548824
1.397703
1.264651
1.151581
1.058703
0.985951
0.931604
0.893900
0.870023
0.857767
0.854644
0.859252
0.870331
0.887755
0.911571
0.942701
0.982041
1.030941
1.090396
1.161419
1.244377
1.339364
1.445728
1.562495
1.688035
1.820522
1.957658
2.097125
2.236331
2.372824
2.504040
2.627690
2.741489
2.843528
2.931989
3.005493
3.062804
3.103163
3.125984
3.131163
3.118770
3.089347
3.043587
2.982621
2.907687
2.820411
2.722468
2.615850
2.502528
2.384703
2.264473
2.144073
2.025539
1.910938
1.802044
1.700556
1.607788
1.524895
1.452587
1.391380
1.341359
1.302452
1.274262
1.256336
1.248052
1.248849
1.258119
1.275377
1.300142
1.332038
1.370676
1.415707
1.466722
1.523278
1.584836
1.650778
1.720379
1.792826
1.867217
1.942585
2.017912
2.092152
2.164261
2.233208
2.298014
2.357752
2.411592
2.458791
2.498730
2.530905
2.554957
2.570650
2.577907
2.576773
2.567450
2.550251
2.525636
2.494156
2.456486
2.413369
2.365641
2.314171
2.259893
2.203733
2.146647
2.089545
2.033333
1.978833
1.926833
1.878009
1.832978
1.792226
1.756170
1.725091
1.699203
1.678590
1.663286
1.653208
1.648249
1.648199
1.652850
1.661904
1.675083
1.692029
1.712417
1.735846
1.761956
1.790313
1.820531
1.852152
1.884774
1.917929
1.951212
1.984159
2.016385
2.047450
2.077006
2.104660
2.130123
2.153070
2.173287
2.190534
2.204689
2.215604
2.223257
2.227599
2.228705
2.226624
2.221525
2.213542
2.202926
2.189883
2.174726
2.157713
2.139200
2.119475
2.098912
2.077806
2.056525
2.035348
2.014618
1.994578
1.975528
1.957658
1.941213
1.926322
1.913167
1.901813
1.892375
1.884854
1.879307
1.875676
1.873961
1.874056
1.875915
1.879391
1.884404
1.890775
1.898400
1.907077
1.916689
1.927021
1.937949
1.949257
1.960820
1.972430
1.983972
1.995249
2.006163
2.016536
2.026294
2.035284
2.043458
2.050693
2.056972
2.062201
2.066397
2.069499
2.071552
2.072528
2.072503
2.071474
2.069542
2.066730
2.063159
2.058869
2.053995
2.048589
2.042795
2.036667
2.030353
2.023906
2.017467
2.011083
2.004885
1.998909
1.993271
1.987991
1.983168
1.978806
1.974986
1.971691
1.968985
1.966832
1.965278
1.964272
1.963843
1.963925
1.964533
1.965591
1.967103
1.968982
1.971227
1.973746
1.976532
1.979490
1.982614
1.985809
1.989070
1.992306
1.995515
1.998612
2.001601
2.004405
2.007034
2.009421
2.011584
2.013464
2.015089
2.016409
2.017461
2.018204
2.018682
2.018863
2.018799
2.018463
2.017913
2.017130
2.016174
2.015030
2.013762
2.012355
2.010875
2.009309
2.007720
2.006095
2.004496
2.002907
2.001385
1.999914
1.998546
1.997259
1.996103
1.995051
1.994148
1.993362
1.992733
1.992227
1.991879
1.991649
1.991569
1.991598
1.991762
1.992018
1.992391
1.992835
1.993374
1.993961
1.994618
1.995300
1.996027
1.996754
1.997504
1.998232
1.998961
1.999649
2.000320
2.000935
2.001519
2.002034
2.002508
2.002906
2.003257
2.003529
2.003752
2.003897
2.003995
2.004018
2.003999
2.003912
2.003792
2.003613
2.003409
2.003157
2.002891
2.002588
2.002282
2.001949
2.001625
2.001284
2.000961
2.000632
2.000328
2.000026
1.999757
1.999495
1.999271
1.999059
1.998886
1.998729
1.998612
1.998511
1.998450
1.998404
1.998396
1.998399
1.998438
1.998485
1.998563
1.998646
1.998754
1.998863
1.998992
1.999117
1.999258
1.999390
1.999534
1.999665
1.999803
1.999925
2.000052
2.000159
2.000268
2.000356
2.000444
2.000511
2.000576
2.000619
2.000661
2.000681
2.000701
2.000700
2.000698
2.000678
2.000660
2.000624
2.000591
2.000543
2.000500
2.000444
2.000395
2.000334
2.000282
2.000221
2.000170
2.000112
2.000064
2.000011
1.999970
1.999924
1.999890
1.999853
1.999828
1.999800
1.999785
1.999766
1.999759
1.999749
1.999751
1.999749
1.999759
1.999763
1.999779
1.999789
1.999809
1.999823
1.999846
1.999863
1.999887
1.999905
1.999930
1.999947
1.999970
1.999986
2.000007
2.000021
2.000040
2.000050
2.000065
2.000072
2.000084
2.000088
2.000096
2.000097
2.000102
2.000099
2.000101
2.000095
2.000095
2.000087
2.000085
2.000076
2.000072
2.000062
2.000057
2.000046
2.000041
2.000030
2.000025
2.000015
2.000011
2.000002
1.999998
1.999990
1.999987
1.999980
1.999979
1.999974
1.999973
1.999969
1.999970
1.999967
1.999969
1.999967
1.999970
1.999969
1.999973
1.999972
1.999977
1.999977
1.999981
1.999982
1.999987
1.999987
1.999992
1.999992
1.999997
1.999997
2.000001
2.000002
2.000005
2.000005
2.000008
2.000008
2.000011
2.000010
2.000012
2.000011
2.000013
2.000011
2.000012
2.000011
2.000012
2.000010
2.000010
2.000008
2.000009
2.000007
2.000007
2.000005
2.000005
2.000003
2.000004
2.000001
2.000002
2.000000
2.000000
1.999998
1.999999
1.999997
1.999998
1.999997
1.999998
1.999996
1.999997
1.999996
1.999997
1.999996
1.999997
1.999996
1.999998
1.999997
1.999998
1.999997
1.999998
1.999998
1.999999
1.999998
2.000000
1.999999
2.000000
1.999999
2.000001
2.000000
2.000001
2.000000
2.000001
2.000000
2.000001
2.000001
2.000002
2.000001
2.000002
2.000001
2.000002
2.000001
2.000001
2.000001
2.000001
2.000000
2.000001
2.000000
2.000001
2.000000
2.000001
2.000000
2.000001
2.000000
2.000000
2.000000
2.000000
2.000000
2.000000
2.000000
2.000000
1.999999
2.000000
1.999999
2.000000
1.999999
2.000000
1.999999
2.000000
1.999999
2.000000
2.000000
2.000000
2.000000
2.000000
2.000000
2.000000
2.000000
2.000000
2.000000
2.000000
2.000000
2.000000
2.000000
2.000000
2.000000
2.000000
2.000000
2.000000
2.000000
2.000000
2.000000
2.000000
2.000000
2.000000
2.000000
2.000000
2.000000
2.000000
2.000000
2.000000
2.000000
2.000000
2.000000
2.000000
2.000000
2.000000
2.000000
2.000000
2.000000
2.000000
2.000000
2.000000
2.000000
2.000000
2.000000
2.000000
2.000000
2.000000
2.000000
2.000000
2.000000
2.000000
2.000000
2.000000
2.000000
2.000000
2.000000
2.000000
2.000000
2.000000
2.000000
2.000000
2.000000
2.000000
2.000000
2.000000
2.000000
2.000000
2.000000
2.000000
2.000000
2.000000
2.000000
2.000000
2.000000
2.000000
2.000000
2.000000
2.000000
2.000000
2.000000
2.000000
2.000000
2.000000
2.000000
2.000000
2.000000
2.000000
2.000000
2.000000
2.000000
2.000000
2.000000
2.000000
2.000000
2.000000
2.000000
2.000000
2.000000
2.000000
2.000000
2.000000
2.000000
2.000000
2.000000
2.000000
2.000000
2.000000
2.000000
2.000000
2.000000
2.000000
2.000000
2.000000
2.000000
2.000000
2.000000
2.000000
2.000000
2.000000
2.000000
2.000000
2.000000
2.000000
2.000000
2.000000
2.000000
2.000000
2.000000
2.000000
2.000000
2.000000
2.000000
2.000000
2.000000
2.000000
2.000000
2.000000
2.000000
2.000000
2.000000
2.000000
2.000000
2.000000
2.000000
2.000000
2.000000
2.000000
2.000000
2.000000
2.000000
2.000000
2.000000
2.000000
2.000000
2.000000
2.000000
2.000000
2.000000
2.000000
2.000000
2.000000
2.000000
2.000000
2.000000
2.000000
2.000000
2.000000
2.000000
2.000000
2.000000
2.000000
2.000000
2.000000
2.000000
2.000000
2.000000
2.000000
2.000000
2.000000
2.000000
2.000000
2.000000
2.000000
2.000000
2.000000
2.000000
2.000000
2.000000
2.000000
2.000000
2.000000
2.000000
2.000000
2.000000
2.000000
2.000000
2.000000
2.000000
2.000000
2.000000
2.000000
2.000000
2.000000
2.000000
2.000000
2.000000
2.000000
2.000000
2.000000
2.000000
2.000000
2.000000
2.000000
2.000000
2.000000
2.000000
2.000000
2.000000
2.000000
2.000000
2.000000
2.000000
2.000000
2.000000
2.000000
2.000000
2.000000
2.000000
2.000000
2.000000
2.000000
2.000000
2.000000
2.000000
2.000000
2.000000
2.000000
2.000000
2.000000
2.000000
2.000000
2.000000
2.000000
2.000000
2.000000
2.000000
2.000000
2.000000
2.000000
2.000000
2.000000
2.000000
2.000000
2.000000
2.000000
2.000000
2.000000
2.000000
2.000000
2.000000
2.000000
2.000000
2.000000
2.000000
2.000000
2.000000
2.000000
2.000000
2.000000
2.000000
2.000000
2.000000
2.000000
2.000000
2.000000
2.000000
2.000000
2.000000
2.000000
2.000000
2.000000
2.000000
2.000000
2.000000
2.000000
2.000000
2.000000
2.000000
2.000000
2.000000
2.000000
2.000000
2.000000
2.000000
2.000000
2.000000
2.000000
2.000000
2.000000
2.000000
2.000000
2.000000
2.000000
2.000000
2.000000
2.000000
2.000000
