2.174915
2.101874
2.058245
2.058245
2.101874
2.174915
2.270106
2.374825
2.483672
2.586034
2.678603
2.752901
2.807786
2.836953
2.841427
2.817046
2.766932
2.688948
2.588140
2.464164
2.323695
2.167812
2.004362
1.835304
1.668992
1.507474
1.358674
1.223630
1.108592
1.012311
0.938216
0.882092
0.844592
0.819529
0.806432
0.799103
0.797571
0.796747
0.797635
0.796352
0.794722
0.789921
0.784505
0.776841
0.770534
0.765709
0.767680
0.778973
0.806756
0.855140
0.930916
1.036210
1.173727
1.340953
1.536003
1.752807
1.986913
2.230712
2.478956
2.723858
2.960432
3.181522
3.383040
3.558959
3.706495
3.821071
3.901459
3.944721
3.951317
3.920018
3.852987
3.750670
3.616838
3.453470
3.265758
3.056966
2.833411
2.599298
2.361661
2.125175
1.897027
1.681688
1.485673
1.312228
1.165929
1.047345
0.957603
0.893494
0.852486
0.828810
0.818669
0.816659
0.820186
0.825777
0.832674
0.839378
0.846734
0.854937
0.866209
0.882244
0.906405
0.941429
0.991027
1.057733
1.144072
1.250763
1.377922
1.523818
1.686248
1.861608
2.046274
2.235720
2.425807
2.611873
2.789934
2.955740
3.105915
3.236986
3.346480
3.431932
3.491954
3.525217
3.531496
3.510636
3.463573
3.391281
3.295773
3.179033
3.043995
2.893466
2.731078
2.560202
2.384875
2.208703
2.035755
1.869453
1.713423
1.570382
1.442943
1.332532
1.240202
1.165688
1.108325
1.066370
1.038033
1.021019
1.013477
1.013575
1.020192
1.032469
1.050242
1.073610
1.103168
1.139636
1.183937
1.236898
1.299240
1.371370
1.453352
1.544822
1.644990
1.752666
1.866292
1.984040
2.103849
2.223554
2.340902
2.453696
2.559778
2.657172
2.744044
2.818829
2.880179
2.927072
2.958741
2.974777
2.975038
2.959743
2.929363
2.884710
2.826813
2.756999
2.676754
2.587800
2.491948
2.391162
2.287407
2.182709
2.078993
1.978149
1.881855
1.791659
1.708806
1.634334
1.568921
1.513023
1.466740
1.430006
1.402471
1.383738
1.373234
1.370462
1.374838
1.385937
1.403279
1.426566
1.455418
1.489618
1.528812
1.572763
1.621046
1.673314
1.728996
1.787586
1.848346
1.910612
1.973503
2.036244
2.097878
2.157592
2.214432
2.267635
2.316331
2.359883
2.397582
2.428981
2.453584
2.471178
2.481513
2.484631
2.480540
2.469533
2.451862
2.428052
2.398563
2.364109
2.325313
2.283018
2.237945
2.191003
2.142941
2.094659
2.046862
2.000377
1.955802
1.913829
1.874902
1.839544
1.808020
1.780671
1.757583
1.738928
1.724636
1.714741
1.709054
1.707509
1.709833
1.715893
1.725362
1.738066
1.753642
1.771884
1.792401
1.814964
1.839160
1.864737
1.891266
1.918479
1.945938
1.973372
2.000348
2.026606
2.051734
2.075504
2.097544
2.117673
2.135579
2.151147
2.164138
2.174515
2.182120
2.187003
2.189091
2.188519
2.185297
2.179639
2.171628
2.161544
2.149530
2.135914
2.120880
2.104786
2.087834
2.070390
2.052656
2.034986
2.017559
2.000699
1.984552
1.969396
1.955328
1.942577
1.931185
1.921325
1.912987
1.906289
1.901169
1.897696
1.895765
1.895401
1.896462
1.898940
1.902663
1.907596
1.913548
1.920466
1.928144
1.936519
1.945379
1.954655
1.964138
1.973762
1.983322
1.992761
2.001890
2.010662
2.018908
2.026601
2.033591
2.039875
2.045331
2.049979
2.053723
2.056612
2.058575
2.059686
2.059903
2.059322
2.057922
2.055821
2.053017
2.049642
2.045708
2.041357
2.036609
2.031611
2.026385
2.021076
2.015706
2.010411
2.005205
2.000217
1.995448
1.991013
1.986901
1.983211
1.979918
1.977103
1.974728
1.972857
1.971438
1.970521
1.970041
1.970034
1.970424
1.971238
1.972392
1.973903
1.975681
1.977739
1.979985
1.982426
1.984971
1.987627
1.990304
1.993011
1.995662
1.998269
2.000752
2.003128
2.005325
2.007364
2.009181
2.010806
2.012181
2.013344
2.014245
2.014927
2.015350
2.015563
2.015531
2.015309
2.014869
2.014269
2.013485
2.012577
2.011526
2.010392
2.009158
2.007884
2.006553
2.005224
2.003879
2.002573
2.001288
2.000075
1.998914
1.997851
1.996863
1.995993
1.995214
1.994564
1.994012
1.993595
1.993276
1.993088
1.992995
1.993022
1.993133
1.993351
1.993638
1.994014
1.994441
1.994938
1.995465
1.996042
1.996630
1.997247
1.997855
1.998474
1.999067
1.999654
2.000201
2.000728
2.001203
2.001647
2.002032
2.002379
2.002662
2.002904
2.003081
2.003217
2.003289
2.003323
2.003299
2.003241
2.003132
2.002997
2.002818
2.002621
2.002390
2.002150
2.001886
2.001621
2.001341
2.001069
2.000790
2.000528
2.000265
2.000025
1.999790
1.999583
1.999387
1.999220
1.999067
1.998947
1.998840
1.998766
1.998706
1.998677
1.998661
1.998674
1.998697
1.998746
1.998802
1.998880
1.998962
1.999061
1.999160
1.999273
1.999382
1.999500
1.999611
1.999728
1.999835
1.999944
2.000041
2.000138
2.000220
2.000301
2.000366
2.000428
2.000474
2.000517
2.000544
2.000568
2.000576
2.000581
2.000573
2.000563
2.000540
2.000516
2.000482
2.000448
2.000406
2.000366
2.000318
2.000274
2.000225
2.000180
2.000132
2.000090
2.000044
2.000007
1.999967
1.999935
1.999902
1.999877
1.999851
1.999834
1.999816
1.999806
1.999796
1.999793
1.999790
1.999794
1.999797
1.999807
1.999815
1.999829
1.999841
1.999858
1.999872
1.999891
1.999907
1.999926
1.999942
1.999961
1.999976
1.999993
2.000006
2.000022
2.000033
2.000045
2.000054
2.000063
2.000069
2.000076
2.000078
2.000082
2.000082
2.000084
2.000081
2.000080
2.000076
2.000073
2.000067
2.000063
2.000056
2.000051
2.000044
2.000038
2.000031
2.000025
2.000018
2.000013
2.000006
2.000001
1.999995
1.999992
1.999987
1.999984
1.999980
1.999979
1.999976
1.999975
1.999973
1.999974
1.999973
1.999974
1.999974
1.999976
1.999976
1.999979
1.999980
1.999983
1.999984
1.999987
1.999988
1.999991
1.999993
1.999996
1.999997
1.999999
2.000001
2.000003
2.000004
2.000006
2.000006
2.000008
2.000008
2.000009
2.000009
2.000010
2.000009
2.000010
2.000009
2.000009
2.000009
2.000009
2.000008
2.000007
2.000006
2.000006
2.000005
2.000004
2.000003
2.000003
2.000002
2.000002
2.000001
2.000000
1.999999
1.999999
1.999998
1.999998
1.999998
1.999998
1.999997
1.999998
1.999997
1.999997
1.999997
1.999997
1.999997
1.999998
1.999997
1.999998
1.999998
1.999998
1.999998
1.999999
1.999999
1.999999
1.999999
2.000000
2.000000
2.000000
2.000000
2.000000
2.000000
2.000001
2.000001
2.000001
2.000001
2.000001
2.000001
2.000001
2.000001
2.000001
2.000001
2.000001
2.000001
2.000001
2.000001
2.000001
2.000001
2.000001
2.000000
2.000000
2.000000
2.000000
2.000000
2.000000
2.000000
2.000000
2.000000
2.000000
2.000000
2.000000
2.000000
2.000000
2.000000
2.000000
2.000000
2.000000
2.000000
2.000000
2.000000
2.000000
2.000000
2.000000
2.000000
2.000000
2.000000
2.000000
2.000000
2.000000
2.000000
2.000000
2.000000
2.000000
2.000000
2.000000
2.000000
2.000000
2.000000
2.000000
2.000000
2.000000
2.000000
2.000000
2.000000
2.000000
2.000000
2.000000
2.000000
2.000000
2.000000
2.000000
2.000000
2.000000
2.000000
2.000000
2.000000
2.000000
2.000000
2.000000
2.000000
2.000000
2.000000
2.000000
2.000000
2.000000
2.000000
2.000000
2.000000
2.000000
2.000000
2.000000
2.000000
2.000000
2.000000
2.000000
2.000000
2.000000
2.000000
2.000000
2.000000
2.000000
2.000000
2.000000
2.000000
2.000000
2.000000
2.000000
2.000000
2.000000
2.000000
2.000000
2.000000
2.000000
2.000000
2.000000
2.000000
2.000000
2.000000
2.000000
2.000000
2.000000
2.000000
2.000000
2.000000
2.000000
2.000000
2.000000
2.000000
2.000000
2.000000
2.000000
2.000000
2.000000
2.000000
2.000000
2.000000
2.000000
2.000000
2.000000
2.000000
2.000000
2.000000
2.000000
2.000000
2.000000
2.000000
2.000000
2.000000
2.000000
2.000000
2.000000
2.000000
2.000000
2.000000
2.000000
2.000000
2.000000
2.000000
2.000000
2.000000
2.000000
2.000000
2.000000
2.000000
2.000000
2.000000
2.000000
2.000000
2.000000
2.000000
2.000000
2.000000
2.000000
2.000000
2.000000
2.000000
2.000000
2.000000
2.000000
2.000000
2.000000
2.000000
2.000000
2.000000
2.000000
2.000000
2.000000
2.000000
2.000000
2.000000
2.000000
2.000000
2.000000
2.000000
2.000000
2.000000
2.000000
2.000000
2.000000
2.000000
2.000000
2.000000
2.000000
2.000000
2.000000
2.000000
2.000000
2.000000
2.000000
2.000000
2.000000
2.000000
2.000000
2.000000
2.000000
2.000000
2.000000
2.000000
2.000000
2.000000
2.000000
2.000000
2.000000
2.000000
2.000000
2.000000
2.000000
2.000000
2.000000
2.000000
2.000000
2.000000
2.000000
2.000000
2.000000
2.000000
2.000000
2.000000
2.000000
2.000000
2.000000
2.000000
2.000000
2.000000
2.000000
2.000000
2.000000
2.000000
2.000000
2.000000
2.000000
2.000000
2.000000
2.000000
2.000000
2.000000
2.000000
2.000000
2.000000
2.000000
2.000000
2.000000
2.000000
2.000000
2.000000
2.000000
2.000000
2.000000
2.000000
2.000000
2.000000
2.000000
2.000000
2.000000
2.000000
2.000000
2.000000
2.000000
2.000000
2.000000
2.000000
2.000000
2.000000
2.000000
2.000000
2.000000
2.000000
2.000000
2.000000
2.000000
2.000000
2.000000
2.000000
2.000000
2.000000
2.000000
2.000000
2.000000
2.000000
2.000000
2.000000
2.000000
2.000000
2.000000
2.000000
2.000000
2.000000
2.000000
2.000000
2.000000
2.000000
2.000000
2.000000
2.000000
2.000000
2.000000
2.000000
2.000000
2.000000
2.000000
2.000000
2.000000
2.000000
2.000000
2.000000
2.000000
2.000000
2.000000
2.000000
2.000000
2.000000
2.000000
2.000000
2.000000
2.000000
2.000000
2.000000
2.000000
2.000000
2.000000
2.000000
2.000000
2.000000
2.000000
2.000000
2.000000
2.000000
2.000000
2.000000
2.000000
2.000000
