2.032817
1.985755
1.960316
1.960316
1.985755
2.032817
2.093568
2.164827
2.239285
2.314561
2.384229
2.446981
2.497559
2.535978
2.558354
2.566142
2.556878
2.533413
2.494571
2.444368
2.382601
2.314055
2.239029
2.162540
2.084819
2.010541
1.939328
1.875048
1.816380
1.766207
1.722271
1.686638
1.656431
1.633278
1.614107
1.600471
1.589423
1.582653
1.577482
1.575788
1.575187
1.577718
1.581274
1.588015
1.596096
1.607783
1.621493
1.639578
1.660688
1.687202
1.717894
1.755004
1.797209
1.846353
1.900716
1.961483
2.026304
2.095579
2.166300
2.238195
2.307813
2.374539
2.434855
2.488226
2.531482
2.564564
2.584983
2.593442
2.588335
2.571248
2.541500
2.501516
2.451409
2.394237
2.330632
2.263946
2.194947
2.126869
2.060216
1.997726
1.939329
1.887042
1.840120
1.799864
1.764980
1.736260
1.712132
1.693148
1.677726
1.666396
1.657736
1.652363
1.649078
1.648606
1.649967
1.653977
1.659848
1.668452
1.679163
1.692882
1.709105
1.728720
1.751284
1.777607
1.807214
1.840735
1.877544
1.917980
1.961156
2.007042
2.054440
2.102952
2.151111
2.198260
2.242796
2.283984
2.320286
2.351100
2.375151
2.392160
2.401275
2.402662
2.395974
2.381864
2.360480
2.332905
2.299687
2.262206
2.221241
2.178282
2.134138
2.090204
2.047132
2.006059
1.967353
1.931807
1.899469
1.870798
1.845577
1.824012
1.805724
1.790779
1.778745
1.769645
1.763072
1.759066
1.757290
1.757825
1.760409
1.765165
1.771895
1.780745
1.791559
1.804479
1.819358
1.836305
1.855144
1.875915
1.898379
1.922473
1.947865
1.974372
2.001554
2.029110
2.056508
2.083356
2.109072
2.133231
2.155261
2.174773
2.191278
2.204496
2.214085
2.219927
2.221871
2.219991
2.214340
2.205182
2.192753
2.177471
2.159707
2.139977
2.118718
2.096474
2.073681
2.050841
2.028328
2.006555
1.985798
1.966354
1.948389
1.932088
1.917516
1.904764
1.893824
1.884722
1.877403
1.871856
1.868004
1.865819
1.865218
1.866164
1.868576
1.872412
1.877589
1.884059
1.891731
1.900542
1.910386
1.921178
1.932791
1.945110
1.957983
1.971267
1.984782
1.998360
2.011803
2.024928
2.037531
2.049430
2.060432
2.070374
2.079093
2.086465
2.092375
2.096751
2.099539
2.100730
2.100335
2.098408
2.095022
2.090289
2.084332
2.077305
2.069367
2.060695
2.051463
2.041855
2.032041
2.022193
2.012462
2.002996
1.993918
1.985345
1.977366
1.970065
1.963500
1.957721
1.952759
1.948637
1.945361
1.942933
1.941341
1.940567
1.940586
1.941367
1.942870
1.945055
1.947872
1.951269
1.955188
1.959568
1.964344
1.969447
1.974806
1.980345
1.985990
1.991664
1.997289
2.002791
2.008097
2.013136
2.017844
2.022160
2.026033
2.029415
2.032272
2.034575
2.036305
2.037455
2.038026
2.038029
2.037484
2.036420
2.034871
2.032882
2.030501
2.027780
2.024776
2.021546
2.018150
2.014645
2.011088
2.007535
2.004038
2.000643
1.997396
1.994334
1.991493
1.988901
1.986582
1.984554
1.982832
1.981424
1.980335
1.979564
1.979107
1.978956
1.979099
1.979522
1.980207
1.981134
1.982280
1.983622
1.985133
1.986786
1.988553
1.990407
1.992318
1.994258
1.996200
1.998116
1.999982
2.001772
2.003466
2.005042
2.006484
2.007776
2.008906
2.009864
2.010644
2.011241
2.011656
2.011889
2.011945
2.011831
2.011557
2.011133
2.010573
2.009890
2.009102
2.008223
2.007271
2.006263
2.005217
2.004149
2.003076
2.002013
2.000976
1.999976
1.999028
1.998142
1.997326
1.996590
1.995939
1.995378
1.994911
1.994539
1.994263
1.994082
1.993994
1.993995
1.994081
1.994245
1.994484
1.994788
1.995150
1.995564
1.996020
1.996510
1.997025
1.997557
1.998097
1.998638
1.999172
1.999692
2.000190
2.000662
2.001101
2.001503
2.001865
2.002182
2.002453
2.002676
2.002851
2.002977
2.003055
2.003087
2.003074
2.003018
2.002924
2.002794
2.002632
2.002442
2.002228
2.001995
2.001746
2.001487
2.001222
2.000954
2.000688
2.000427
2.000175
1.999935
1.999710
1.999501
1.999312
1.999143
1.998997
1.998873
1.998772
1.998695
1.998641
1.998610
1.998600
1.998611
1.998642
1.998690
1.998755
1.998834
1.998925
1.999027
1.999136
1.999253
1.999373
1.999496
1.999619
1.999740
1.999859
1.999973
2.000080
2.000181
2.000274
2.000357
2.000431
2.000494
2.000547
2.000590
2.000621
2.000642
2.000653
2.000654
2.000646
2.000629
2.000605
2.000573
2.000535
2.000493
2.000446
2.000395
2.000342
2.000288
2.000233
2.000178
2.000124
2.000072
2.000022
1.999975
1.999932
1.999892
1.999856
1.999825
1.999798
1.999776
1.999759
1.999746
1.999738
1.999735
1.999735
1.999739
1.999747
1.999758
1.999772
1.999788
1.999806
1.999827
1.999848
1.999870
1.999893
1.999916
1.999938
1.999960
1.999982
2.000002
2.000021
2.000038
2.000054
2.000068
2.000081
2.000091
2.000099
2.000106
2.000110
2.000113
2.000114
2.000113
2.000111
2.000107
2.000102
2.000096
2.000089
2.000081
2.000073
2.000064
2.000055
2.000045
2.000036
2.000027
2.000018
2.000010
2.000002
1.999994
1.999987
1.999981
1.999976
1.999971
1.999967
1.999964
1.999962
1.999960
1.999959
1.999959
1.999959
1.999960
1.999962
1.999964
1.999966
1.999969
1.999972
1.999975
1.999978
1.999982
1.999985
1.999989
1.999992
1.999995
1.999998
2.000001
2.000004
2.000006
2.000009
2.000011
2.000012
2.000014
2.000015
2.000015
2.000016
2.000016
2.000016
2.000016
2.000015
2.000015
2.000014
2.000013
2.000012
2.000011
2.000010
2.000008
2.000007
2.000006
2.000005
2.000003
2.000002
2.000001
2.000000
1.999999
1.999998
1.999997
1.999997
1.999996
1.999996
1.999995
1.999995
1.999995
1.999995
1.999995
1.999995
1.999995
1.999995
1.999996
1.999996
1.999996
1.999997
1.999997
1.999997
1.999998
1.999998
1.999999
1.999999
2.000000
2.000000
2.000000
2.000001
2.000001
2.000001
2.000001
2.000001
2.000002
2.000002
2.000002
2.000002
2.000002
2.000002
2.000002
2.000002
2.000002
2.000002
2.000001
2.000001
2.000001
2.000001
2.000001
2.000001
2.000001
2.000000
2.000000
2.000000
2.000000
2.000000
2.000000
2.000000
2.000000
2.000000
2.000000
2.000000
1.999999
1.999999
1.999999
1.999999
1.999999
1.999999
1.999999
2.000000
2.000000
2.000000
2.000000
2.000000
2.000000
2.000000
2.000000
2.000000
2.000000
2.000000
2.000000
2.000000
2.000000
2.000000
2.000000
2.000000
2.000000
2.000000
2.000000
2.000000
2.000000
2.000000
2.000000
2.000000
2.000000
2.000000
2.000000
2.000000
2.000000
2.000000
2.000000
2.000000
2.000000
2.000000
2.000000
2.000000
2.000000
2.000000
2.000000
2.000000
2.000000
2.000000
2.000000
2.000000
2.000000
2.000000
2.000000
2.000000
2.000000
2.000000
2.000000
2.000000
2.000000
2.000000
2.000000
2.000000
2.000000
2.000000
2.000000
2.000000
2.000000
2.000000
2.000000
2.000000
2.000000
2.000000
2.000000
2.000000
2.000000
2.000000
2.000000
2.000000
2.000000
2.000000
2.000000
2.000000
2.000000
2.000000
2.000000
2.000000
2.000000
2.000000
2.000000
2.000000
2.000000
2.000000
2.000000
2.000000
2.000000
2.000000
2.000000
2.000000
2.000000
2.000000
2.000000
2.000000
2.000000
2.000000
2.000000
2.000000
2.000000
2.000000
2.000000
2.000000
2.000000
2.000000
2.000000
2.000000
2.000000
2.000000
2.000000
2.000000
2.000000
2.000000
2.000000
2.000000
2.000000
2.000000
2.000000
2.000000
2.000000
2.000000
2.000000
2.000000
2.000000
2.000000
2.000000
2.000000
2.000000
2.000000
2.000000
2.000000
2.000000
2.000000
2.000000
2.000000
2.000000
2.000000
2.000000
2.000000
2.000000
2.000000
2.000000
2.000000
2.000000
2.000000
2.000000
2.000000
2.000000
2.000000
2.000000
2.000000
2.000000
2.000000
2.000000
2.000000
2.000000
2.000000
2.000000
2.000000
2.000000
2.000000
2.000000
2.000000
2.000000
2.000000
2.000000
2.000000
2.000000
2.000000
2.000000
2.000000
2.000000
2.000000
2.000000
2.000000
2.000000
2.000000
2.000000
2.000000
2.000000
2.000000
2.000000
2.000000
2.000000
2.000000
2.000000
2.000000
2.000000
2.000000
2.000000
2.000000
2.000000
2.000000
2.000000
2.000000
2.000000
2.000000
2.000000
2.000000
2.000000
2.000000
2.000000
2.000000
2.000000
2.000000
2.000000
2.000000
2.000000
2.000000
2.000000
2.000000
2.000000
2.000000
2.000000
2.000000
2.000000
2.000000
2.000000
2.000000
2.000000
2.000000
2.000000
2.000000
2.000000
2.000000
2.000000
2.000000
2.000000
2.000000
2.000000
2.000000
2.000000
2.000000
2.000000
2.000000
2.000000
2.000000
2.000000
2.000000
2.000000
2.000000
2.000000
2.000000
2.000000
2.000000
2.000000
2.000000
2.000000
2.000000
2.000000
2.000000
2.000000
2.000000
2.000000
2.000000
2.000000
2.000000
2.000000
2.000000
2.000000
2.000000
2.000000
2.000000
2.000000
2.000000
2.000000
2.000000
2.000000
2.000000
2.000000
2.000000
2.000000
2.000000
2.000000
2.000000
2.000000
2.000000
2.000000
2.000000
2.000000
2.000000
2.000000
2.000000
2.000000
2.000000
2.000000
2.000000
2.000000
2.000000
2.000000
2.000000
2.000000
2.000000
2.000000
2.000000
2.000000
2.000000
2.000000
2.000000
2.000000
2.000000
2.000000
2.000000
2.000000
2.000000
2.000000
2.000000
2.000000
2.000000
2.000000
2.000000
2.000000
2.000000
2.000000
2.000000
2.000000
2.000000
2.000000
2.000000
2.000000
2.000000
2.000000
2.000000
2.000000
2.000000
2.000000
2.000000
2.000000
2.000000
2.000000
2.000000
2.000000
2.000000
2.000000
2.000000
2.000000
2.000000
2.000000
2.000000
2.000000
2.000000
2.000000
2.000000
2.000000
2.000000
2.000000
2.000000
2.000000
2.000000
2.000000
2.000000
2.000000
2.000000
2.000000
2.000000
2.000000
2.000000
2.000000
2.000000
2.000000
2.000000
2.000000
2.000000
2.000000
2.000000
2.000000
