2.148039
2.087689
2.051821
2.051821
2.087689
2.148039
2.225415
2.309719
2.395026
2.472930
2.539335
2.587757
2.616096
2.619912
2.599176
2.551518
2.478957
2.381110
2.261903
2.122736
1.969164
1.804008
1.634003
1.462832
1.297708
1.142294
1.003179
0.882631
0.784997
0.709399
0.656499
0.621701
0.602866
0.593922
0.592786
0.594365
0.598044
0.600169
0.601369
0.598972
0.594355
0.585540
0.574590
0.560525
0.546744
0.534408
0.529710
0.537540
0.567576
0.626827
0.723267
0.858521
1.033145
1.242197
1.481488
1.743172
2.021446
2.307739
2.596104
2.878254
3.148842
3.400438
3.628763
3.827630
3.994152
4.123657
4.214864
4.264780
4.273844
4.240800
4.167821
4.055348
3.907197
3.725375
3.515155
3.279885
3.026032
2.757974
2.483024
2.206201
1.935225
1.675253
1.433814
1.215464
1.026561
0.869716
0.748261
0.660529
0.604470
0.573084
0.560552
0.558970
0.563935
0.570438
0.577068
0.581780
0.585604
0.588941
0.594994
0.606548
0.628853
0.666446
0.725005
0.808049
0.918419
1.055909
1.219450
1.405563
1.610703
1.829745
2.058142
2.290280
2.521504
2.746394
2.960719
3.159679
3.339814
3.497228
3.629466
3.733717
3.808673
3.852715
3.865744
3.847353
3.798644
3.720373
3.614759
3.483609
3.330110
3.156947
2.968076
2.766831
2.557684
2.344342
2.131493
1.922888
1.723058
1.535384
1.363764
1.210648
1.078645
0.968547
0.880933
0.814370
0.767233
0.736374
0.719186
0.712561
0.714698
0.723963
0.740202
0.763506
0.795124
0.836254
0.888673
0.953626
1.032347
1.125162
1.232075
1.352125
1.484060
1.625838
1.775323
1.929826
2.086775
2.243249
2.396615
2.544046
2.683133
2.811385
2.926818
3.027448
3.111856
3.178671
3.227119
3.256500
3.266717
3.257747
3.230156
3.184559
3.122131
3.044053
2.952013
2.847652
2.733053
2.610180
2.481365
2.348740
2.214721
2.081435
1.951197
1.825945
1.707703
1.598024
1.498451
1.409980
1.333527
1.269436
1.217961
1.178848
1.151837
1.136303
1.131746
1.137462
1.152959
1.177627
1.211067
1.252752
1.302303
1.359156
1.422817
1.492568
1.567709
1.647314
1.730467
1.816055
1.903004
1.990086
2.076158
2.159979
2.240437
2.316373
2.386802
2.450733
2.507383
2.555996
2.596044
2.627051
2.648778
2.661047
2.663918
2.657509
2.642168
2.618289
2.586478
2.547363
2.501761
2.450486
2.394504
2.334749
2.272272
2.208056
2.143162
2.078551
2.015223
1.954044
1.895887
1.841465
1.791470
1.746417
1.706783
1.672867
1.644924
1.623040
1.607265
1.597501
1.593630
1.595408
1.602588
1.614821
1.631767
1.653004
1.678123
1.706648
1.738125
1.772042
1.807911
1.845201
1.883409
1.922002
1.960485
1.998345
2.035115
2.070328
2.103571
2.134442
2.162603
2.187742
2.209612
2.228001
2.242770
2.253815
2.261105
2.264649
2.264524
2.260843
2.253781
2.243545
2.230394
2.214608
2.196513
2.176441
2.154758
2.131827
2.108029
2.083733
2.059310
2.035111
2.011476
1.988717
1.967124
1.946952
1.928427
1.911739
1.897043
1.884455
1.874057
1.865894
1.859978
1.856289
1.854773
1.855354
1.857926
1.862366
1.868525
1.876247
1.885353
1.895663
1.906979
1.919112
1.931855
1.945017
1.958396
1.971808
1.985064
1.997999
2.010442
2.022253
2.033288
2.043439
2.052594
2.060679
2.067616
2.073370
2.077898
2.081200
2.083271
2.084146
2.083851
2.082452
2.080003
2.076596
2.072307
2.067248
2.061509
2.055215
2.048465
2.041386
2.034080
2.026673
2.019258
2.011955
2.004845
1.998034
1.991587
1.985593
1.980098
1.975170
1.970833
1.967136
1.964082
1.961698
1.959967
1.958898
1.958454
1.958629
1.959371
1.960659
1.962429
1.964651
1.967253
1.970198
1.973409
1.976847
1.980435
1.984133
1.987866
1.991600
1.995263
1.998828
2.002230
2.005450
2.008433
2.011168
2.013611
2.015762
2.017585
2.019093
2.020259
2.021104
2.021614
2.021818
2.021708
2.021322
2.020660
2.019765
2.018640
2.017335
2.015856
2.014253
2.012534
2.010750
2.008908
2.007059
2.005207
2.003400
2.001638
1.999966
1.998379
1.996919
1.995575
1.994382
1.993328
1.992440
1.991699
1.991131
1.990711
1.990459
1.990346
1.990390
1.990557
1.990861
1.991268
1.991789
1.992386
1.993070
1.993805
1.994598
1.995413
1.996260
1.997103
1.997952
1.998772
1.999577
2.000333
2.001054
2.001711
2.002320
2.002853
2.003328
2.003721
2.004053
2.004300
2.004486
2.004589
2.004636
2.004607
2.004528
2.004381
2.004195
2.003953
2.003682
2.003367
2.003037
2.002675
2.002310
2.001925
2.001549
2.001165
2.000800
2.000437
2.000103
1.999777
1.999487
1.999213
1.998978
1.998763
1.998590
1.998438
1.998329
1.998241
1.998195
1.998167
1.998179
1.998205
1.998267
1.998339
1.998441
1.998550
1.998683
1.998816
1.998969
1.999117
1.999279
1.999431
1.999592
1.999739
1.999892
2.000026
2.000162
2.000277
2.000392
2.000484
2.000574
2.000641
2.000704
2.000744
2.000782
2.000796
2.000809
2.000800
2.000790
2.000761
2.000732
2.000687
2.000644
2.000586
2.000534
2.000468
2.000410
2.000341
2.000281
2.000212
2.000155
2.000090
2.000038
1.999980
1.999936
1.999887
1.999852
1.999812
1.999788
1.999759
1.999745
1.999726
1.999722
1.999714
1.999719
1.999719
1.999732
1.999740
1.999759
1.999772
1.999796
1.999813
1.999840
1.999859
1.999887
1.999907
1.999935
1.999954
1.999980
1.999997
2.000021
2.000035
2.000055
2.000065
2.000082
2.000089
2.000101
2.000104
2.000113
2.000112
2.000117
2.000112
2.000114
2.000107
2.000106
2.000097
2.000094
2.000082
2.000078
2.000066
2.000061
2.000048
2.000043
2.000030
2.000025
2.000014
2.000009
1.999999
1.999995
1.999986
1.999984
1.999976
1.999975
1.999968
1.999969
1.999964
1.999966
1.999962
1.999966
1.999963
1.999967
1.999965
1.999970
1.999969
1.999975
1.999975
1.999981
1.999980
1.999986
1.999986
1.999992
1.999992
1.999998
1.999998
2.000003
2.000002
2.000007
2.000006
2.000011
2.000009
2.000013
2.000011
2.000014
2.000012
2.000015
2.000012
2.000014
2.000011
2.000014
2.000010
2.000012
2.000009
2.000010
2.000007
2.000008
2.000005
2.000006
2.000003
2.000004
2.000001
2.000002
1.999999
2.000001
1.999998
1.999999
1.999997
1.999998
1.999996
1.999998
1.999995
1.999997
1.999995
1.999997
1.999995
1.999997
1.999995
1.999998
1.999996
1.999998
1.999996
1.999999
1.999997
1.999999
1.999998
2.000000
1.999998
2.000001
1.999999
2.000001
1.999999
2.000001
2.000000
2.000002
2.000000
2.000002
2.000000
2.000002
2.000000
2.000002
2.000000
2.000002
2.000000
2.000002
2.000000
2.000002
2.000000
2.000002
2.000000
2.000001
2.000000
2.000001
2.000000
2.000001
1.999999
2.000001
1.999999
2.000001
1.999999
2.000001
1.999999
2.000000
1.999999
2.000000
1.999999
2.000000
1.999999
2.000000
1.999999
2.000000
1.999999
2.000000
1.999999
2.000000
1.999999
2.000000
1.999999
2.000000
1.999999
2.000001
1.999999
2.000001
1.999999
2.000001
1.999999
2.000001
1.999999
2.000001
2.000000
2.000001
2.000000
2.000001
2.000000
2.000001
2.000000
2.000001
2.000000
2.000001
2.000000
2.000001
2.000000
2.000001
2.000000
2.000001
2.000000
2.000001
2.000000
2.000000
2.000000
2.000000
2.000000
2.000000
2.000000
2.000000
2.000000
2.000000
2.000000
2.000000
2.000000
2.000000
2.000000
2.000000
2.000000
2.000000
2.000000
2.000000
2.000000
2.000000
2.000000
2.000000
2.000000
2.000000
2.000000
2.000000
2.000000
2.000000
2.000000
2.000000
2.000000
2.000000
2.000000
2.000000
2.000000
2.000000
2.000000
2.000000
2.000000
2.000000
2.000000
2.000000
2.000000
2.000000
2.000000
2.000000
2.000000
2.000000
2.000000
2.000000
2.000000
2.000000
2.000000
2.000000
2.000000
2.000000
2.000000
2.000000
2.000000
2.000000
2.000000
2.000000
2.000000
2.000000
2.000000
2.000000
2.000000
2.000000
2.000000
2.000000
2.000000
2.000000
2.000000
2.000000
2.000000
2.000000
2.000000
2.000000
2.000000
2.000000
2.000000
2.000000
2.000000
2.000000
2.000000
2.000000
2.000000
2.000000
2.000000
2.000000
2.000000
2.000000
2.000000
2.000000
2.000000
2.000000
2.000000
2.000000
2.000000
2.000000
2.000000
2.000000
2.000000
2.000000
2.000000
2.000000
2.000000
2.000000
2.000000
2.000000
2.000000
2.000000
2.000000
2.000000
2.000000
2.000000
2.000000
2.000000
2.000000
2.000000
2.000000
2.000000
2.000000
2.000000
2.000000
2.000000
2.000000
2.000000
2.000000
2.000000
2.000000
2.000000
2.000000
2.000000
2.000000
2.000000
2.000000
2.000000
2.000000
2.000000
2.000000
2.000000
2.000000
2.000000
2.000000
2.000000
2.000000
2.000000
2.000000
2.000000
2.000000
2.000000
2.000000
2.000000
2.000000
2.000000
2.000000
2.000000
2.000000
2.000000
2.000000
2.000000
2.000000
2.000000
2.000000
2.000000
2.000000
2.000000
2.000000
2.000000
2.000000
2.000000
2.000000
2.000000
2.000000
2.000000
2.000000
2.000000
2.000000
2.000000
2.000000
2.000000
2.000000
2.000000
2.000000
2.000000
2.000000
2.000000
2.000000
2.000000
2.000000
2.000000
2.000000
2.000000
2.000000
2.000000
2.000000
2.000000
2.000000
2.000000
2.000000
2.000000
2.000000
2.000000
2.000000
2.000000
2.000000
2.000000
2.000000
2.000000
2.000000
2.000000
2.000000
2.000000
2.000000
2.000000
2.000000
2.000000
2.000000
2.000000
2.000000
2.000000
2.000000
2.000000
2.000000
2.000000
2.000000
2.000000
2.000000
2.000000
2.000000
2.000000
2.000000
2.000000
2.000000
2.000000
2.000000
2.000000
2.000000
2.000000
2.000000
2.000000
2.000000
2.000000
2.000000
2.000000
2.000000
2.000000
2.000000
2.000000
2.000000
2.000000
2.000000
2.000000
1.999999
1.999999
1.999999
1.999999
1.999999
1.999999
1.999998
1.999998
1.999998
1.999998
1.999997
1.999997
1.999997
1.999997
1.999997
1.999997
