2.175968
2.098160
2.051686
2.051686
2.098160
2.175968
2.277895
2.390519
2.508590
2.620809
2.724097
2.809369
2.875749
2.916371
2.932546
2.919570
2.880854
2.813728
2.723518
2.609344
2.478140
2.330439
2.174321
2.011184
1.849593
1.691044
1.543682
1.408090
1.290862
1.190568
1.111259
1.048926
1.005048
0.973788
0.955313
0.943580
0.938867
0.936056
0.936144
0.935203
0.934945
0.932561
0.930412
0.926862
0.925096
0.924973
0.930872
0.944471
0.971375
1.014537
1.079464
1.168193
1.283632
1.424601
1.590240
1.776078
1.978487
2.191101
2.409080
2.625530
2.835568
3.032705
3.212774
3.370283
3.502262
3.604590
3.675789
3.713327
3.717364
3.687041
3.624182
3.529564
3.406582
3.257497
3.087069
2.898781
2.698425
2.490317
2.280817
2.074515
1.877674
1.694373
1.529823
1.386504
1.267376
1.172191
1.100803
1.050063
1.017394
0.998305
0.989770
0.987917
0.990731
0.995818
1.002503
1.009857
1.018382
1.028408
1.041431
1.058854
1.082963
1.115895
1.160209
1.218001
1.291143
1.380610
1.486632
1.608374
1.744168
1.891493
2.047255
2.207895
2.369631
2.528579
2.680932
2.823058
2.951619
3.063644
3.156600
3.228446
3.277660
3.303277
3.304888
3.282651
3.237269
3.169985
3.082527
2.977095
2.856277
2.723025
2.580538
2.432230
2.281584
2.132102
1.987127
1.849783
1.722771
1.608321
1.507982
1.422659
1.352459
1.296888
1.254803
1.224785
1.205113
1.194219
1.190547
1.192995
1.200605
1.212979
1.229834
1.251419
1.277970
1.310149
1.348425
1.393539
1.445846
1.505814
1.573356
1.648392
1.730208
1.818076
1.910653
2.006655
2.104273
2.201880
2.297450
2.389269
2.475347
2.554128
2.623877
2.683388
2.731348
2.767033
2.789660
2.799063
2.795031
2.777976
2.748250
2.706805
2.654498
2.592738
2.522777
2.446354
2.364973
2.280536
2.194620
2.109104
2.025441
1.945290
1.869793
1.800217
1.737250
1.681669
1.633658
1.593509
1.560971
1.535967
1.517972
1.506724
1.501605
1.502337
1.508347
1.519439
1.535141
1.555355
1.579691
1.608102
1.640215
1.675961
1.714912
1.756907
1.801406
1.848117
1.896366
1.945728
1.995412
2.044893
2.093312
2.140105
2.184410
2.225696
2.263171
2.296404
2.324740
2.347910
2.365440
2.377263
2.383122
2.383168
2.377366
2.366083
2.349495
2.328160
2.302427
2.273006
2.240370
2.205323
2.168402
2.130439
2.091971
2.053797
2.016391
1.980459
1.946367
1.914690
1.885651
1.859674
1.836837
1.817416
1.801353
1.788799
1.779590
1.773779
1.771126
1.771621
1.774977
1.781139
1.789791
1.800853
1.813987
1.829091
1.845813
1.864028
1.883370
1.903696
1.924625
1.946000
1.967436
1.988768
2.009616
2.029823
2.049026
2.067090
2.083688
2.098724
2.111919
2.123229
2.132438
2.139566
2.144463
2.147220
2.147760
2.146239
2.142649
2.137207
2.129965
2.121191
2.110979
2.099634
2.087279
2.074234
2.060636
2.046802
2.032863
2.019119
2.005681
1.992818
1.980608
1.969280
1.958874
1.949576
1.941381
1.934430
1.928680
1.924229
1.920996
1.919042
1.918257
1.918668
1.920139
1.922676
1.926122
1.930463
1.935531
1.941298
1.947588
1.954365
1.961452
1.968808
1.976259
1.983768
1.991166
1.998422
2.005381
2.012021
2.018202
2.023918
2.029049
2.033604
2.037485
2.040721
2.043236
2.045079
2.046196
2.046656
2.046425
2.045590
2.044134
2.042158
2.039662
2.036755
2.033448
2.029855
2.025994
2.021979
2.017828
2.013655
2.009475
2.005392
2.001416
1.997643
1.994073
1.990789
1.987781
1.985120
1.982784
1.980831
1.979228
1.978021
1.977165
1.976695
1.976559
1.976779
1.977297
1.978127
1.979207
1.980543
1.982070
1.983791
1.985639
1.987615
1.989652
1.991751
1.993848
1.995945
1.997983
1.999966
2.001838
2.003610
2.005231
2.006716
2.008022
2.009166
2.010115
2.010890
2.011464
2.011864
2.012068
2.012108
2.011967
2.011681
2.011237
2.010673
2.009980
2.009198
2.008320
2.007385
2.006389
2.005369
2.004321
2.003281
2.002244
2.001244
2.000274
1.999365
1.998507
1.997730
1.997020
1.996402
1.995862
1.995421
1.995063
1.994804
1.994626
1.994544
1.994537
1.994616
1.994761
1.994980
1.995252
1.995584
1.995954
1.996368
1.996803
1.997268
1.997738
1.998222
1.998698
1.999172
1.999626
2.000066
2.000474
2.000860
2.001206
2.001522
2.001793
2.002030
2.002219
2.002373
2.002480
2.002551
2.002578
2.002572
2.002527
2.002454
2.002347
2.002218
2.002062
2.001891
2.001700
2.001502
2.001290
2.001078
2.000861
2.000648
2.000437
2.000236
2.000042
1.999862
1.999693
1.999543
1.999406
1.999289
1.999187
1.999107
1.999041
1.998997
1.998968
1.998958
1.998961
1.998982
1.999014
1.999061
1.999116
1.999183
1.999256
1.999337
1.999420
1.999509
1.999597
1.999688
1.999775
1.999863
1.999945
2.000025
2.000097
2.000166
2.000226
2.000281
2.000326
2.000367
2.000397
2.000422
2.000438
2.000448
2.000450
2.000447
2.000436
2.000422
2.000401
2.000377
2.000349
2.000318
2.000284
2.000250
2.000213
2.000177
2.000140
2.000105
2.000070
2.000037
2.000005
1.999976
1.999949
1.999925
1.999903
1.999885
1.999869
1.999858
1.999848
1.999842
1.999838
1.999838
1.999839
1.999843
1.999848
1.999857
1.999866
1.999877
1.999888
1.999901
1.999914
1.999928
1.999941
1.999955
1.999968
1.999982
1.999994
2.000006
2.000016
2.000026
2.000034
2.000042
2.000048
2.000054
2.000058
2.000061
2.000063
2.000064
2.000064
2.000063
2.000062
2.000059
2.000056
2.000053
2.000048
2.000044
2.000039
2.000034
2.000029
2.000024
2.000019
2.000014
2.000009
2.000005
2.000000
1.999997
1.999993
1.999990
1.999987
1.999985
1.999983
1.999982
1.999980
1.999980
1.999979
1.999979
1.999980
1.999980
1.999981
1.999982
1.999983
1.999985
1.999986
1.999988
1.999990
1.999991
1.999993
1.999995
1.999996
1.999998
1.999999
2.000001
2.000002
2.000003
2.000004
2.000005
2.000006
2.000007
2.000007
2.000007
2.000007
2.000008
2.000007
2.000007
2.000007
2.000007
2.000006
2.000006
2.000005
2.000005
2.000004
2.000004
2.000003
2.000003
2.000002
2.000002
2.000001
2.000000
2.000000
2.000000
1.999999
1.999999
1.999999
1.999998
1.999998
1.999998
1.999998
1.999998
1.999998
1.999998
1.999998
1.999998
1.999998
1.999998
1.999998
1.999998
1.999999
1.999999
1.999999
1.999999
1.999999
2.000000
2.000000
2.000000
2.000000
2.000000
2.000000
2.000000
2.000000
2.000001
2.000001
2.000001
2.000001
2.000001
2.000001
2.000001
2.000001
2.000001
2.000001
2.000001
2.000001
2.000001
2.000000
2.000000
2.000000
2.000000
2.000000
2.000000
2.000000
2.000000
2.000000
2.000000
2.000000
2.000000
2.000000
2.000000
2.000000
2.000000
2.000000
2.000000
2.000000
2.000000
2.000000
2.000000
2.000000
2.000000
2.000000
2.000000
2.000000
2.000000
2.000000
2.000000
2.000000
2.000000
2.000000
2.000000
2.000000
2.000000
2.000000
2.000000
2.000000
2.000000
2.000000
2.000000
2.000000
2.000000
2.000000
2.000000
2.000000
2.000000
2.000000
2.000000
2.000000
2.000000
2.000000
2.000000
2.000000
2.000000
2.000000
2.000000
2.000000
2.000000
2.000000
2.000000
2.000000
2.000000
2.000000
2.000000
2.000000
2.000000
2.000000
2.000000
2.000000
2.000000
2.000000
2.000000
2.000000
2.000000
2.000000
2.000000
2.000000
2.000000
2.000000
2.000000
2.000000
2.000000
2.000000
2.000000
2.000000
2.000000
2.000000
2.000000
2.000000
2.000000
2.000000
2.000000
2.000000
2.000000
2.000000
2.000000
2.000000
2.000000
2.000000
2.000000
2.000000
2.000000
2.000000
2.000000
2.000000
2.000000
2.000000
2.000000
2.000000
2.000000
2.000000
2.000000
2.000000
2.000000
2.000000
2.000000
2.000000
2.000000
2.000000
2.000000
2.000000
2.000000
2.000000
2.000000
2.000000
2.000000
2.000000
2.000000
2.000000
2.000000
2.000000
2.000000
2.000000
2.000000
2.000000
2.000000
2.000000
2.000000
2.000000
2.000000
2.000000
2.000000
2.000000
2.000000
2.000000
2.000000
2.000000
2.000000
2.000000
2.000000
2.000000
2.000000
2.000000
2.000000
2.000000
2.000000
2.000000
2.000000
2.000000
2.000000
2.000000
2.000000
2.000000
2.000000
2.000000
2.000000
2.000000
2.000000
2.000000
2.000000
2.000000
2.000000
2.000000
2.000000
2.000000
2.000000
2.000000
2.000000
2.000000
2.000000
2.000000
2.000000
2.000000
2.000000
2.000000
2.000000
2.000000
2.000000
2.000000
2.000000
2.000000
2.000000
2.000000
2.000000
2.000000
2.000000
2.000000
2.000000
2.000000
2.000000
2.000000
2.000000
2.000000
2.000000
2.000000
2.000000
2.000000
2.000000
2.000000
2.000000
2.000000
2.000000
2.000000
2.000000
2.000000
2.000000
2.000000
2.000000
2.000000
2.000000
2.000000
2.000000
2.000000
2.000000
2.000000
2.000000
2.000000
2.000000
2.000000
2.000000
2.000000
2.000000
2.000000
2.000000
2.000000
2.000000
2.000000
2.000000
2.000000
2.000000
2.000000
2.000000
2.000000
2.000000
2.000000
2.000000
2.000000
2.000000
2.000000
2.000000
2.000000
2.000000
2.000000
2.000000
2.000000
2.000000
2.000000
2.000000
2.000000
2.000000
2.000000
2.000000
2.000000
2.000000
2.000000
2.000000
2.000000
2.000000
2.000000
2.000000
2.000000
2.000000
2.000000
2.000000
2.000000
2.000000
2.000000
2.000000
2.000000
2.000000
2.000000
2.000000
2.000000
2.000000
2.000000
2.000000
2.000000
2.000000
2.000000
2.000000
2.000000
2.000000
2.000000
2.000000
2.000000
2.000000
2.000000
2.000000
2.000000
2.000000
2.000000
2.000000
2.000000
2.000000
2.000000
2.000000
2.000000
2.000000
2.000000
2.000000
2.000000
2.000000
2.000000
2.000000
2.000000
2.000000
2.000000
2.000000
2.000000
2.000000
2.000000
2.000000
2.000000
2.000000
2.000000
2.000000
2.000000
2.000000
2.000000
2.000000
2.000000
2.000000
2.000000
2.000000
